       real :: coarsesnow(965) = (/96.0980,96.2900,96.4230,96.5490,96.7270,96.8430,96.9870,97.1520, &
      &          97.2650,97.4450,97.5050,97.8490,97.9080,97.8730,97.7810,97.7360, &
      &          97.6340,97.5820,97.5280,97.4620,97.2960,97.1630,97.1230,97.0590, &
      &          96.8980,96.7230,96.3570,95.5080,95.6910,95.2990,94.9000,94.5670, &
      &          94.2170,93.6110,93.6190,93.1990,92.5050,92.0360,91.5250,91.2130, &
      &          90.6720,89.9820,89.1350,88.1980,87.0520,86.4820,85.8460,85.2430, &
      &          85.2360,82.8540,79.3290,77.3930,76.2460,74.9770,71.6990,67.0850, &
      &          60.8970,57.4940,57.1240,60.0210,62.2260,62.7290,61.9590,59.0470, &
      &          54.5580,47.3760,41.5390,34.0440,31.5480,30.3300,30.5110,30.8370, &
      &          31.1360,31.2110,30.2540,28.7190,25.1350,11.2590,2.3120,1.0520, &
      &          0.6190,0.5090,0.5610,0.6340,0.8010,1.0100,1.1870,1.4250, &
      &          1.8840,2.4420,3.0950,3.7230,4.2260,4.7940,5.3750,6.1670, &
      &          7.0920,8.1850,9.2150,7.5990,3.0310,1.2170,0.5350,0.3380, &
      &          0.2420,0.2040,0.2000,0.2070,0.2260,0.2610,0.3140,0.4210, &
      &          0.6530,1.0260,1.4710,1.9870,2.6210,3.3170,3.6960,3.6770, &
      &          3.5800,3.3610,3.0840,2.7980,2.5400,2.3020,2.1370,2.0200, &
      &          1.9140,1.8110,1.7500,1.7000,1.6820,1.6370,1.6010,1.6030, &
      &          1.5740,1.5560,1.5080,1.4980,1.4850,1.4660,1.4530,1.4370, &
      &          1.3800,1.3590,1.3670,1.3510,1.3070,1.3150,1.3290,1.2940, &
      &          1.3010,1.2920,1.2700,1.2390,1.2150,1.1570,1.1370,1.0880, &
      &          1.0650,1.0010,0.9250,0.8920,0.8090,0.7620,0.7060,0.6460, &
      &          0.6050,0.5840,0.5840,0.5250,0.4850,0.4820,0.4300,0.4150, &
      &          0.4000,0.3990,0.3940,0.4130,0.4420,0.4660,0.5250,0.6480, &
      &          0.7990,0.9970,1.1950,1.4360,1.7020,1.9030,2.0990,2.2790, &
      &          2.4280,2.6390,2.8780,3.2290,3.6490,4.1500,4.6890,5.3580, &
      &          5.9130,6.4650,6.7620,6.8220,6.6880,6.3590,6.0790,5.8940, &
      &          5.7770,5.7110,5.6730,5.6280,5.5760,5.4410,5.3060,5.0970, &
      &          4.8930,4.6840,4.4740,4.3040,4.1440,3.9930,3.8770,3.7490, &
      &          3.6490,3.5630,3.4740,3.3850,3.3020,3.2380,3.2010,3.1450, &
      &          3.0470,2.9840,2.9590,2.9320,2.8880,2.8330,2.7710,2.7260, &
      &          2.7030,2.6570,2.6100,2.5860,2.5670,2.5300,2.4780,2.4840, &
      &          2.4590,2.4290,2.4070,2.3850,2.3810,2.3670,2.3480,2.3140, &
      &          2.2960,2.3010,2.2700,2.2490,2.2400,2.2150,2.2070,2.1990, &
      &          2.1840,2.1490,2.1610,2.1580,2.1240,2.1190,2.1150,2.0950, &
      &          2.0830,2.0800,2.0720,2.0540,2.0460,2.0490,2.0530,2.0370, &
      &          2.0050,2.0050,2.0090,1.9850,1.9670,1.9620,1.9640,1.9610, &
      &          1.9600,1.9560,1.9350,1.9280,1.9290,1.9230,1.9240,1.9160, &
      &          1.9020,1.9000,1.8830,1.8570,1.8670,1.8880,1.8740,1.8520, &
      &          1.8570,1.8600,1.8480,1.8440,1.8440,1.8340,1.8330,1.8320, &
      &          1.8230,1.8330,1.8350,1.8120,1.7980,1.8020,1.8090,1.8040, &
      &          1.8010,1.7990,1.7940,1.7950,1.8000,1.7930,1.7810,1.7830, &
      &          1.7940,1.7940,1.7850,1.7820,1.7790,1.7830,1.7910,1.7960, &
      &          1.7980,1.7830,1.7810,1.8070,1.8270,1.8230,1.8150,1.8170, &
      &          1.8190,1.8160,1.8190,1.8280,1.8320,1.8340,1.8400,1.8420, &
      &          1.8410,1.8420,1.8430,1.8510,1.8640,1.8700,1.8700,1.8640, &
      &          1.8570,1.8520,1.8490,1.8490,1.8510,1.8480,1.8370,1.8250, &
      &          1.8230,1.8230,1.8150,1.8110,1.8190,1.8290,1.8220,1.8090, &
      &          1.8030,1.8010,1.7990,1.7970,1.7950,1.7920,1.7880,1.7870, &
      &          1.7880,1.7850,1.7800,1.7810,1.7860,1.7840,1.7740,1.7640, &
      &          1.7540,1.7450,1.7420,1.7430,1.7470,1.7490,1.7440,1.7360, &
      &          1.7330,1.7330,1.7300,1.7210,1.7080,1.7010,1.7060,1.7150, &
      &          1.7100,1.6950,1.6830,1.6830,1.6840,1.6770,1.6630,1.6550, &
      &          1.6510,1.6510,1.6530,1.6560,1.6580,1.6530,1.6460,1.6440, &
      &          1.6440,1.6400,1.6270,1.6190,1.6260,1.6360,1.6430,1.6390, &
      &          1.6260,1.6110,1.6010,1.5920,1.5860,1.5840,1.5800,1.5730, &
      &          1.5650,1.5600,1.5570,1.5580,1.5670,1.5740,1.5710,1.5530, &
      &          1.5360,1.5320,1.5360,1.5390,1.5360,1.5280,1.5170,1.5120, &
      &          1.5140,1.5180,1.5150,1.5040,1.4940,1.4920,1.4940,1.4890, &
      &          1.4740,1.4590,1.4550,1.4630,1.4700,1.4680,1.4620,1.4600, &
      &          1.4640,1.4730,1.4820,1.4830,1.4770,1.4720,1.4710,1.4730, &
      &          1.4700,1.4620,1.4490,1.4370,1.4350,1.4400,1.4520,1.4610, &
      &          1.4640,1.4660,1.4710,1.4820,1.4940,1.4990,1.4970,1.4940, &
      &          1.4940,1.4950,1.4970,1.4980,1.5050,1.5200,1.5370,1.5500, &
      &          1.5560,1.5570,1.5550,1.5540,1.5510,1.5490,1.5500,1.5540, &
      &          1.5590,1.5660,1.5710,1.5740,1.5750,1.5740,1.5710,1.5700, &
      &          1.5750,1.5830,1.5970,1.6070,1.6080,1.6050,1.6020,1.6020, &
      &          1.6050,1.6130,1.6200,1.6220,1.6170,1.6060,1.5980,1.5940, &
      &          1.6020,1.6240,1.6410,1.6550,1.6640,1.6640,1.6630,1.6640, &
      &          1.6650,1.6650,1.6610,1.6570,1.6540,1.6540,1.6610,1.6690, &
      &          1.6770,1.6820,1.6840,1.6810,1.6780,1.6770,1.6780,1.6820, &
      &          1.6870,1.6900,1.6920,1.6950,1.6990,1.7030,1.7040,1.6990, &
      &          1.6930,1.6870,1.6820,1.6780,1.6740,1.6690,1.6640,1.6600, &
      &          1.6580,1.6570,1.6600,1.6650,1.6730,1.6810,1.6900,1.6920, &
      &          1.6900,1.6870,1.6830,1.6810,1.6800,1.6800,1.6820,1.6860, &
      &          1.6890,1.6930,1.6950,1.6950,1.6930,1.6900,1.6890,1.6890, &
      &          1.6890,1.6870,1.6820,1.6760,1.6690,1.6640,1.6620,1.6640, &
      &          1.6680,1.6730,1.6750,1.6740,1.6710,1.6660,1.6610,1.6580, &
      &          1.6550,1.6520,1.6490,1.6470,1.6470,1.6470,1.6460,1.6430, &
      &          1.6390,1.6330,1.6260,1.6210,1.6170,1.6150,1.6140,1.6140, &
      &          1.6160,1.6190,1.6250,1.6290,1.6300,1.6250,1.6140,1.5980, &
      &          1.5800,1.5670,1.5620,1.5660,1.5770,1.5900,1.5990,1.6010, &
      &          1.5960,1.5850,1.5730,1.5620,1.5550,1.5520,1.5530,1.5550, &
      &          1.5580,1.5590,1.5570,1.5530,1.5490,1.5460,1.5440,1.5450, &
      &          1.5460,1.5470,1.5470,1.5460,1.5460,1.5450,1.5450,1.5440, &
      &          1.5430,1.5380,1.5330,1.5260,1.5220,1.5200,1.5230,1.5280, &
      &          1.5320,1.5340,1.5330,1.5310,1.5290,1.5300,1.5330,1.5360, &
      &          1.5390,1.5390,1.5380,1.5360,1.5330,1.5290,1.5260,1.5240, &
      &          1.5250,1.5300,1.5370,1.5450,1.5510,1.5530,1.5500,1.5450, &
      &          1.5390,1.5320,1.5250,1.5180,1.5120,1.5090,1.5100,1.5140, &
      &          1.5190,1.5240,1.5260,1.5260,1.5250,1.5230,1.5240,1.5260, &
      &          1.5280,1.5270,1.5210,1.5110,1.4970,1.4830,1.4720,1.4660, &
      &          1.4650,1.4680,1.4740,1.4800,1.4850,1.4880,1.4900,1.4900, &
      &          1.4900,1.4900,1.4880,1.4850,1.4790,1.4720,1.4660,1.4620, &
      &          1.4620,1.4650,1.4710,1.4750,1.4730,1.4660,1.4560,1.4480, &
      &          1.4460,1.4510,1.4620,1.4700,1.4700,1.4610,1.4450,1.4260, &
      &          1.4110,1.4050,1.4060,1.4120,1.4180,1.4230,1.4230,1.4210, &
      &          1.4180,1.4140,1.4090,1.4040,1.3970,1.3900,1.3840,1.3790, &
      &          1.3740,1.3690,1.3610,1.3510,1.3420,1.3330,1.3270,1.3230, &
      &          1.3210,1.3160,1.3080,1.2980,1.2830,1.2660,1.2470,1.2300, &
      &          1.2160,1.2090,1.2070,1.2110,1.2160,1.2170,1.2110,1.2000, &
      &          1.1820,1.1610,1.1390,1.1170,1.0970,1.0790,1.0630,1.0490, &
      &          1.0380,1.0280,1.0190,1.0080,0.9950,0.9810,0.9660,0.9530, &
      &          0.9430,0.9340,0.9280,0.9220,0.9190,0.9150,0.9090,0.9000, &
      &          0.8860,0.8660,0.8400,0.8130,0.7900,0.7760,0.7710,0.7730, &
      &          0.7780,0.7790,0.7760,0.7680,0.7580,0.7520,0.7520,0.7560, &
      &          0.7630,0.7730,0.7870,0.8020,0.8210,0.8450,0.8730,0.9050, &
      &          0.9410,0.9840,1.0310,1.0810,1.1290,1.1760,1.2210,1.2650, &
      &          1.3120,1.3630,1.4180,1.4750,1.5310,1.5880,1.6460,1.7070, &
      &          1.7710,1.8370,1.9030,1.9660,2.0250,2.0820,2.1390,2.1980, &
      &          2.2590,2.3200,2.3810,2.4400,2.4950,2.5490,2.6030,2.6580, &
      &          2.7140,2.7720,2.8310,2.8910,2.9500,3.0030,3.0490,3.0880, &
      &          3.1210,3.1510,3.1840,3.2200,3.2600,3.3040,3.3480,3.3930, &
      &          3.4370,3.4820,3.5280,3.5770,3.6290,3.6840,3.7400,3.7950, &
      &          3.8480,3.8950,3.9400,3.9830,4.0240,4.0640,4.1060,4.1460, &
      &          4.1840,4.2180,4.2480,4.2750,4.2960,4.3130,4.3300,4.3470, &
      &          4.3670,4.3890,4.4130,4.4390,4.4630,4.4850,4.5050,4.5230, &
      &          4.5360,4.5420,4.5400,4.5330,4.5250,4.5190,4.5170,4.5200, &
      &          4.5230,4.5240,4.5230,4.5190,4.5110,4.5000,4.4850,4.4660, &
      &          4.4440,4.4260,4.4210,4.4280,4.4450,4.4640,4.4760,4.4770, &
      &          4.4660,4.4490,4.4310,4.4120,4.3870,4.3540,4.3120,4.2670, &
      &          4.2260,4.1950,4.1810,4.1740,4.1600 /)
