clearice:	0.178007
coarsesnow:	0.128797
finesnow:	0.128797
frost:	0.128797
mediumsnow:	0.257594
tapwater:	0.178007
       real :: seaicemin(965) = (/63.7459,63.7962,63.8629,63.9090,63.9898,64.0206,64.0690,64.1688, &
      &          64.1908,64.2744,64.3040,64.3929,64.4386,64.4695,64.3755,64.3721, &
      &          64.3357,64.2716,64.2458,64.2076,64.1502,64.1613,64.1232,64.0723, &
      &          64.0291,63.9395,63.7998,63.6190,63.5435,63.4041,63.2457,63.0128, &
      &          62.9633,62.8124,62.7433,62.5559,62.2845,62.1457,61.8867,61.8023, &
      &          61.5875,61.2805,60.9404,60.6296,60.2526,59.8451,59.6756,59.5024, &
      &          59.4280,58.5064,57.0284,56.2612,55.9035,55.3156,53.8720,51.9297, &
      &          49.6265,47.8200,47.4389,48.9634,49.5397,50.0611,49.7958,48.5200, &
      &          46.3701,43.0261,39.2040,35.8297,34.6882,34.2948,34.3201,34.2642, &
      &          34.4391,34.6857,34.1610,33.4088,31.4281,21.3286,10.1373,7.2883, &
      &          5.7344,5.0203,5.3262,5.4344,6.3685,7.2587,7.7686,7.9174, &
      &          9.8405,10.5407,12.0320,13.0747,13.7491,14.1876,15.3945,15.8469, &
      &          17.3425,18.0998,19.5073,17.7263,11.8252,7.6498,5.1007,3.9340, &
      &          3.0811,2.7252,2.6027,2.7530,3.0250,3.2771,3.7756,4.5416, &
      &          5.6693,7.2197,8.5062,9.5847,11.1935,12.4539,12.9459,12.8440, &
      &          12.5479,12.0235,11.3066,10.5397,9.8322,9.1873,8.5836,8.1076, &
      &          7.6999,7.3741,7.1438,6.9506,6.8036,6.6883,6.5810,6.4908, &
      &          6.3821,6.2745,6.1804,6.0697,5.9606,5.8453,5.7475,5.6421, &
      &          5.5406,5.4620,5.3944,5.3167,5.2560,5.2169,5.1364,5.0904, &
      &          5.0342,4.8773,4.8212,4.7460,4.5908,4.4312,4.4190,4.1442, &
      &          3.7883,3.2847,3.0939,2.7769,2.3953,1.9944,1.6178,1.3636, &
      &          1.0453,0.8658,0.6889,0.5738,0.5071,0.4553,0.4204,0.4195, &
      &          0.4105,0.4300,0.4561,0.4828,0.5271,0.5789,0.6605,0.7811, &
      &          0.9040,1.0732,1.2354,1.4055,1.5814,1.7269,1.8517,1.9968, &
      &          2.1079,2.2702,2.4383,2.6561,2.8998,3.1793,3.5052,3.8554, &
      &          4.1744,4.4225,4.5910,4.6086,4.5392,4.3916,4.2564,4.1480, &
      &          4.0895,4.0471,4.0083,3.9603,3.9085,3.8230,3.7175,3.6006, &
      &          3.4817,3.3625,3.2539,3.1612,3.0747,2.9836,2.9085,2.8477, &
      &          2.7906,2.7402,2.6855,2.6469,2.6140,2.5850,2.5559,2.5336, &
      &          2.5061,2.4895,2.4850,2.4779,2.4776,2.4871,2.4876,2.4934, &
      &          2.5127,2.5419,2.5742,2.6028,2.6350,2.6771,2.7163,2.7643, &
      &          2.8124,2.8582,2.9060,2.9557,3.0070,3.0529,3.0988,3.1407, &
      &          3.1827,3.2190,3.2417,3.2725,3.2979,3.3111,3.3182,3.3175, &
      &          3.3066,3.2941,3.2860,3.2625,3.2277,3.1982,3.1596,3.1223, &
      &          3.0824,3.0389,2.9941,2.9476,2.9056,2.8629,2.8235,2.7803, &
      &          2.7346,2.6937,2.6562,2.6197,2.5841,2.5520,2.5181,2.4884, &
      &          2.4612,2.4261,2.3912,2.3619,2.3323,2.3053,2.2848,2.2604, &
      &          2.2333,2.2093,2.1862,2.1640,2.1452,2.1297,2.1051,2.0785, &
      &          2.0593,2.0462,2.0353,2.0260,2.0149,2.0016,1.9891,1.9736, &
      &          1.9546,1.9365,1.9188,1.9004,1.8858,1.8747,1.8609,1.8472, &
      &          1.8340,1.8168,1.8004,1.7897,1.7788,1.7599,1.7398,1.7244, &
      &          1.7151,1.7062,1.6932,1.6795,1.6700,1.6629,1.6566,1.6506, &
      &          1.6437,1.6380,1.6389,1.6420,1.6402,1.6355,1.6327,1.6367, &
      &          1.6407,1.6436,1.6467,1.6543,1.6658,1.6767,1.6866,1.6980, &
      &          1.7091,1.7200,1.7331,1.7496,1.7681,1.7839,1.7950,1.8075, &
      &          1.8215,1.8381,1.8550,1.8709,1.8910,1.9101,1.9230,1.9404, &
      &          1.9590,1.9749,1.9920,2.0081,2.0210,2.0329,2.0476,2.0622, &
      &          2.0746,2.0861,2.0955,2.1112,2.1289,2.1431,2.1551,2.1656, &
      &          2.1755,2.1860,2.1937,2.1999,2.2080,2.2135,2.2191,2.2253, &
      &          2.2303,2.2329,2.2361,2.2326,2.2313,2.2340,2.2391,2.2413, &
      &          2.2409,2.2358,2.2254,2.2174,2.2117,2.2052,2.1998,2.1899, &
      &          2.1699,2.1549,2.1486,2.1462,2.1358,2.1172,2.0914,2.0746, &
      &          2.0702,2.0632,2.0529,2.0415,2.0302,2.0120,1.9872,1.9692, &
      &          1.9598,1.9506,1.9375,1.9189,1.8823,1.8554,1.8483,1.8527, &
      &          1.8456,1.8296,1.8127,1.7731,1.7418,1.7310,1.7393,1.7219, &
      &          1.6872,1.6602,1.6573,1.6629,1.6562,1.6386,1.6197,1.5982, &
      &          1.5723,1.5521,1.5288,1.5022,1.4920,1.4905,1.4909,1.4811, &
      &          1.4594,1.4174,1.3816,1.3689,1.3715,1.3727,1.3584,1.3438, &
      &          1.3214,1.2950,1.2816,1.2723,1.2711,1.2414,1.2120,1.2078, &
      &          1.2202,1.2459,1.2418,1.2030,1.1683,1.1631,1.1805,1.1950, &
      &          1.1742,1.1360,1.1041,1.0984,1.1196,1.1480,1.1395,1.1179, &
      &          1.1160,1.1268,1.1478,1.1501,1.1485,1.1667,1.1840,1.2091, &
      &          1.2283,1.2012,1.1733,1.1483,1.1462,1.1940,1.2505,1.2725, &
      &          1.2751,1.2752,1.2884,1.3212,1.3458,1.3467,1.3385,1.3279, &
      &          1.3303,1.3448,1.3593,1.3844,1.3952,1.3942,1.3986,1.4017, &
      &          1.4028,1.4039,1.4065,1.4095,1.4118,1.4122,1.3916,1.3632, &
      &          1.3480,1.3337,1.3326,1.3495,1.3573,1.3272,1.2874,1.2475, &
      &          1.2402,1.2688,1.3273,1.3610,1.3527,1.3141,1.2738,1.2626, &
      &          1.2730,1.3084,1.3460,1.3594,1.3499,1.3351,1.3134,1.2940, &
      &          1.2982,1.3176,1.3378,1.3292,1.3004,1.2863,1.2929,1.3150, &
      &          1.3450,1.3698,1.3727,1.3615,1.3594,1.3678,1.3757,1.3874, &
      &          1.4078,1.4185,1.4017,1.3693,1.3512,1.3474,1.3523,1.3676, &
      &          1.3892,1.3866,1.3534,1.3321,1.3291,1.3358,1.3561,1.3881, &
      &          1.4117,1.4201,1.4267,1.4241,1.4148,1.4038,1.3947,1.3922, &
      &          1.3990,1.4131,1.4229,1.4189,1.4064,1.3920,1.3833,1.3836, &
      &          1.3936,1.4101,1.4278,1.4339,1.4320,1.4291,1.4253,1.4195, &
      &          1.4088,1.4023,1.4013,1.4033,1.4074,1.4140,1.4206,1.4274, &
      &          1.4288,1.4326,1.4367,1.4329,1.4245,1.4195,1.4191,1.4208, &
      &          1.4221,1.4207,1.4157,1.4115,1.4107,1.4130,1.4198,1.4273, &
      &          1.4338,1.4357,1.4379,1.4403,1.4378,1.4328,1.4266,1.4212, &
      &          1.4179,1.4198,1.4239,1.4306,1.4367,1.4404,1.4405,1.4392, &
      &          1.4370,1.4350,1.4331,1.4336,1.4355,1.4390,1.4440,1.4461, &
      &          1.4491,1.4492,1.4482,1.4461,1.4446,1.4445,1.4451,1.4464, &
      &          1.4484,1.4490,1.4509,1.4528,1.4534,1.4561,1.4575,1.4598, &
      &          1.4603,1.4604,1.4607,1.4590,1.4597,1.4593,1.4607,1.4616, &
      &          1.4614,1.4629,1.4635,1.4642,1.4649,1.4645,1.4648,1.4636, &
      &          1.4613,1.4609,1.4595,1.4599,1.4601,1.4594,1.4604,1.4612, &
      &          1.4611,1.4607,1.4622,1.4632,1.4613,1.4610,1.4601,1.4583, &
      &          1.4580,1.4566,1.4537,1.4515,1.4505,1.4484,1.4448,1.4419, &
      &          1.4390,1.4337,1.4307,1.4255,1.4234,1.4204,1.4189,1.4174, &
      &          1.4167,1.4143,1.4129,1.4108,1.4066,1.4020,1.3979,1.3949, &
      &          1.3930,1.3894,1.3882,1.3859,1.3836,1.3787,1.3747,1.3716, &
      &          1.3660,1.3635,1.3610,1.3602,1.3593,1.3593,1.3591,1.3574, &
      &          1.3535,1.3503,1.3448,1.3410,1.3356,1.3313,1.3272,1.3227, &
      &          1.3193,1.3170,1.3139,1.3123,1.3103,1.3086,1.3026,1.2977, &
      &          1.2930,1.2867,1.2812,1.2757,1.2703,1.2684,1.2653,1.2640, &
      &          1.2622,1.2617,1.2618,1.2630,1.2658,1.2653,1.2649,1.2648, &
      &          1.2616,1.2571,1.2543,1.2484,1.2441,1.2399,1.2352,1.2318, &
      &          1.2299,1.2298,1.2275,1.2259,1.2257,1.2235,1.2211,1.2183, &
      &          1.2165,1.2134,1.2090,1.2025,1.1938,1.1862,1.1748,1.1621, &
      &          1.1509,1.1395,1.1312,1.1191,1.1066,1.0933,1.0786,1.0606, &
      &          1.0449,1.0301,1.0149,0.9987,0.9813,0.9648,0.9471,0.9295, &
      &          0.9123,0.8961,0.8802,0.8632,0.8489,0.8331,0.8180,0.8037, &
      &          0.7880,0.7747,0.7565,0.7413,0.7267,0.7116,0.6992,0.6864, &
      &          0.6761,0.6636,0.6522,0.6406,0.6298,0.6219,0.6174,0.6152, &
      &          0.6145,0.6170,0.6215,0.6268,0.6346,0.6428,0.6563,0.6730, &
      &          0.6886,0.7032,0.7213,0.7406,0.7648,0.7858,0.8074,0.8324, &
      &          0.8636,0.8913,0.9206,0.9518,0.9911,1.0236,1.0565,1.0964, &
      &          1.1319,1.1662,1.2080,1.2416,1.2728,1.3088,1.3376,1.3732, &
      &          1.4043,1.4416,1.4741,1.5063,1.5454,1.5762,1.6149,1.6453, &
      &          1.6791,1.7052,1.7392,1.7648,1.7988,1.8319,1.8598,1.8929, &
      &          1.9187,1.9504,1.9826,2.0094,2.0421,2.0745,2.1016,2.1333, &
      &          2.1658,2.1913,2.2226,2.2514,2.2810,2.3035,2.3332,2.3628, &
      &          2.3918,2.4163,2.4465,2.4756,2.5057,2.5350,2.5605,2.5854, &
      &          2.6056,2.6307,2.6569,2.6827,2.7064,2.7291,2.7495,2.7701, &
      &          2.7871,2.8014,2.8185,2.8362,2.8551,2.8776,2.8970,2.9162, &
      &          2.9323,2.9461,2.9557,2.9653,2.9786,2.9909,3.0046,3.0183, &
      &          3.0363,3.0457,3.0540,3.0583,3.0626,3.0650,3.0653,3.0713, &
      &          3.0765,3.0849,3.0934,3.1054,3.1142,3.1230,3.1283,3.1336, &
      &          3.1367,3.1413,3.1475,3.1534,3.1579,3.1614,3.1642,3.1636, &
      &          3.1640,3.1668,3.1722,3.1721,3.1704 /)
