       real :: wvfrost(965) = (/0.34,0.35,0.36,0.37,0.38,0.39,0.4,0.41, &
      &          0.4200,0.4300,0.4400,0.4500,0.4600,0.4700,0.4800,0.4900, &
      &          0.5000,0.5100,0.5200,0.5300,0.5400,0.5500,0.5600,0.5700, &
      &          0.5800,0.5900,0.6000,0.6100,0.6200,0.6300,0.6400,0.6500, &
      &          0.6600,0.6700,0.6800,0.6900,0.7000,0.7100,0.7200,0.7300, &
      &          0.7400,0.7500,0.7600,0.7700,0.7800,0.7900,0.8000,0.8200, &
      &          0.8400,0.8600,0.8800,0.9000,0.9200,0.9400,0.9600,0.9800, &
      &          1.0000,1.0200,1.0400,1.0600,1.0800,1.1000,1.1200,1.1400, &
      &          1.1600,1.1800,1.2000,1.2200,1.2400,1.2600,1.2800,1.3000, &
      &          1.3200,1.3400,1.3600,1.3800,1.4000,1.4200,1.4400,1.4600, &
      &          1.4800,1.5000,1.5200,1.5400,1.5600,1.5800,1.6000,1.6200, &
      &          1.6400,1.6600,1.6800,1.7000,1.7200,1.7400,1.7600,1.7800, &
      &          1.8000,1.8200,1.8400,1.8600,1.8800,1.9000,1.9200,1.9400, &
      &          1.9600,1.9800,2.0000,2.0200,2.0400,2.0600,2.0800,2.1000, &
      &          2.1200,2.1400,2.1600,2.1800,2.2000,2.2200,2.2400,2.2500, &
      &          2.2600,2.2700,2.2800,2.2900,2.3000,2.3100,2.3200,2.3300, &
      &          2.3400,2.3500,2.3600,2.3700,2.3800,2.3900,2.4000,2.4100, &
      &          2.4200,2.4300,2.4400,2.4500,2.4600,2.4700,2.4800,2.4900, &
      &          2.5000,2.5100,2.5200,2.5300,2.5400,2.5500,2.5600,2.5700, &
      &          2.5800,2.5900,2.6000,2.6100,2.6200,2.6300,2.6400,2.6500, &
      &          2.6600,2.6700,2.6800,2.6900,2.7000,2.7100,2.7200,2.7300, &
      &          2.7400,2.7500,2.7600,2.7700,2.7800,2.7900,2.8000,2.8100, &
      &          2.8200,2.8300,2.8400,2.8500,2.8600,2.8700,2.8800,2.8900, &
      &          2.9000,2.9100,2.9200,2.9300,2.9400,2.9500,2.9600,2.9700, &
      &          2.9800,2.9900,3.0000,3.0100,3.0200,3.0300,3.0400,3.0500, &
      &          3.0600,3.0700,3.0800,3.0900,3.1000,3.1100,3.1200,3.1300, &
      &          3.1400,3.1500,3.1600,3.1700,3.1800,3.1900,3.2000,3.2100, &
      &          3.2200,3.2300,3.2400,3.2500,3.2600,3.2700,3.2800,3.2900, &
      &          3.3000,3.3100,3.3200,3.3300,3.3400,3.3500,3.3600,3.3700, &
      &          3.3800,3.3900,3.4000,3.4100,3.4200,3.4300,3.4400,3.4500, &
      &          3.4600,3.4700,3.4800,3.4900,3.5000,3.5100,3.5200,3.5300, &
      &          3.5400,3.5500,3.5600,3.5700,3.5800,3.5900,3.6000,3.6100, &
      &          3.6200,3.6300,3.6400,3.6500,3.6600,3.6700,3.6800,3.6900, &
      &          3.7000,3.7100,3.7200,3.7300,3.7400,3.7500,3.7600,3.7700, &
      &          3.7800,3.7900,3.8000,3.8100,3.8200,3.8300,3.8400,3.8500, &
      &          3.8600,3.8700,3.8800,3.8900,3.9000,3.9100,3.9200,3.9300, &
      &          3.9400,3.9500,3.9600,3.9700,3.9800,3.9900,4.0000,4.0100, &
      &          4.0200,4.0300,4.0400,4.0500,4.0600,4.0700,4.0800,4.0900, &
      &          4.1000,4.1100,4.1200,4.1300,4.1400,4.1500,4.1600,4.1700, &
      &          4.1800,4.1900,4.2000,4.2100,4.2200,4.2300,4.2400,4.2500, &
      &          4.2600,4.2700,4.2800,4.2900,4.3000,4.3100,4.3200,4.3300, &
      &          4.3400,4.3500,4.3600,4.3700,4.3800,4.3900,4.4000,4.4100, &
      &          4.4200,4.4300,4.4400,4.4500,4.4600,4.4700,4.4800,4.4900, &
      &          4.5000,4.5100,4.5200,4.5300,4.5400,4.5500,4.5600,4.5700, &
      &          4.5800,4.5900,4.6000,4.6100,4.6200,4.6300,4.6400,4.6500, &
      &          4.6600,4.6700,4.6800,4.6900,4.7000,4.7100,4.7200,4.7300, &
      &          4.7400,4.7500,4.7600,4.7700,4.7800,4.7900,4.8000,4.8100, &
      &          4.8200,4.8300,4.8400,4.8500,4.8600,4.8700,4.8800,4.8900, &
      &          4.9000,4.9100,4.9200,4.9300,4.9400,4.9500,4.9600,4.9700, &
      &          4.9800,4.9900,5.0000,5.0100,5.0200,5.0300,5.0400,5.0500, &
      &          5.0600,5.0700,5.0800,5.0900,5.1000,5.1100,5.1200,5.1300, &
      &          5.1400,5.1500,5.1600,5.1700,5.1800,5.1900,5.2000,5.2100, &
      &          5.2200,5.2300,5.2400,5.2500,5.2600,5.2700,5.2800,5.2900, &
      &          5.3000,5.3100,5.3200,5.3300,5.3400,5.3500,5.3600,5.3700, &
      &          5.3800,5.3900,5.4000,5.4100,5.4200,5.4300,5.4400,5.4500, &
      &          5.4600,5.4700,5.4800,5.4900,5.5000,5.5100,5.5200,5.5300, &
      &          5.5400,5.5500,5.5600,5.5700,5.5800,5.5900,5.6000,5.6100, &
      &          5.6200,5.6300,5.6400,5.6500,5.6600,5.6700,5.6800,5.6900, &
      &          5.7000,5.7100,5.7200,5.7300,5.7400,5.7500,5.7600,5.7700, &
      &          5.7800,5.7900,5.8000,5.8100,5.8200,5.8300,5.8400,5.8500, &
      &          5.8600,5.8700,5.8800,5.8900,5.9000,5.9100,5.9200,5.9300, &
      &          5.9400,5.9500,5.9600,5.9700,5.9800,5.9900,6.0000,6.0100, &
      &          6.0200,6.0300,6.0400,6.0500,6.0600,6.0700,6.0800,6.0900, &
      &          6.1000,6.1100,6.1200,6.1300,6.1400,6.1500,6.1600,6.1700, &
      &          6.1800,6.1900,6.2000,6.2100,6.2200,6.2300,6.2400,6.2500, &
      &          6.2600,6.2700,6.2800,6.2900,6.3000,6.3100,6.3200,6.3300, &
      &          6.3400,6.3500,6.3600,6.3700,6.3800,6.3900,6.4000,6.4100, &
      &          6.4200,6.4300,6.4400,6.4500,6.4600,6.4700,6.4800,6.4900, &
      &          6.5000,6.5100,6.5200,6.5300,6.5400,6.5500,6.5600,6.5700, &
      &          6.5800,6.5900,6.6000,6.6100,6.6200,6.6300,6.6400,6.6500, &
      &          6.6600,6.6700,6.6800,6.6900,6.7000,6.7100,6.7200,6.7300, &
      &          6.7400,6.7500,6.7600,6.7700,6.7800,6.7900,6.8000,6.8100, &
      &          6.8200,6.8300,6.8400,6.8500,6.8600,6.8700,6.8800,6.8900, &
      &          6.9000,6.9100,6.9200,6.9300,6.9400,6.9500,6.9600,6.9700, &
      &          6.9800,6.9900,7.0000,7.0100,7.0200,7.0300,7.0400,7.0500, &
      &          7.0600,7.0700,7.0800,7.0900,7.1000,7.1100,7.1200,7.1300, &
      &          7.1400,7.1500,7.1600,7.1700,7.1800,7.1900,7.2000,7.2100, &
      &          7.2200,7.2300,7.2400,7.2500,7.2600,7.2700,7.2800,7.2900, &
      &          7.3000,7.3100,7.3200,7.3300,7.3400,7.3500,7.3600,7.3700, &
      &          7.3800,7.4000,7.4100,7.4200,7.4300,7.4400,7.4500,7.4600, &
      &          7.4700,7.4800,7.4900,7.5000,7.5100,7.5200,7.5400,7.5500, &
      &          7.5600,7.5700,7.5800,7.5900,7.6000,7.6100,7.6200,7.6300, &
      &          7.6500,7.6600,7.6700,7.6800,7.6900,7.7000,7.7100,7.7300, &
      &          7.7400,7.7500,7.7600,7.7700,7.7800,7.8000,7.8100,7.8200, &
      &          7.8300,7.8400,7.8500,7.8700,7.8800,7.8900,7.9000,7.9100, &
      &          7.9300,7.9400,7.9500,7.9600,7.9800,7.9900,8.0000,8.0100, &
      &          8.0300,8.0400,8.0500,8.0600,8.0800,8.0900,8.1000,8.1100, &
      &          8.1300,8.1400,8.1500,8.1600,8.1800,8.1900,8.2000,8.2200, &
      &          8.2300,8.2400,8.2600,8.2700,8.2800,8.2900,8.3100,8.3200, &
      &          8.3300,8.3500,8.3600,8.3800,8.3900,8.4000,8.4200,8.4300, &
      &          8.4400,8.4600,8.4700,8.4800,8.5000,8.5100,8.5300,8.5400, &
      &          8.5500,8.5700,8.5800,8.6000,8.6100,8.6300,8.6400,8.6500, &
      &          8.6700,8.6800,8.7000,8.7100,8.7300,8.7400,8.7600,8.7700, &
      &          8.7900,8.8000,8.8200,8.8300,8.8500,8.8600,8.8800,8.8900, &
      &          8.9100,8.9200,8.9400,8.9500,8.9700,8.9800,9.0000,9.0200, &
      &          9.0300,9.0500,9.0600,9.0800,9.1000,9.1100,9.1300,9.1400, &
      &          9.1600,9.1800,9.1900,9.2100,9.2200,9.2400,9.2600,9.2700, &
      &          9.2900,9.3100,9.3200,9.3400,9.3600,9.3700,9.3900,9.4100, &
      &          9.4300,9.4400,9.4600,9.4800,9.4900,9.5100,9.5300,9.5500, &
      &          9.5600,9.5800,9.6000,9.6200,9.6400,9.6500,9.6700,9.6900, &
      &          9.7100,9.7300,9.7400,9.7600,9.7800,9.8000,9.8200,9.8400, &
      &          9.8600,9.8700,9.8900,9.9100,9.9300,9.9500,9.9700,9.9900, &
      &          10.0100,10.0300,10.0500,10.0700,10.0900,10.1100,10.1300,10.1500, &
      &          10.1700,10.1800,10.2100,10.2300,10.2500,10.2700,10.2900,10.3100, &
      &          10.3300,10.3500,10.3700,10.3900,10.4100,10.4300,10.4500,10.4700, &
      &          10.4900,10.5200,10.5400,10.5600,10.5800,10.6000,10.6200,10.6500, &
      &          10.6700,10.6900,10.7100,10.7300,10.7600,10.7800,10.8000,10.8200, &
      &          10.8500,10.8700,10.8900,10.9100,10.9400,10.9600,10.9800,11.0100, &
      &          11.0300,11.0500,11.0800,11.1000,11.1200,11.1500,11.1700,11.2000, &
      &          11.2200,11.2500,11.2700,11.2900,11.3200,11.3400,11.3700,11.3900, &
      &          11.4200,11.4400,11.4700,11.4900,11.5200,11.5500,11.5700,11.6000, &
      &          11.6200,11.6500,11.6800,11.7000,11.7300,11.7600,11.7800,11.8100, &
      &          11.8400,11.8600,11.8900,11.9200,11.9500,11.9700,12.0000,12.0300, &
      &          12.0600,12.0800,12.1100,12.1400,12.1700,12.2000,12.2300,12.2600, &
      &          12.2800,12.3100,12.3400,12.3700,12.4000,12.4300,12.4600,12.4900, &
      &          12.5200,12.5500,12.5800,12.6100,12.6400,12.6800,12.7100,12.7400, &
      &          12.7700,12.8000,12.8300,12.8600,12.9000,12.9300,12.9600,12.9900, &
      &          13.0300,13.0600,13.0900,13.1200,13.1600,13.1900,13.2200,13.2600, &
      &          13.2900,13.3300,13.3600,13.4000,13.4300,13.4700,13.5000,13.5400, &
      &          13.5700,13.6100,13.6400,13.6800,13.7100,13.7500,13.7900,13.8200, &
      &          13.86,13.9,13.94,13.97,14.01 /)


       real :: frost(965) = (/99.038,99.048,99.192,99.208,99.25,99.252,99.244,99.35, &
      &          99.2840,99.4180,99.3640,99.4920,99.4820,99.5160,99.4840,99.4460, &
      &          99.4480,99.4460,99.3940,99.4560,99.3280,99.3800,99.3280,99.2860, &
      &          99.3100,99.2800,99.1980,99.1100,98.9640,98.9180,98.8400,98.7560, &
      &          98.6280,98.5680,98.5040,98.4200,98.1760,98.0980,98.0380,97.9380, &
      &          97.8360,97.6660,97.4320,97.1960,96.9900,96.7760,96.6170,96.5300, &
      &          96.4500,95.8500,94.8800,94.4300,94.3500,93.8900,92.7700,91.8000, &
      &          89.9100,88.7500,88.1200,89.6800,89.6800,89.7700,89.9700,89.1300, &
      &          87.6100,85.0000,82.3500,74.5200,77.1700,76.8600,77.2700,74.8700, &
      &          77.4700,76.8800,76.4300,75.8600,74.5900,61.7500,37.8400,29.8200, &
      &          24.6900,21.5400,22.6300,22.5200,26.4100,30.2400,31.3000,29.8100, &
      &          38.3700,39.9100,44.5500,45.4400,48.1000,47.6000,50.6900,48.8400, &
      &          54.3200,54.1100,58.2900,54.3900,42.8400,30.6200,21.8000,17.0900, &
      &          13.1000,11.5700,10.7700,11.4300,13.1000,13.9300,16.1600,19.2700, &
      &          23.3200,30.1500,33.6400,36.3600,42.9300,45.2900,44.8100,44.6270, &
      &          44.3670,43.9150,43.1890,42.4020,41.5460,40.5780,39.5140,38.5920, &
      &          37.5950,36.7300,36.0610,35.4250,34.8330,34.3620,33.9210,33.4940, &
      &          33.0580,32.5890,32.2120,31.7630,31.2970,30.7930,30.3990,29.9280, &
      &          29.4600,29.0930,28.7330,28.3170,28.0200,27.8230,27.2890,26.9050, &
      &          26.5540,25.5460,25.2000,24.9680,24.2820,23.6230,23.6260,22.2990, &
      &          20.3970,17.7890,17.0400,15.3660,13.2290,11.0160,8.6760,6.9260, &
      &          5.0290,3.6090,2.3960,1.6780,1.1630,0.8170,0.6280,0.5170, &
      &          0.4450,0.3990,0.4280,0.3970,0.3170,0.3320,0.3370,0.4230, &
      &          0.4670,0.4730,0.5180,0.5350,0.5950,0.6970,0.6530,0.7080, &
      &          0.6880,0.7380,0.8300,0.9270,0.9670,1.0520,1.2250,1.2870, &
      &          1.3040,1.4070,1.4520,1.3820,1.3320,1.2720,1.2650,1.1980, &
      &          1.2280,1.2300,1.1730,1.1640,1.1680,1.1420,1.1120,1.1040, &
      &          1.0980,1.0460,1.0140,1.0180,1.0420,1.0280,1.0100,1.0400, &
      &          1.0940,1.1160,1.1030,1.1640,1.2700,1.3470,1.4240,1.5080, &
      &          1.6080,1.7360,1.9200,2.0830,2.2860,2.5200,2.7940,3.0780, &
      &          3.3620,3.7360,4.1500,4.5150,4.8880,5.3260,5.7980,6.2700, &
      &          6.7550,7.2150,7.6830,8.1750,8.6350,9.0680,9.5020,9.9300, &
      &          10.3380,10.6880,10.9950,11.2900,11.5300,11.7170,11.8600,11.9430, &
      &          11.9820,12.0000,11.9600,11.8520,11.7270,11.5650,11.3500,11.1670, &
      &          10.9530,10.6770,10.3950,10.1270,9.8870,9.6270,9.3700,9.1070, &
      &          8.8370,8.5780,8.3500,8.1330,7.9030,7.7100,7.5150,7.3200, &
      &          7.1400,6.9350,6.7470,6.5700,6.3780,6.2070,6.0730,5.9330, &
      &          5.7800,5.6400,5.5200,5.4000,5.2700,5.1470,5.0200,4.8800, &
      &          4.7600,4.6830,4.6200,4.5700,4.5070,4.4270,4.3470,4.2570, &
      &          4.1500,4.0500,3.9670,3.8700,3.7850,3.7170,3.6400,3.5600, &
      &          3.4600,3.3400,3.2470,3.1800,3.1000,2.9800,2.8600,2.7700, &
      &          2.7200,2.6670,2.5830,2.4900,2.4300,2.3800,2.3300,2.2800, &
      &          2.2200,2.1700,2.1550,2.1470,2.1250,2.1000,2.0800,2.0900, &
      &          2.1100,2.1350,2.1600,2.1950,2.2370,2.2750,2.3200,2.3850, &
      &          2.4630,2.5500,2.6400,2.7500,2.8700,2.9850,3.0750,3.1870, &
      &          3.3050,3.4370,3.5800,3.7000,3.8400,3.9900,4.1100,4.2570, &
      &          4.4000,4.5250,4.6800,4.8200,4.9250,5.0250,5.1530,5.2900, &
      &          5.4050,5.5150,5.6150,5.7370,5.8500,5.9450,6.0350,6.1350, &
      &          6.2400,6.3300,6.4000,6.4700,6.5400,6.6000,6.6550,6.7100, &
      &          6.7770,6.8400,6.8750,6.8950,6.9150,6.9350,6.9550,6.9850, &
      &          6.9900,6.9850,6.9600,6.9350,6.9150,6.8950,6.8600,6.8050, &
      &          6.7450,6.6950,6.6450,6.5950,6.5300,6.4500,6.3700,6.3100, &
      &          6.2600,6.1900,6.1200,6.0350,5.9450,5.8400,5.7300,5.6500, &
      &          5.5800,5.4950,5.4050,5.2950,5.1550,5.0500,4.9650,4.8800, &
      &          4.8100,4.7250,4.6500,4.5550,4.4400,4.3350,4.2600,4.1850, &
      &          4.0750,3.9650,3.9000,3.8400,3.7500,3.6800,3.6000,3.4900, &
      &          3.3750,3.2800,3.1900,3.0800,3.0100,2.9650,2.9000,2.8300, &
      &          2.7400,2.6050,2.5000,2.4250,2.3600,2.3100,2.2400,2.1800, &
      &          2.1200,2.0500,1.9900,1.9050,1.8400,1.7650,1.7000,1.6550, &
      &          1.6200,1.5850,1.5500,1.5000,1.4400,1.4000,1.3750,1.3400, &
      &          1.2900,1.2300,1.1750,1.1300,1.1050,1.0900,1.0700,1.0500, &
      &          1.0400,1.0250,1.0100,1.0050,1.0000,1.0000,1.0000,0.9950, &
      &          0.9700,0.9500,0.9100,0.8800,0.8600,0.8600,0.8750,0.9000, &
      &          0.9100,0.9350,0.9600,0.9700,0.9800,0.9800,0.9800,0.9700, &
      &          0.9600,0.9600,0.9600,0.9600,0.9750,0.9900,1.0000,1.0250, &
      &          1.0400,1.0500,1.0650,1.0700,1.0700,1.0650,1.0500,1.0500, &
      &          1.0500,1.0500,1.0600,1.0600,1.0550,1.0400,1.0300,1.0100, &
      &          1.0100,1.0200,1.0300,1.0500,1.0650,1.0800,1.0800,1.0900, &
      &          1.1150,1.1500,1.1700,1.1900,1.2000,1.2100,1.2100,1.2000, &
      &          1.1900,1.1800,1.1650,1.1500,1.1500,1.1500,1.1600,1.1800, &
      &          1.2200,1.2400,1.2700,1.2900,1.3000,1.3200,1.3350,1.3500, &
      &          1.3600,1.3600,1.3600,1.3500,1.3500,1.3400,1.3400,1.3400, &
      &          1.3500,1.3500,1.3500,1.3600,1.3600,1.3600,1.3800,1.4100, &
      &          1.4300,1.4500,1.4700,1.4800,1.4900,1.4900,1.4900,1.4900, &
      &          1.4800,1.4800,1.4800,1.4700,1.4700,1.4700,1.4800,1.4900, &
      &          1.5100,1.5300,1.5500,1.5700,1.5800,1.5800,1.5800,1.5800, &
      &          1.5700,1.5700,1.5700,1.5800,1.5900,1.6100,1.6300,1.6600, &
      &          1.6800,1.7000,1.7200,1.7300,1.7300,1.7300,1.7400,1.7400, &
      &          1.7400,1.7500,1.7600,1.7800,1.8000,1.8200,1.8500,1.8700, &
      &          1.8900,1.9100,1.9200,1.9300,1.9300,1.9400,1.9500,1.9600, &
      &          1.9700,1.9900,2.0000,2.0100,2.0200,2.0300,2.0400,2.0500, &
      &          2.0600,2.0800,2.1000,2.1300,2.1500,2.1700,2.1900,2.1900, &
      &          2.2000,2.2000,2.2000,2.2000,2.2000,2.2100,2.2200,2.2300, &
      &          2.2500,2.2600,2.2800,2.3000,2.3100,2.3300,2.3400,2.3600, &
      &          2.3700,2.3800,2.3900,2.3900,2.4000,2.4000,2.4100,2.4200, &
      &          2.4300,2.4500,2.4600,2.4700,2.4800,2.4800,2.4900,2.4900, &
      &          2.4900,2.5000,2.5000,2.5100,2.5200,2.5200,2.5300,2.5400, &
      &          2.5500,2.5500,2.5600,2.5700,2.5700,2.5700,2.5700,2.5700, &
      &          2.5700,2.5700,2.5700,2.5700,2.5800,2.5800,2.5800,2.5800, &
      &          2.5800,2.5700,2.5700,2.5600,2.5600,2.5500,2.5600,2.5600, &
      &          2.5600,2.5600,2.5600,2.5600,2.5600,2.5500,2.5500,2.5500, &
      &          2.5500,2.5400,2.5400,2.5300,2.5200,2.5000,2.4800,2.4700, &
      &          2.4500,2.4400,2.4400,2.4400,2.4400,2.4400,2.4500,2.4500, &
      &          2.4500,2.4500,2.4400,2.4300,2.4100,2.3900,2.3800,2.3600, &
      &          2.3500,2.3400,2.3300,2.3200,2.3200,2.3200,2.3100,2.3100, &
      &          2.3100,2.3100,2.3000,2.3000,2.2900,2.2900,2.2900,2.2900, &
      &          2.2900,2.3000,2.3000,2.3100,2.3300,2.3400,2.3600,2.3800, &
      &          2.3900,2.4000,2.4100,2.4100,2.4200,2.4200,2.4200,2.4300, &
      &          2.4500,2.4800,2.5100,2.5500,2.5900,2.6300,2.6700,2.7100, &
      &          2.7400,2.7700,2.7900,2.8000,2.7900,2.7800,2.7600,2.7300, &
      &          2.7000,2.6700,2.6500,2.6200,2.5800,2.5400,2.5000,2.4400, &
      &          2.3900,2.3300,2.2800,2.2300,2.1700,2.1200,2.0600,2.0000, &
      &          1.9300,1.8600,1.7900,1.7100,1.6500,1.5800,1.5200,1.4700, &
      &          1.4100,1.3600,1.3100,1.2600,1.2100,1.1500,1.1000,1.0400, &
      &          0.9900,0.9300,0.8800,0.8300,0.7800,0.7400,0.7100,0.6900, &
      &          0.6700,0.6600,0.6500,0.6400,0.6400,0.6300,0.6200,0.6100, &
      &          0.6000,0.5800,0.5700,0.5600,0.5600,0.5600,0.5600,0.5700, &
      &          0.5800,0.5900,0.6000,0.6100,0.6200,0.6300,0.6400,0.6500, &
      &          0.6700,0.6800,0.6900,0.7000,0.7100,0.7200,0.7200,0.7200, &
      &          0.7200,0.7100,0.7100,0.7100,0.7100,0.7100,0.7200,0.7300, &
      &          0.7400,0.7500,0.7700,0.7700,0.7800,0.7800,0.7900,0.8000, &
      &          0.8100,0.8200,0.8300,0.8500,0.8600,0.8700,0.8800,0.8800, &
      &          0.8800,0.8800,0.8700,0.8700,0.8800,0.8800,0.8900,0.9000, &
      &          0.9000,0.9100,0.9200,0.9200,0.9300,0.9400,0.9500,0.9600, &
      &          0.9700,0.9800,0.9900,1.0000,1.0000,1.0000,0.9900,0.9900, &
      &          0.9900,0.9900,1.0000,1.0100,1.0200,1.0300,1.0400,1.0500, &
      &          1.0500,1.0500,1.0500,1.0600,1.0700,1.0900,1.1100,1.1200, &
      &          1.1400,1.1400,1.1400,1.1300,1.1100,1.1000,1.0800,1.0800, &
      &          1.0800,1.0900,1.1000,1.1200,1.1300,1.1400,1.1500,1.1600, &
      &          1.1700,1.1700,1.1800,1.1800,1.1800,1.1800,1.1800,1.1900, &
      &          1.2,1.22,1.24,1.25,1.26 /)
