clearice:	0.516530
coarsesnow:	0.096694
finesnow:	0.096694
frost:	0.096694
mediumsnow:	0.193388
       real :: iceblendmin(965) = (/48.2447,48.2748,48.3211,48.3519,48.4087,48.4280,48.4604,48.5085, &
      &          48.5373,48.5870,48.6120,48.6912,48.6976,48.7001,48.6769,48.6653, &
      &          48.6230,48.6008,48.5785,48.5620,48.4926,48.4903,48.4733,48.4346, &
      &          48.3957,48.3244,48.2333,48.0904,48.0315,47.9266,47.8175,47.6291, &
      &          47.5911,47.4786,47.4239,47.3047,47.0710,46.9668,46.8070,46.7154, &
      &          46.5451,46.3257,46.0705,45.8364,45.5369,45.2523,45.1142,45.0064, &
      &          44.9457,44.2406,43.1310,42.5717,42.2806,41.8512,40.7742,39.3160, &
      &          37.5978,36.2376,35.9515,37.0960,37.5128,37.9172,37.7313,36.7599, &
      &          35.1800,32.6482,29.7758,27.2193,26.3835,26.1000,26.1189,26.0743, &
      &          26.2083,26.3788,25.9830,25.4191,23.9295,16.3491,7.9663,5.8042, &
      &          4.6222,4.1093,4.3166,4.4296,5.1083,5.7841,6.1551,6.2632, &
      &          7.7298,8.2405,9.3567,10.1390,10.6405,10.9788,11.8628,12.2205, &
      &          13.3187,13.8865,14.9710,13.5970,9.1975,6.0599,4.1400,3.2613, &
      &          2.6170,2.3512,2.2533,2.3419,2.5668,2.7508,3.1182,3.6877, &
      &          4.5318,5.6906,6.6524,7.4620,8.6640,9.6078,9.9703,9.8919, &
      &          9.6669,9.2728,8.7341,8.1562,7.6221,7.1329,6.6782,6.3183, &
      &          6.0097,5.7621,5.5868,5.4395,5.3256,5.2379,5.1537,5.0844, &
      &          4.9993,4.9141,4.8402,4.7562,4.6726,4.5821,4.5041,4.4223, &
      &          4.3420,4.2799,4.2274,4.1670,4.1166,4.0938,4.0391,3.9953, &
      &          3.9515,3.8263,3.7698,3.7153,3.6047,3.4818,3.4346,3.2301, &
      &          2.9645,2.6096,2.4478,2.1921,1.9006,1.6119,1.3317,1.1124, &
      &          0.8795,0.7109,0.5659,0.4636,0.3895,0.3290,0.2777,0.2494, &
      &          0.2220,0.2141,0.2110,0.2246,0.2429,0.2985,0.3707,0.5138, &
      &          0.6645,0.8869,1.1128,1.3388,1.5756,1.7775,1.9640,2.1938, &
      &          2.3979,2.6881,2.9816,3.3566,3.7487,4.1989,4.6851,5.1978, &
      &          5.6834,5.9640,6.1866,6.1803,6.1104,5.9453,5.7871,5.6800, &
      &          5.6086,5.5453,5.4854,5.3930,5.2982,5.1531,4.9933,4.8147, &
      &          4.6327,4.4687,4.3135,4.1826,4.0576,3.9238,3.8029,3.7050, &
      &          3.6137,3.5327,3.4524,3.3853,3.3231,3.2656,3.2076,3.1584, &
      &          3.1067,3.0637,3.0312,2.9975,2.9710,2.9530,2.9310,2.9126, &
      &          2.9020,2.9060,2.9118,2.9176,2.9251,2.9390,2.9516,2.9743, &
      &          2.9968,3.0158,3.0374,3.0653,3.0934,3.1172,3.1391,3.1586, &
      &          3.1783,3.1970,3.2070,3.2223,3.2356,3.2371,3.2340,3.2252, &
      &          3.2087,3.1937,3.1802,3.1559,3.1242,3.0941,3.0594,3.0242, &
      &          2.9878,2.9506,2.9121,2.8724,2.8364,2.8003,2.7648,2.7277, &
      &          2.6883,2.6546,2.6236,2.5937,2.5640,2.5351,2.5048,2.4788, &
      &          2.4553,2.4264,2.3975,2.3724,2.3471,2.3231,2.3039,2.2831, &
      &          2.2601,2.2409,2.2223,2.2022,2.1850,2.1695,2.1489,2.1260, &
      &          2.1083,2.0975,2.0877,2.0774,2.0655,2.0540,2.0431,2.0300, &
      &          2.0145,1.9980,1.9816,1.9655,1.9536,1.9424,1.9289,1.9173, &
      &          1.9053,1.8907,1.8769,1.8669,1.8574,1.8419,1.8249,1.8120, &
      &          1.8040,1.7956,1.7840,1.7742,1.7677,1.7630,1.7584,1.7535, &
      &          1.7489,1.7470,1.7501,1.7527,1.7511,1.7500,1.7506,1.7554, &
      &          1.7604,1.7649,1.7698,1.7779,1.7883,1.8006,1.8120,1.8236, &
      &          1.8363,1.8450,1.8544,1.8649,1.8771,1.8889,1.8971,1.9050, &
      &          1.9138,1.9262,1.9391,1.9506,1.9651,1.9779,1.9864,1.9974, &
      &          2.0093,2.0193,2.0303,2.0400,2.0481,2.0536,2.0607,2.0701, &
      &          2.0772,2.0841,2.0906,2.1008,2.1111,2.1196,2.1269,2.1337, &
      &          2.1398,2.1452,2.1491,2.1508,2.1529,2.1569,2.1599,2.1615, &
      &          2.1620,2.1628,2.1636,2.1630,2.1622,2.1604,2.1586,2.1581, &
      &          2.1554,2.1514,2.1443,2.1363,2.1284,2.1220,2.1162,2.1085, &
      &          2.0979,2.0865,2.0759,2.0680,2.0589,2.0473,2.0344,2.0236, &
      &          2.0141,2.0030,1.9920,1.9801,1.9681,1.9541,1.9393,1.9272, &
      &          1.9157,1.9019,1.8875,1.8724,1.8560,1.8429,1.8318,1.8203, &
      &          1.8094,1.7956,1.7823,1.7668,1.7500,1.7362,1.7257,1.7145, &
      &          1.6984,1.6831,1.6731,1.6642,1.6524,1.6425,1.6305,1.6132, &
      &          1.5958,1.5825,1.5712,1.5582,1.5486,1.5412,1.5312,1.5211, &
      &          1.5086,1.4906,1.4761,1.4645,1.4544,1.4467,1.4368,1.4275, &
      &          1.4172,1.4071,1.3989,1.3889,1.3808,1.3711,1.3626,1.3577, &
      &          1.3545,1.3513,1.3468,1.3432,1.3379,1.3366,1.3388,1.3402, &
      &          1.3386,1.3344,1.3292,1.3251,1.3245,1.3271,1.3301,1.3325, &
      &          1.3359,1.3387,1.3422,1.3474,1.3535,1.3599,1.3654,1.3701, &
      &          1.3721,1.3743,1.3734,1.3739,1.3776,1.3851,1.3945,1.4040, &
      &          1.4108,1.4168,1.4232,1.4282,1.4332,1.4366,1.4397,1.4422, &
      &          1.4453,1.4500,1.4553,1.4589,1.4644,1.4692,1.4730,1.4782, &
      &          1.4830,1.4877,1.4933,1.4975,1.5002,1.5003,1.4998,1.5010, &
      &          1.5027,1.5051,1.5078,1.5088,1.5083,1.5065,1.5058,1.5025, &
      &          1.5037,1.5077,1.5105,1.5137,1.5157,1.5163,1.5149,1.5149, &
      &          1.5168,1.5199,1.5209,1.5219,1.5220,1.5231,1.5234,1.5226, &
      &          1.5217,1.5204,1.5178,1.5156,1.5148,1.5147,1.5161,1.5195, &
      &          1.5252,1.5281,1.5316,1.5338,1.5350,1.5380,1.5400,1.5417, &
      &          1.5424,1.5421,1.5412,1.5395,1.5389,1.5374,1.5373,1.5376, &
      &          1.5389,1.5389,1.5390,1.5403,1.5415,1.5432,1.5484,1.5541, &
      &          1.5577,1.5597,1.5615,1.5620,1.5624,1.5618,1.5616,1.5618, &
      &          1.5613,1.5616,1.5622,1.5617,1.5612,1.5598,1.5595,1.5594, &
      &          1.5603,1.5618,1.5636,1.5657,1.5672,1.5678,1.5684,1.5692, &
      &          1.5689,1.5692,1.5692,1.5695,1.5698,1.5709,1.5715,1.5728, &
      &          1.5729,1.5728,1.5729,1.5723,1.5712,1.5707,1.5711,1.5699, &
      &          1.5684,1.5669,1.5653,1.5647,1.5646,1.5646,1.5662,1.5667, &
      &          1.5676,1.5676,1.5684,1.5692,1.5687,1.5686,1.5679,1.5667, &
      &          1.5650,1.5649,1.5644,1.5648,1.5663,1.5682,1.5694,1.5698, &
      &          1.5696,1.5696,1.5699,1.5717,1.5732,1.5749,1.5773,1.5778, &
      &          1.5786,1.5782,1.5774,1.5759,1.5745,1.5740,1.5744,1.5755, &
      &          1.5775,1.5786,1.5806,1.5827,1.5834,1.5853,1.5856,1.5869, &
      &          1.5874,1.5876,1.5880,1.5867,1.5869,1.5862,1.5869,1.5869, &
      &          1.5857,1.5863,1.5860,1.5855,1.5838,1.5827,1.5823,1.5807, &
      &          1.5776,1.5766,1.5748,1.5739,1.5714,1.5695,1.5689,1.5674, &
      &          1.5637,1.5620,1.5616,1.5610,1.5569,1.5551,1.5526,1.5475, &
      &          1.5454,1.5426,1.5371,1.5342,1.5320,1.5287,1.5229,1.5192, &
      &          1.5153,1.5074,1.5032,1.4956,1.4921,1.4881,1.4850,1.4832, &
      &          1.4816,1.4777,1.4758,1.4733,1.4682,1.4637,1.4581,1.4545, &
      &          1.4516,1.4458,1.4433,1.4383,1.4349,1.4288,1.4245,1.4213, &
      &          1.4154,1.4128,1.4090,1.4073,1.4037,1.4020,1.3986,1.3961, &
      &          1.3911,1.3879,1.3828,1.3795,1.3734,1.3690,1.3640,1.3597, &
      &          1.3547,1.3518,1.3474,1.3452,1.3413,1.3388,1.3321,1.3259, &
      &          1.3211,1.3148,1.3099,1.3044,1.2986,1.2965,1.2922,1.2903, &
      &          1.2870,1.2845,1.2831,1.2809,1.2815,1.2784,1.2757,1.2748, &
      &          1.2704,1.2652,1.2617,1.2545,1.2483,1.2436,1.2365,1.2305, &
      &          1.2260,1.2248,1.2210,1.2177,1.2163,1.2116,1.2058,1.2002, &
      &          1.1971,1.1912,1.1844,1.1756,1.1642,1.1562,1.1432,1.1294, &
      &          1.1165,1.1042,1.0962,1.0837,1.0702,1.0562,1.0392,1.0200, &
      &          1.0025,0.9886,0.9716,0.9539,0.9350,0.9169,0.8980,0.8795, &
      &          0.8609,0.8435,0.8264,0.8085,0.7924,0.7752,0.7587,0.7429, &
      &          0.7257,0.7131,0.6929,0.6780,0.6634,0.6487,0.6360,0.6232, &
      &          0.6118,0.5990,0.5868,0.5743,0.5640,0.5577,0.5536,0.5515, &
      &          0.5503,0.5552,0.5618,0.5690,0.5781,0.5873,0.6077,0.6357, &
      &          0.6577,0.6795,0.7068,0.7383,0.7814,0.8136,0.8461,0.8862, &
      &          0.9412,0.9829,1.0253,1.0731,1.1451,1.1982,1.2514,1.3241, &
      &          1.3790,1.4330,1.5059,1.5588,1.6079,1.6740,1.7212,1.7860, &
      &          1.8379,1.9086,1.9613,2.0137,2.0837,2.1335,2.2021,2.2514, &
      &          2.3102,2.3500,2.4055,2.4449,2.5009,2.5567,2.5981,2.6537, &
      &          2.6925,2.7453,2.7981,2.8376,2.8913,2.9451,2.9850,3.0380, &
      &          3.0910,3.1291,3.1805,3.2243,3.2651,3.2947,3.3358,3.3784, &
      &          3.4205,3.4525,3.4959,3.5392,3.5828,3.6258,3.6588,3.6915, &
      &          3.7160,3.7489,3.7817,3.8143,3.8449,3.8775,3.9080,3.9388, &
      &          3.9592,3.9745,3.9915,4.0094,4.0285,4.0523,4.0722,4.0935, &
      &          4.1126,4.1304,4.1392,4.1485,4.1610,4.1737,4.1872,4.2006, &
      &          4.2153,4.2232,4.2300,4.2323,4.2331,4.2332,4.2305,4.2301, &
      &          4.2296,4.2299,4.2306,4.2326,4.2338,4.2347,4.2343,4.2331, &
      &          4.2311,4.2283,4.2271,4.2249,4.2229,4.2184,4.2124,4.2068, &
      &          4.1998,4.1942,4.1856,4.1774,4.1668 /)
