 Wavelength    Flux  
0.20000000000000004 1.0056287600026461
0.2002583221197802 0.8055125656856523
0.2005169778911482 0.4371783490044964
0.20077596774505196 1.9529107800515926
0.20103529211299606 0.5452468184579239
0.20129495142704232 1.926938176651265
0.20155494611981073 1.8453851148471643
0.20181527662447996 1.2822739177980063
0.20207594337478824 2.0173924235511356
0.202336946805034 1.1453935828323587
0.20259828735007662 1.0629878193810742
0.20285996544533713 2.441309107725443
0.203121981526799 2.184296836448829
0.20338433603100875 2.068646658541346
0.2036470293950768 2.0404212488136237
0.20391006205667817 1.401106716713758
0.2041734344540531 2.1347443114368874
0.20443714702600793 2.6298964745091156
0.20470120021191576 2.103189122820896
0.2049655944517172 1.7629530534962423
0.20523033018592104 2.669590390195606
0.2054954078556051 2.596468343511747
0.20576082790241687 1.8707436221127844
0.20602659076857424 2.6124918618733433
0.20629269689686633 2.3224192467410223
0.20655914673065415 1.6588470816951124
0.2068259407138714 1.7258890552737547
0.20709307929102505 16.719070938931324
0.20736056290719634 2.619627189419593
0.20762839200804134 3.8632626883278713
0.20789656703979165 4.823208357175935
0.20816508844925535 9.920876049135279
0.20843395668381753 4.747784369782086
0.2087031721914412 1.5280732755996453
0.20897273542066788 11.461039308083706
0.20924264682061852 7.253066135864557
0.2095129068409941 4.216725821166614
0.20978351593207645 10.759617351835264
0.210054474544729 3.188047888789106
0.21032578313039751 4.355718684612526
0.21059744214111087 12.059652357496608
0.21086945202948174 4.403654184845948
0.21114181324870743 11.806979116581726
0.2114145262525706 6.002142729946251
0.21168759149544 10.604760288704904
0.2119610094322713 10.432602460221982
0.21223478051860775 6.045146874939703
0.212508905210581 19.372421776941952
0.21278338396491178 4.754427433275022
0.21305821723891086 4.705759970339402
0.21333340549047955 2.676503225212789
0.21360894917811066 18.904567823798676
0.21388484876088917 11.534922797709127
0.21416110469849303 3.0167164491945195
0.21443771745119392 27.261629339915327
0.214714687479858 10.507702369941303
0.21499201524594666 2.049996825370524
0.21526970121151737 6.788171544158862
0.2155477458392244 14.341223446093393
0.21582614959231952 5.895766723272867
0.21610491293465292 2.0675126989009796
0.21638403633067385 10.645052423833151
0.21666352024543148 2.1131407518480105
0.21694336514457566 4.499976389884272
0.21722357149435761 2.2531055824895816
0.2175041397616308 8.35915198553242
0.21778507041385176 12.977163374208189
0.21806636391908063 9.99503598742291
0.21834802074598228 10.092151871126
0.21863004136382683 5.631874396659235
0.21891242624249047 65.45857546017797
0.21919517585245638 9.921443660477138
0.21947829066481533 8.304243691031882
0.21976177115126666 17.059403052490982
0.22004561778411885 8.154918066974206
0.2203298310362905 24.875788508293244
0.220614411381311 46.8602831243293
0.22089935929332136 10.901500656510631
0.22118467524707502 9.901159319880033
0.2214703597179386 2.7966433131398087
0.22175641318189265 23.150531868781478
0.22204283611553263 4.812899586691243
0.22232962899606945 28.13007589413791
0.22261679230133047 31.104092653723498
0.22290432650976016 7.359226556427054
0.22319223210042102 27.206461805992053
0.22348050955299428 136.0893870788434
0.2237691593477807 5.026556686079605
0.2240581819657014 54.771495751871015
0.22434757788829876 19.738420834408245
0.224637347597737 36.72177138770853
0.22492749157680322 32.37106242299747
0.225218010308908 139.12647979204766
0.22550890427808634 54.80578518186863
0.22580017396899843 2.629028499027057
0.22609181986693044 6.7389579386106355
0.22638384245779536 24.07697146420031
0.22667624222813373 23.613145229438317
0.2269690196651146 14.09582368391365
0.2272621752565362 16.175204804105974
0.2275557094908268 35.549039952217505
0.22784962285704555 42.737645839872584
0.22814391584488328 71.0068926693915
0.22843858894466326 34.38619981088675
0.22873364264734214 11.537485183483668
0.22902907744451065 19.423256370029005
0.22932489382839447 62.90046521900679
0.229621092291855 79.8435928508923
0.22991767332839036 13.29642491894051
0.23021463743213594 53.09630547954586
0.2305119850978654 75.25994211684468
0.23080971682099147 31.703215111311852
0.23110783309756677 61.4689611256415
0.2314063344242846 94.45083435870104
0.23170522129847979 17.107289492315385
0.23200449421812958 14.089347735538633
0.23230415368185434 55.182113455214484
0.2326042001889185 113.89423710748912
0.23290463423923136 102.30086554426912
0.23320545633334788 21.32754078363896
0.23350666697246955 34.03442908688591
0.2338082666584452 132.10805919513234
0.23411025589377188 81.83688564286246
0.23441263518159566 34.289397834817805
0.23471540502571248 48.020542675103556
0.235018565930569 13.138426343293766
0.23532211840126338 89.90026942667114
0.23562606294354627 60.10950679702478
0.23593040006382143 113.83264796076742
0.23623513026914678 119.23570510783514
0.2365402540672351 44.508990515382145
0.23684577196645507 226.86706873483405
0.2371516844758318 45.93423663743329
0.23745799210504795 133.14058463605224
0.23776469536444456 48.45578672109525
0.2380717947650217 131.89028337572418
0.23837929081843953 220.33096293767252
0.2386871840370191 12.185156268540144
0.2389954749337431 42.84961750872259
0.23930416402225688 72.10622682731162
0.23961325181686913 140.6662325861424
0.23992273883255288 155.63184724090843
0.24023262558494632 147.40804397280164
0.24054291259035362 215.56692281091875
0.2408536003657458 497.90654145059557
0.24116468942876162 163.7554654269005
0.24147618029770843 61.147488034306534
0.24178807349156306 316.43584576872576
0.24210036952997258 57.95506202205664
0.2424130689332553 102.87034140659854
0.24272617222240156 949.8997851866308
0.24303967991907466 178.20455780904283
0.2433535925456116 80.89636013379148
0.2436679106250241 41.902795322807535
0.2439826346809994 571.9877033563728
0.24429776523790114 322.754974647159
0.24461330282077018 121.61164059861673
0.24492924795532564 37.907699018210415
0.24524560116796554 1654.6414555918536
0.2455623629857679 289.2566364616389
0.24587953393649145 86.67637343684032
0.24619711454857662 193.7588680253595
0.24651510535114637 6.2502965936031565
0.24683350687400707 188.65700321515985
0.2471523196476494 332.4832131815844
0.24747154420324924 334.08491456365124
0.2477911810726685 557.400176528726
0.24811123078845612 262.9700165514522
0.2484316938838488 122.29680096916466
0.24875257089277208 134.02906035928697
0.24907386234984102 73.21062648974714
0.24939556879036126 486.23977520648884
0.2497176907503298 503.5953996107111
0.25004022876643595 260.4555491653027
0.2503631833760623 779.7368190035361
0.2506865551172853 103.83053473991149
0.25101034452887677 213.06094361959202
0.25133455215030404 617.957319866585
0.25165917852173136 199.71171602138378
0.25198422418402067 112.19858839721687
0.2523096896787326 173.2773968475611
0.252635575548127 586.6401123668634
0.25296188233516437 299.87708534824156
0.2532886105835064 683.6192640631403
0.2536157608375169 472.2619126554288
0.25394333364226296 800.9299231327776
0.2542713295435155 217.98612810184096
0.2545997490877505 137.61956455572476
0.25492859282214975 500.1440321985509
0.2552578612946017 1029.888834287155
0.25558755505370256 681.9121026540299
0.2559176746487571 835.2184386299871
0.2562482206297795 280.4061024456959
0.25657919354749437 414.82546766166377
0.25691059395333776 1096.4353058378547
0.2572424223994578 2216.4352646514126
0.25757467943871587 904.8759137038289
0.2579073656246874 1060.7102711949046
0.25824048151166284 182.62105294178446
0.25857402765464854 462.7486328346496
0.2589080046093678 644.0144155759922
0.2592424129322615 860.8614665712536
0.25957725318048946 1429.718433723618
0.2599125259119309 4046.990377261857
0.26024823168518585 1157.6454974952449
0.26058437105957566 1401.9470295067072
0.26092094459514414 818.677201374471
0.2612579528526584 540.021133900139
0.26159539639361007 516.4784454921054
0.2619332757802157 477.5469232076198
0.26227159157541824 5480.357045421169
0.26261034434288766 1266.8020285670045
0.2629495346470219 1892.4080945459152
0.2632891630529481 1873.6128608021768
0.26362923012652295 2898.851319609307
0.26396973643433447 1659.4279402102375
0.2643106825437021 1598.9946925398262
0.2646520690226783 553.0856402831103
0.264993896440049 1867.605639151983
0.265336165365335 1487.4515585925233
0.26567887636879256 563.9852472373664
0.26602203002141456 954.8540732118992
0.2663656268949313 2157.5396706651504
0.2667096675618117 1258.3465048627345
0.2670541525952639 785.4793069031826
0.2673990825692364 439.5758474042751
0.2677444580584192 4032.7338656264956
0.2680902796382444 1007.4625119275487
0.2684365478848874 4297.175500338422
0.2687832633752679 2433.4304082831436
0.26913042668705056 572.6061100760495
0.26947803839864626 5065.706724278853
0.26982609908921296 2533.666602720618
0.27017460933865667 2256.846922728033
0.27052356972763236 3402.4743243765733
0.2708729808375451 2270.3686166909742
0.2712228432505507 3648.1113757192634
0.27157315754955713 3764.2449514186887
0.2719239243182251 877.4195716067906
0.2722751441409692 2257.399429162695
0.2726268176029589 4175.699098462283
0.2729789452901195 1377.3929163741163
0.27333152778913306 2158.651479051862
0.2736845656874392 1774.7138442595385
0.2740380595732367 3247.010646015652
0.2743920100354837 1177.226870936697
0.27474641766389923 4209.3222362012
0.275101283048964 4258.011903960669
0.27545660678192124 1198.9438130353378
0.27581238945477804 1887.9049496269793
0.276168631660306 4518.065642520898
0.2765253339920424 1135.4634880480432
0.2768824970442911 2232.0059539709146
0.2772401214121236 2166.587496227402
0.2775982076913801 3894.5588154072598
0.27795675647867013 2389.2312909296847
0.2783157683713741 1732.6348505446017
0.2786752439676438 6406.492981280808
0.2790351838664037 9538.049005308954
0.27939558866735176 3706.355927098835
0.2797564589709607 5143.450345640567
0.28011779537847853 1834.7289774337041
0.2804795984919301 4716.6175673421685
0.2808418689141177 2790.124573855172
0.28120460724862234 5276.683493103277
0.2815678140998044 10214.62157984139
0.28193149007280505 6648.905709170987
0.282295635773547 4232.940222740455
0.28266025180873555 5286.749422145329
0.28302533878585967 5877.239173476092
0.283390897313193 4239.029247461141
0.28375692799979474 3293.7769720285273
0.28412343145551083 4147.452627869996
0.2844904082909748 2608.1754129682777
0.2848578591176091 2316.591454285641
0.2852257845476256 131.56469665072126
0.28559418519402713 2725.801752469386
0.28596306167060814 2923.2919275600343
0.2863324145919561 3082.7092987348024
0.2867022445734519 7085.790656850017
0.28707255223127165 5990.943141822555
0.28744333818238704 4315.521297258601
0.28781460304456685 8730.025757247975
0.28818634743637767 8644.28177881566
0.288558571977185 9169.218857994862
0.2889312772871544 5940.207235220849
0.28930446398725246 13855.35166420747
0.28967813269924775 4858.782506414324
0.2900522840457119 16044.092889531696
0.29042691865002074 25164.624368278863
0.2908020371363552 20304.428511449994
0.2911776401297025 10947.090382249951
0.2915537282558569 37533.139055829626
0.29193030214142124 16489.943594174092
0.29230736241380745 36651.46677243752
0.29268490970123784 9218.953102910687
0.2930629446327463 13934.111525330438
0.29344146783817904 20253.419324296505
0.2938204799481959 16838.463169975243
0.2941999815942711 1649.5127960560403
0.2945799734086947 16156.34331253218
0.29496045602457327 18123.787317059447
0.29534143007583125 10753.331794134385
0.2957228961972117 5305.078694704069
0.2961048550242777 16928.480647824475
0.29648730719341304 7758.154666063085
0.2968702533418236 13014.845599754264
0.29725369410753827 6959.874305710897
0.29763763012941 32471.67211528639
0.2980220620471169 26179.114465475483
0.2984069905011632 4014.993410781044
0.29879241613288066 29604.395667779467
0.2991783395844291 17939.60999731499
0.29956476149879785 13872.772272574715
0.2999516825198069 914.4611304409264
0.3003391032921076 9390.000792822122
0.3007270244611841 3304.1226454043344
0.30111544667335405 23120.579133262177
0.3015043705757701 9448.574157083845
0.3018937968164207 6894.125905804189
0.30228372604413123 12123.35899236338
0.3026741589085651 13468.788718142228
0.30306509606022475 27388.33118939256
0.30345653815045304 16948.817326848533
0.3038484858314339 15792.553751409643
0.30424093975619376 26417.763677368057
0.3046339005786024 14905.599425326709
0.30502736895337423 16649.47113480364
0.30542134553606926 8398.187751475187
0.30581583098309423 14679.508340674609
0.3062108259517036 12126.064844693457
0.306606331100001 28190.892291205208
0.3070023470869399 26345.762113330293
0.30739887457232484 31552.860482260156
0.3077959142168126 28086.642214353174
0.30819346668191344 6980.144814339529
0.3085915326299918 48121.74725731453
0.30899011272426774 17452.23517634582
0.309389207628818 14427.093543653533
0.3097888180085769 34666.04777665025
0.3101889445293377 2966.498857198504
0.3105895878577537 53285.75606380484
0.310990748661339 51121.47280264962
0.3113924276084701 33961.35135028536
0.31179462536838665 35941.33061674726
0.3121973426111928 78729.47457993048
0.31260058000785806 112932.80831940207
0.3130043382302188 131923.99292343983
0.31340861795097885 977.1726373212314
0.3138134198437112 171249.57569764782
0.31421874458285864 165313.61032075118
0.31462459284373523 103207.06197384672
0.31503096530252706 55862.3737992923
0.31543786263629375 186860.2156199792
0.3158452855229694 50830.639943205264
0.31625323464136373 43252.92736398437
0.31666171067116317 76120.35769525512
0.31707071429293215 143408.04047573928
0.31748024618811393 204727.21492902032
0.31789030703903215 172179.573537767
0.3183008975288916 31176.593473512046
0.3187120183417796 139404.15028811994
0.3191236701626669 85477.67994124272
0.31953585367740917 166567.255163785
0.3199485695727477 9356.498129793055
0.320361818536311 101877.8003952135
0.3207756012566157 223423.7529050847
0.3211899184230675 15388.930040712494
0.32160477072596283 93617.71454719295
0.32202015885648955 99793.7586681433
0.32243608350672837 187358.77719942515
0.3228525453696537 133097.5172315141
0.32326954513913525 43220.64315086497
0.32368708350993886 75435.46334678862
0.3241051611777276 59847.30249565419
0.3245237788390632 214028.35531765007
0.32494293719140704 6763.982671123133
0.32536263693312145 217510.84090842147
0.3257828787634706 331205.7226766104
0.3262036633826219 274152.6626543894
0.3266249914916472 367692.2933319678
0.32704686379252373 89897.65768645327
0.32746928098813544 50048.0475561283
0.3278922437822741 32713.37278022364
0.3283157528796407 121106.55159502175
0.32873980898584615 226513.80815108048
0.3291644128074129 71273.96771171599
0.32958956505177595 305698.84219515265
0.3300152664272839 184605.44673854398
0.33044151764320046 267908.9363246274
0.3308683194097053 87749.64389310827
0.33129567243789537 311855.65663415234
0.33172357743978614 116057.67994707708
0.3321520351283127 204349.06168508492
0.3325810462173309 344366.4671057888
0.33301061142161875 204052.78498414397
0.33344073145687736 170318.94876091025
0.3338714070397323 251078.28133225726
0.33430263888773476 188544.53784034835
0.3347344277193627 184283.77338986404
0.335166774254022 227014.74173104
0.3355996792120479 187492.2819455516
0.3360331433147059 49600.69259486798
0.3364671672841931 171760.9752952483
0.3369017518436396 44854.229844624075
0.33733689771710906 178717.72741951223
0.3377726056296008 71009.94276680364
0.3382088763070504 181608.7128066324
0.33864571047633085 164009.47044095816
0.3390831088652544 56232.783705899106
0.33952107220257305 205502.62767369128
0.33995960121798 169563.5548804389
0.3403986966421113 256603.96466206296
0.34083835920654626 321491.62388314295
0.3412785896438094 89620.32648553413
0.3417193886873713 119313.67645382187
0.34216075707164983 227622.38255624875
0.3426026955320115 240632.707009304
0.34304520480477263 175662.66221280687
0.3434882856272006 143154.22153186688
0.34393193873751493 54410.61897394034
0.34437616487488887 26232.223519364365
0.34482096477945007 187710.54884836482
0.34526633919228245 65610.45933521507
0.3457122888554269 163297.44715181232
0.3461588145118828 18586.852780990714
0.3466059169056093 34177.53947596772
0.3470535967815263 232378.45141858616
0.347501854885516 49585.45108402539
0.34795069196442385 263944.0447122914
0.34840010876606 104906.98269340859
0.3488501060392004 190750.16386548383
0.3493006845335883 21451.412664987103
0.3497518449999352 62999.8090294778
0.35020358818992225 218187.63385916833
0.35065591485620146 75762.6701104135
0.35110882575239705 192482.47630605183
0.35156232163310647 90603.03704353562
0.35201640325390193 140509.24891875414
0.35247107137133166 34637.95025388356
0.3529263267429208 224708.3824166115
0.3533821701271731 390899.4219906817
0.3538386022835719 500066.1756978512
0.35429562397258163 409278.5368764356
0.3547532359556488 294301.8426364016
0.3552114389952035 159201.02138397694
0.3556702338546605 130966.3776027993
0.35612962129842074 236979.25008146127
0.3565896020918723 101235.27137088022
0.357050177001392 68349.84627500469
0.35751134679434643 140668.90151576448
0.35797311223909334 66811.23535316878
0.35843547410498283 140914.25548151726
0.3588984331623589 98503.21317585093
0.3593619901825603 28789.917632181165
0.3598261459379222 201137.32062718473
0.36029090120177726 181200.6291718727
0.360756256748457 124713.43321991048
0.36122221335329313 206434.64536963406
0.36168877179261866 213117.293321652
0.3621559328437694 192496.91935494443
0.36262369728508526 374622.0211184392
0.36309206589591125 90913.23241681738
0.36356103945659923 79838.93324742431
0.3640306187485088 332313.31353284937
0.3645008045540088 219693.3748492642
0.36497159765647863 209101.2536035708
0.3654429988403095 255478.71964722907
0.3659150088909058 540365.7645847941
0.36638762859468615 396424.2509949968
0.3668608587390852 471334.3512806101
0.3673347001125544 543694.18510475
0.3678091535045639 304636.3295256971
0.3682842197056031 132135.97550274263
0.3687598995071828 77004.68432348072
0.3692361937018359 196059.37586305634
0.369713103083119 588093.5074142615
0.3701906284456137 399164.85400423745
0.37066877058492775 168694.82423048074
0.3711475302976968 317152.12743619917
0.3716269083815852 188753.83229998816
0.3721069056352876 79283.8739959989
0.3725875228585303 225635.3938258015
0.37306876085207263 136764.81270818264
0.373550620417708 82747.54748811116
0.3740331023582654 180877.9870793858
0.37451620747761116 64519.567067743475
0.3749999365806494 95095.47672733098
0.3754842904733241 320922.97267746355
0.3759692699626202 250451.48611258078
0.3764548758565649 197873.58692234638
0.37694110896422917 471356.51517300017
0.3774279700957288 475871.9930802297
0.37791546006222604 380408.7449148741
0.3784035796759309 462484.0107950977
0.3788923297501024 444656.02472693205
0.37938171109904983 365496.73879431136
0.3798717245381345 150548.18143498793
0.3803623708837707 601836.631407476
0.3808536509534272 130161.2903355026
0.38134556556562876 127935.08312424208
0.38183811553995717 256073.86753338124
0.38233130169705287 178465.40715993292
0.38282512485861636 207070.39060128195
0.38331958584740927 184694.90068327272
0.38381468548725606 112260.3629331287
0.3843104246030452 442248.2098919834
0.3848068040207306 490795.5820891957
0.3853038245673329 255037.4341827801
0.3858014870709411 154733.21977179052
0.38629979236071366 275871.9053532861
0.3867987412668799 331117.4638614397
0.38729833462074176 158395.52162509106
0.38779857325467454 34425.25339284975
0.3882994580021289 381565.25943341426
0.3888009896976319 223365.74752910313
0.3893031691767885 494995.29001922125
0.3898059972762829 151727.22084874392
0.39030947483388007 197864.18392464853
0.3908136026884269 632655.9166845293
0.39131838167985394 745979.3435177598
0.3918238126491764 471814.48009338713
0.39232989643849575 151768.37806775884
0.3928366338910014 158700.4202442262
0.39334402585097156 64871.35140967118
0.39385207316377496 427771.1322718159
0.3943607766758724 95834.885850953
0.3948701372348177 53522.29180560389
0.3953801556892596 498803.83826001146
0.39589083288894295 235287.20726773315
0.39640216968471 228415.07851007945
0.396914166928502 142114.0495732551
0.3974268254733608 430968.6365158728
0.3979401461734297 634341.6744570611
0.39845412988395545 826735.4360929746
0.39896877746128934 107139.31917388807
0.39948408976288885 902744.1885630228
0.4000000676473189 805125.3366854861
0.4005167119742532 170053.5515872739
0.40103402360447604 1172922.627811679
0.40155200339988345 1155713.4030345974
0.4020706522234846 876242.1751378555
0.4025899709394034 986682.3221848945
0.40310996041287994 179419.1896311212
0.40363062151027174 712265.5641711024
0.4041519550990553 714870.0647416761
0.40467396204782774 432580.267242665
0.40519664322630794 1162300.1047844058
0.40571999950533805 242078.8473505188
0.4062440317568852 205069.11233181495
0.4067687408540426 1131253.1822608
0.40729412767103124 802794.4305686291
0.4078201930832012 933938.4156821815
0.40834693796703325 1044112.4306566388
0.4088743632001402 735841.782646884
0.4094024696612683 1709514.4777740915
0.40993125823029897 1229745.0418797818
0.41046072978825 1286995.5248497732
0.41099088521727706 726395.9125598553
0.41152172540067533 210652.65509963396
0.41205325122288083 332961.4728270773
0.41258546356947184 506627.06903064536
0.4131183633271706 610608.348425385
0.41365195138384453 567979.0511330208
0.4141862286285079 676602.7048832376
0.4147211959513233 1027582.8786989362
0.4152568542436028 502977.63436772453
0.4157932043978101 1131527.8459056455
0.41633024730756124 1169259.0429217643
0.4168679838676267 996487.485080757
0.41740641497393255 628540.5178392169
0.41794554152356206 771170.0910729567
0.41848536441475725 352800.70058320905
0.41902588454692025 715983.2210110717
0.4195671028206148 715877.3552610218
0.42010902013756807 424746.4349871
0.4206516374006716 564040.6013167924
0.4211949555139833 461145.73144754895
0.4217389753827287 325891.4120061201
0.4222836979133026 195958.3119836569
0.4228291240132705 141581.61976880583
0.42337525459137 272162.54954066843
0.4239220905575125 421624.7580362149
0.4244696328227848 556289.9003873338
0.42501788229945026 348774.34720994136
0.4255668399009506 422961.32237789605
0.4261165065419074 839597.2298655711
0.42666688313812356 912865.8419538055
0.42721797060658473 379869.9781307772
0.4277697698654611 776966.2571939597
0.4283222818341087 387515.508272278
0.42887550743307107 435858.9055837109
0.4294294475840806 672185.8919281417
0.4299841032100603 752826.8105799945
0.4305394752351253 751762.0314072503
0.4310955645845842 1270950.00600409
0.4316523721849408 1332042.304365076
0.43220989896389556 1194275.9189388086
0.4327681458503472 1230779.5646181076
0.43332711377439415 1388200.8231202194
0.43388680366733623 1237073.8726175893
0.43444721646167617 112275.53036737913
0.43500835309112107 1745298.090674239
0.435570214490584 1055752.4003786193
0.4361328015961855 1306058.2357893584
0.43669611534525543 2303115.0669316365
0.4372601566763342 2021429.974779242
0.4378249265291744 1191119.0864035801
0.43839042584474247 413170.4600160346
0.4389566555652202 1329970.0463513094
0.4395236166340063 142831.09388381906
0.440091309995718 1541362.871487553
0.4406597365961926 288889.18278736755
0.4412288973824891 983195.770005007
0.4417987933028897 1847711.2056637504
0.44236942530690126 1591744.3396491962
0.44294079434525735 1268304.358175002
0.4435129013699192 210490.73277464695
0.4440857473340779 1717657.4375153417
0.4446593331921554 2085501.148789318
0.44523365989980657 1306780.8719268218
0.44580872841392055 1199035.9353739088
0.4463845396926225 1356795.3556396873
0.44696109469527495 1104016.7023929993
0.44753839438247967 1938785.8538498105
0.4481164397160792 1332621.5194904208
0.44869523165915814 1178492.476957347
0.44927477117604536 1347112.8804779428
0.4498550592323151 1601489.6698852363
0.45043609679478874 2137632.0386288627
0.45101788483153643 1909712.6421026615
0.45160042431187863 2414678.223630215
0.452183716206388 1961396.1526147905
0.4527677614868905 1591783.9048682482
0.4533525611264676 868648.3716644589
0.4539381160994574 2059108.879804879
0.45452442738145654 1426411.5168503723
0.45511149594932176 1771679.5289518815
0.45569932278117153 1825801.984678659
0.4562879088563876 2178659.0629788656
0.45687725515561683 1275043.8680839045
0.45746736266077254 1468698.0219569087
0.4580582323550364 1246899.9038299795
0.45864986522285994 731393.068734999
0.4592422622499662 1004435.2886387215
0.4598354244233515 722878.3961198169
0.46042935273128677 1770852.2006200606
0.46102404816331954 2610926.898345572
0.46161951171027543 618510.0231253025
0.4622157443642599 1060741.1593084047
0.4628127471186596 1799994.296839381
0.46341052096814445 834074.5282735339
0.4640090669086691 859826.5458872237
0.4646083859374744 429130.4902219999
0.4652084790530895 527615.6362538349
0.46580934725533296 2268782.473266634
0.466410991545315 1820015.6089657461
0.4670134129254388 1998638.4658111746
0.46761661239940217 3144665.81818947
0.4682205909721993 1277410.8326042555
0.4688253496501226 2976654.6364373234
0.4694308894407641 2311638.953225863
0.4700372113530173 1798221.791654543
0.4706443163970786 2326989.2576851645
0.4712522055844495 3202908.856980122
0.4718608799279378 2653596.514335209
0.4724703404416594 1166792.8624526677
0.47308058814104015 1697156.6285241055
0.47369162404281734 1855656.3669567734
0.4743034491650416 2267154.546744968
0.4749160645270784 3167462.764393164
0.47552947114960986 2241883.3005084344
0.47614367005463637 1956582.0219665978
0.47675866226547853 804789.0685359965
0.4773744488067784 1324510.4670490162
0.47799103070450166 2791432.5087336884
0.47860840898593915 1059961.5118466183
0.4792265846797084 717612.3375722014
0.4798455588157558 1509565.2242040932
0.4804653324253577 1475530.2303359853
0.4810859065411227 444453.29281617247
0.48170728219699305 1386576.050636026
0.4823294604282464 1440945.8061360107
0.48295244227149764 1037206.2878405432
0.4835762287647006 3221060.2681058915
0.48420082094714956 2513205.5709789256
0.4848262198594814 1896125.8860487195
0.48545242654367693 1039901.694092278
0.48607944204306286 2305770.7412725813
0.48670726740231346 740622.8157950599
0.4873359036674524 2231543.671259699
0.48796535188585416 1870947.9076511837
0.48859561310624633 2167007.2995940237
0.4892266883787108 2736547.8828325416
0.4898585787546859 2978073.8061519936
0.49049128528696795 2282948.898392014
0.4911248090297131 2778680.3980566845
0.49175915103843904 2353834.1154634035
0.49239431237002673 3729001.0145277735
0.49303029408272236 2301636.1827071263
0.49366709723613883 3634380.5648296485
0.4943047228912576 1712031.1812032233
0.4949431721104307 1736515.5888517099
0.49558244595738216 646894.366583807
0.4962225454972099 634995.9604445421
0.4968634717963876 1315969.38364732
0.4975052259227665 895266.2628144554
0.4981478089455769 1006046.9192817978
0.49879122193543024 2375478.650447204
0.49943546596432076 700672.284077195
0.5000805421056272 2408292.808640936
0.500726451434115 541559.2253987448
0.5013731950259372 1000009.8249636671
0.5020207739586375 611247.3459438075
0.5026691893111509 1163013.2783038334
0.5033184421638061 3590555.521375129
0.5039685335983272 1453479.0129969046
0.5046194646978353 1956336.8343795277
0.5052712365468507 1380735.1626247915
0.5059238502312943 556523.9137511634
0.5065773068384898 1677699.7324400237
0.507231607457165 1034580.8069164595
0.5078867531774541 954762.7301965195
0.5085427450908995 2668160.2367825913
0.509199584290453 1556474.1562469248
0.5098572718704785 766429.6844698248
0.5105158089267531 790149.3706057165
0.5111751965564693 796512.5217829503
0.5118354358582369 648320.588211657
0.5124965279320843 559118.2971149232
0.5131584738794613 827822.8734076553
0.5138212748032398 686831.3535975822
0.5144849318077164 3356508.511146943
0.515149445998614 2177730.5296558095
0.5158148184830837 2373043.4401113437
0.5164810503697066 2339943.7521702596
0.5171481427684955 493539.58626178675
0.5178160967908972 793874.7199721888
0.5184849135497939 566017.9583848247
0.5191545941595049 1853168.0277867112
0.5198251397357894 1783503.091521191
0.5204965513958473 1305138.8818726086
0.5211688302583215 2230455.9284248706
0.5218419774432999 1789792.1132968785
0.522515994072317 2757229.3942599604
0.523190881268356 2149788.2533420366
0.5238666401558505 2531192.150252971
0.5245432718606864 3467482.4177898164
0.5252207775102038 2274743.864394606
0.5258991582331989 2854789.013546173
0.5265784151599259 994638.4119003934
0.5272585494220988 2215256.0272752135
0.5279395621528935 2614961.815476261
0.5286214544869493 2299709.690165578
0.529304227560371 3593592.865366918
0.529987882510731 2646176.1257919855
0.5306724204770709 3960995.892805168
0.5313578425999034 2559311.6789792017
0.5320441500212145 3389612.6271623736
0.5327313438844651 1421446.832998541
0.533419425334593 2122554.7533387844
0.5341083955180147 953114.7677132289
0.5347982555826277 2425289.100055505
0.535489006677812 2746804.6544489637
0.5361806499544318 1765292.0117605668
0.5368731865648385 2514561.737205368
0.5375666176628714 2051049.9396971934
0.53826094440386 4093085.6687976327
0.5389561679446264 2736427.8003910864
0.5396522894434866 1693761.0009831737
0.540349310060253 2648487.612084777
0.5410472309562355 2366174.9099837043
0.5417460532942445 3206964.280842709
0.5424457782385921 1609670.2646856853
0.5431464069550941 2162476.0736928973
0.5438479406110722 3829659.2119635358
0.5445503803753559 2750286.957505981
0.5452537274182842 2088545.0825895478
0.5459579829117078 1968737.104952823
0.5466631480289911 3324251.8923594374
0.5473692239450139 3300097.2993748146
0.5480762118361733 2189654.9037510417
0.5487841128803863 3034054.5520161996
0.5494929282570911 3403666.644677556
0.550202659147249 2039453.5992957475
0.5509133067333469 1644863.3277820032
0.5516248721993993 2546226.835647926
0.5523373567309493 2128410.4814595734
0.5530507615150719 2029789.8293379243
0.5537650877403749 3445337.316365291
0.5544803365970017 3322777.780152477
0.5551965092766324 1531753.821813424
0.5559136069724869 2155641.9620909737
0.5566316308793258 2611672.179221606
0.557350582193453 2036386.0866483883
0.5580704621127176 3030760.7114276504
0.5587912718365159 1884815.5131100996
0.5595130125657932 2126561.1507332907
0.5602356855030461 1814607.302862537
0.5609592918523243 3351991.0053080944
0.5616838328192327 1432696.4171996342
0.5624093096109333 1961716.2753210424
0.5631357234361473 1729509.0940471513
0.563863075505157 3744127.7709097643
0.5645913670298083 2431747.3647835725
0.565320599223512 2129068.566957648
0.566050773301246 2759743.2021040553
0.566781890479558 2316901.7087981342
0.5675139519765664 2488821.415021658
0.5682469590119634 1561162.8675662286
0.5689809128070165 2173517.355012997
0.5697158145845702 4102675.8503272096
0.5704516655690491 3503225.9060553988
0.5711884669864588 1689003.8253326279
0.5719262200643883 2788376.8680555127
0.5726649260320128 2479883.448757387
0.5734045861200945 3217462.905562604
0.5741452015609856 3277071.530364633
0.5748867735886298 2702284.4188037696
0.5756293034385648 3910943.920236623
0.5763727923479239 3060954.7839147337
0.5771172415554386 3839457.770146124
0.57786265230144 2927956.469476443
0.5786090258278614 2471201.6538354475
0.5793563633782405 3251021.5808470007
0.5801046661977204 4459626.385891467
0.5808539355330532 4311988.587019584
0.581604172632601 3619201.712930251
0.5823553787463382 3316326.1081020613
0.5831075551258539 3440752.9719904084
0.5838607030243536 4194461.738786915
0.5846148236966615 2590641.8874985003
0.5853699183992227 1316128.8644376812
0.5861259883901049 2220228.591464788
0.5868830349290007 2661267.846588135
0.5876410592772301 2306464.552313283
0.5884000626977419 1806981.7749031219
0.5891600464551162 1064285.0847895439
0.5899210118155666 1393538.87621889
0.5906829600469419 1647814.8898759123
0.5914458924187286 2108002.21311455
0.592209810202053 917631.7501973701
0.5929747146696831 2154735.9197609215
0.5937406070960306 2794645.519019873
0.5945074887571536 3050759.6048005335
0.5952753609307583 2888830.4578748164
0.596044224896201 2927153.5042568725
0.5968140819344906 2398512.297860351
0.5975849333282904 2526246.596396161
0.5983567803619207 2892576.607905331
0.5991296243213603 2973972.1854747958
0.5999034664942493 2193286.1493852898
0.6006783081698907 2031753.7150506973
0.6014541506392527 3635190.982032578
0.6022309951949713 3293126.5644124663
0.6030088431313516 2195414.1198952077
0.6037876957443711 3429931.642245752
0.6045675543316804 3717589.094808256
0.6053484201926067 3536326.4678207934
0.6061302946281554 3610618.1152384225
0.606913178941012 3885773.150143345
0.6076970744355448 3568257.1765568014
0.6084819824178068 3380298.2636720627
0.6092679041955378 2974830.1200743397
0.6100548410781669 3534432.3053085003
0.6108427943768142 3386883.9769198713
0.6116317654042935 3459059.0535830082
0.6124217554751141 2667785.4233423485
0.6132127659054832 2748418.45894211
0.6140047980133081 4215808.754095949
0.614797853118198 4378804.241269277
0.6155919325414669 2490724.0204755682
0.6163870376061353 1944950.4261963416
0.6171831696369325 3742064.065566927
0.6179803299602988 2254673.0123928753
0.6187785199043878 2847453.5037110155
0.6195777407990685 2607046.8798592105
0.6203779939759276 3894525.8628224367
0.6211792807682718 3562469.5368125592
0.6219816025111297 2796175.847590954
0.6227849605412543 2397634.8342407076
0.6235893561971254 1794178.5183169912
0.6243947908189514 1563720.8692742921
0.6252012657486716 1633752.1468985202
0.6260087823299588 2195173.3907173695
0.6268173419082212 1966163.46837326
0.6276269458306047 1687551.5783751928
0.6284375954459953 3488978.5865505165
0.6292492921050211 3167455.340941229
0.6300620371600548 2014855.3059555788
0.6308758319652158 2991383.1032492495
0.6316906778763725 3483529.239420922
0.6325065762511444 3190626.476640368
0.6333235284489048 3362804.5638480512
0.6341415358307828 4500803.7896858575
0.634960599759665 2559145.853673451
0.635780721600199 3311753.746027365
0.6366019027187947 2422295.271936906
0.6374241444836267 2188420.3415100025
0.6382474482646371 3445261.380115574
0.6390718154335371 1614722.5760465784
0.6398972473638099 2598572.4487751187
0.6407237454307124 3537579.8292136416
0.6415513110112782 3007280.694352856
0.6423799454843191 2863524.0531938896
0.643209650230428 2816930.535171563
0.6440404266319809 2428016.672172059
0.6448722760731393 2909454.7710640063
0.6457051999398528 2847052.4725996484
0.6465391996198605 3954040.6468596323
0.6473742765026943 1909315.1703531218
0.648210431979681 2496044.288250216
0.649047667443944 3626137.106074588
0.6498859842904064 2244792.1621166505
0.650725383915793 3215457.955267333
0.6515658677186326 3153569.43923492
0.65240743709926 2985307.386501627
0.6532500934598191 3434848.79422643
0.6540938382042647 4971370.292884636
0.6549386727383651 3784044.542461408
0.655784598469704 3861614.1741229063
0.6566316168076834 4437294.490017136
0.6574797291635256 4031418.971276614
0.6583289369502757 4642785.4444131255
0.6591792415828038 3490484.8861328387
0.6600306444778076 4298813.540463716
0.6608831470538145 3790897.479242905
0.6617367507311841 4248834.405958657
0.6625914569321106 2758875.550775348
0.6634472670806253 5152850.692702333
0.6643041826025985 4921020.93961171
0.6651622049257422 3803342.4502141816
0.6660213354796125 3320545.522963458
0.666881575695612 2158220.0069445525
0.6677429270069922 3722410.3220620845
0.6686053908488555 1894852.1852433963
0.6694689686581581 2864987.9967475827
0.6703336618737122 4497293.345186408
0.6711994719361883 4067535.936441617
0.6720664002881177 2826495.3814864606
0.6729344483738949 2457884.3204670097
0.6738036176397803 2075216.671595618
0.6746739095339015 3291023.651649078
0.6755453255062573 3574637.9159284546
0.6764178670087191 3639389.087792896
0.6772915354950335 3915374.5438017994
0.6781663324208247 1811883.106337659
0.6790422592435972 3387785.2456813524
0.6799193174227377 2510186.909654093
0.6807975084195184 2799101.807751771
0.6816768336970983 1692239.041060991
0.6825572947205266 3747225.130821538
0.6834388929567448 2417005.700416225
0.6843216298745888 2479100.6564597404
0.6852055069447919 2154223.3350250334
0.686090525639987 3359575.0979499104
0.686976687434709 2791378.0571096456
0.6878639938053974 3419565.8974621
0.6887524462303988 1981604.9205312424
0.6896420461899688 3075822.617031736
0.6905327951662755 2665891.677430485
0.6914246946434008 2929015.4603209756
0.6923177461073441 2273684.8912420548
0.6932119510460234 3858644.9614014276
0.6941073109492792 3048021.055815433
0.6950038273088759 2844041.813729674
0.6959015016185046 4660754.6998350965
0.6968003353737862 3494694.4744330077
0.6977003300722725 4735016.0139096575
0.6986014872134505 3560317.525188674
0.6995038082987433 3531613.9667183445
0.7004072948315134 3332672.4780817474
0.7013119483170653 4599080.322412749
0.7022177702626474 5007561.311833758
0.7031247621774551 3423764.85557343
0.7040329255726332 6483256.068778991
0.704942261961278 5585306.26459729
0.7058527728584403 6355153.37778884
0.7067644597811278 4855249.323242241
0.7076773242483075 6398373.808982865
0.7085913677809085 4449992.307005471
0.7095065919018239 3168498.0836683987
0.7104229981359143 2106757.811872426
0.7113405880100095 2072872.4334179861
0.7122593630529116 5482708.174721711
0.7131793247953971 2411505.6385876318
0.7141004747702199 1756606.1014426663
0.7150228145121131 5097888.023229782
0.7159463455577929 2941155.02251717
0.7168710694459597 2252834.6645069774
0.7177969877173015 2909759.4182930407
0.7187241019144962 3352681.8671692368
0.7196524135822144 4638837.430670327
0.7205819242671219 1686269.495814828
0.7215126355178816 5902612.844637873
0.7224445488851574 5713124.372632102
0.7233776659216156 6496888.319182733
0.7243119881819281 4285812.745020388
0.7252475172227748 5295405.314710185
0.7261842546028463 3438673.3982488755
0.7271222018828462 3746983.577267986
0.7280613606254942 4785179.628566062
0.7290017323955282 6335117.494887617
0.7299433187597074 6844558.492761541
0.7308861212868143 6387795.932315771
0.7318301415476578 4826791.596953761
0.7327753811150759 5527265.379464723
0.7337218415639377 5801478.3047536835
0.7346695244711468 6573494.027788683
0.7356184314156431 5105939.148804907
0.7365685639784064 7016048.998697509
0.7375199237424581 6619780.4861053685
0.7384725122928644 5512614.544675074
0.7394263312167387 6657253.137728716
0.7403813821032447 6745515.584695397
0.741337666543598 6639364.586640253
0.7422951861310702 6864981.685833889
0.7432539424609902 6415672.112923361
0.7442139371307476 6887695.700102871
0.7451751717397954 6497521.670278359
0.7461376478896523 6449720.706100253
0.7471013671839055 6344737.025813504
0.7480663312282135 6829990.739656204
0.7490325416303087 6768748.723764271
0.75 7095009.999999507
0.7535957271382807 5495908.74569131
0.757208693281432 7112142.282546934
0.7608389810784641 7213643.312254215
0.7644866735746316 6453495.005763741
0.7681518542133332 6777947.620426304
0.7718346068380205 4774361.677251178
0.7755350156941161 6076982.349784065
0.7792531654309404 4543410.691962482
0.7829891411036486 5152682.613748608
0.7867430281751759 5411592.0237205755
0.7905149125181926 5536229.352782119
0.7943048804170689 6569228.213661712
0.7981130185698482 6067645.081018949
0.8019394140902305 7186208.716899712
0.8057841545095653 6642589.4487931
0.8096473277788541 6366607.987589398
0.8135290222707618 7184079.618921324
0.817429326781639 7289417.114828519
0.8213483305335527 7345702.718753338
0.8252861231763274 7113946.961512373
0.8292427947895962 7468981.3555115815
0.833218435884861 7029096.811451816
0.8372131374075636 7457755.438554944
0.8412269907391656 3504104.4694358907
0.8452600876992389 5853728.635229953
0.8493125205475665 6759263.759070026
0.8533843819862523 6373085.767625502
0.8574757651618429 5833857.192150801
0.8615867636674567 6359286.913502623
0.8657174715449267 6472816.798507784
0.8698679832869504 6407828.137063825
0.8740383938392522 6257370.975529956
0.8782287986027549 6782522.548791958
0.8824392934357623 4142578.861644463
0.8866699746561519 6100105.770884648
0.8909209390435783 6769441.4026376335
0.8951922838416869 5777933.8796291705
0.8994841067603389 6481157.40676632
0.903796505977846 7300235.2497977195
0.9081295801432163 6748676.267827663
0.9124834283784115 7108106.407289758
0.9168581502806137 7276694.861639315
0.9212538459245041 7118086.973949115
0.9256706158645523 6664031.606367574
0.9301085611373165 6720016.3132008
0.9345677832637547 6561960.193714581
0.939048384251547 5763870.40581801
0.9435504665974296 7024096.871973649
0.9480741332895386 6524073.615119831
0.9526194878097667 7008792.388227608
0.9571866341361303 6449574.935867321
0.9617756767451473 6797810.025557001
0.9663867206142284 6361087.0420998465
0.9710198712240772 7057844.595344029
0.975675234561104 6792376.58711328
0.9803529171198504 7008896.704676436
0.9850530259054243 6876372.625199408
0.9897756684359491 4723962.441423885
0.9945209527450225 6447130.490906462
0.9992889873841879 6620025.54968087
1.0040798814254177 5855938.760595796
1.0088937444636084 5765431.098619579
1.0137306866190876 6729306.742427145
1.0185908185401331 6812873.397430897
1.023474251405504 6648227.755440865
1.0283810969269844 6516940.613936702
1.033311467351938 6592741.383291476
1.0382654754658767 6651688.2850832
1.04324323459504 6469213.366188884
1.048244858608988 6600944.929293833
1.053270461923206 6605877.15750674
1.0583201595017218 6482638.354985811
1.0633940668597348 6527870.332638592
1.0684923000662605 6585085.603536161
1.0736149757467832 6340517.196030676
1.0787622110859263 6461828.195532001
1.0839341238301308 6363174.842328241
1.08913083229035 6343399.806768795
1.0943524553447561 6408429.051479197
1.099599112441459 6131266.119544001
1.1048709236012393 6196255.370512382
1.1101680094202928 6303934.883374217
1.1154904910729908 6021581.845894109
1.120838490314651 6171047.908800372
1.126212129484323 6108665.166508705
1.1316115315075865 6169309.739061937
1.1370368198993641 6112902.960325151
1.1424881187667462 5803800.18967027
1.1479655528118298 6021928.354417414
1.1534692473345722 5908560.117868595
1.1589993282356565 5944339.777151932
1.164555922019371 5982651.603637664
1.170139155796505 5942943.298746384
1.1757491572872547 5891122.954563522
1.1813860548241462 5782837.332366196
1.1870499773549694 5831633.24648267
1.1927410544457302 5627767.578359904
1.198459416283613 5609512.888773534
1.2042051936799583 5754540.39094345
1.2099785180732563 5696535.839297251
1.2157795215321532 5648104.338733487
1.221608336758472 5484705.347962902
1.2274650970902483 5632098.101568015
1.2333499365047813 5596589.329996238
1.2392629896216973 5540938.570466425
1.24520439170603 5337739.740733288
1.251174278671315 5475699.56676108
1.2571727870826979 5467286.481782784
1.2632000541600594 5192416.530383932
1.269256217781154 5383072.760385827
1.2753414164847634 5376896.589893547
1.281455789473867 5200485.815565463
1.2875994766188243 5231120.45726425
1.2937726184605767 5223430.206041002
1.2999753562138607 5230390.691611463
1.30620783177044 5159295.258769351
1.3124701877023488 4005691.515173934
1.3187625672651564 5136778.001027604
1.3250851144012417 4975775.732377041
1.3314379737430875 4749169.625386701
1.337821290616588 4993429.651965032
1.3442352110443743 4742790.190493535
1.3506798817491539 4670813.038834521
1.3571554501570673 4894487.103664292
1.363662064401061 4746648.9997615125
1.3701998733242755 4682752.109464677
1.3767690264834498 4780153.7905360535
1.3833696741523442 4745980.29383723
1.3900019673251762 4664007.8226417955
1.3966660577200758 3972746.5823841896
1.4033620977825552 4599472.389780932
1.4100902406889968 4494306.96116505
1.4168506403501568 4172036.5546905724
1.4236434514146867 4064830.0632638033
1.43046882927267 4508877.180170786
1.4373269300591769 4480388.9410696095
1.4442179106578377 4085458.75738186
1.4511419287044287 4262553.230226912
1.4580991425904812 4431441.297536808
1.4650897114669033 4063155.623678969
1.4721137952476195 3892883.2576371497
1.4791715546132318 3961177.3545274064
1.4862631510146926 4019761.139967375
1.4933887466769993 4139409.0757592674
1.5005485046029052 3844805.0687600737
1.5077425885766482 3408008.9020080715
1.514971163167697 4096030.281704486
1.5222343937345166 4168068.441914564
1.5295324464283504 3839085.843659819
1.5368654881970214 3493411.182457454
1.5442336867887507 3878795.5694279913
1.5516372107559953 4187560.5808034157
1.559076229459304 4024996.460034573
1.5665509130711908 4043505.4290788714
1.5740614325800286 3471455.319417613
1.5816079597939605 3963822.4147963594
1.5891906673448297 3358883.055521979
1.5968097286921286 3440086.163330841
1.604465318126967 3893283.0061640744
1.6121576107760593 3797370.0257804114
1.6198867826057304 3185744.2794695334
1.6276530104259406 3809510.690841911
1.6354564718943307 2276525.874006619
1.643297345520287 3818824.3997285143
1.6511758106690229 3857801.038965107
1.659092047565683 3772163.268596696
1.6670462372994665 3693634.1941140527
1.6750385618277683 2129581.297676444
1.6830692039803425 3657961.5881109172
1.6911383474634847 3634521.582143445
1.6992461768642335 3430256.5085080145
1.707392877654594 3274396.245645558
1.7155786361957803 3367511.719463747
1.7238036397424783 3107828.529719594
1.7320680764471306 3287078.255529743
1.7403721353642378 3281924.793513418
1.7487160064546867 3006918.033893183
1.7570998805900933 3235330.220542022
1.76552394955717 2730699.6337005612
1.7739884060621127 2722012.6237054705
1.7824934437350097 2362244.7692911257
1.7910392571342704 2695925.1181260315
1.7996260417510754 2674867.1209447896
1.80825399401385 2298615.5598319327
1.8169233112927567 2531865.440137197
1.8256341919042098 2444818.5653892597
1.834386835115414 2605265.1349199577
1.8431814411489198 2409212.6357430723
1.8520182111872059 2708114.2125373315
1.8608973473772803 2541045.1859514536
1.8698190528353054 2012796.1644900525
1.8787835316512442 2262658.3643260533
1.8877909888935285 2342827.840341183
1.89684163061375 2283843.790394331
1.9059356638513747 2465916.855645563
1.915073296638478 2300889.6164686703
1.9242547380045036 2222257.983024134
1.9334801979810476 1815510.5992807564
1.9427498876066593 1838300.4372102132
1.9520640189316716 1840016.6226313268
1.96142280502305 2061795.1905956294
1.9708264599692682 1892217.0899846696
1.9802751988852059 2007967.0182810246
1.9897692379170668 2089636.2350275777
1.999308794247326 1894703.4142788856
2.0088940860996973 1895377.6328143983
2.018525332744124 1887068.2501670998
2.0282027545017973 1797891.2494953135
2.037926572750194 1963889.6367238148
2.0476970099281426 1833478.5382007374
2.057514289540909 1731075.2663582028
2.0673786361653126 1907445.8152071931
2.0772902754548603 1530896.0987125915
2.0872494341449133 1875488.8025058685
2.097256340057868 1600764.8557954144
2.107311222108371 1582688.4148923492
2.1174143103085554 1713236.4311704908
2.1275658357733027 1718901.4716376257
2.1377660307255275 1636166.065468507
2.1480151285014935 1654878.8524354005
2.158313363556147 1715378.5032378447
2.168660971468484 1649165.9004020554
2.1790581889469367 1560394.7791287317
2.189505253834789 1583137.2254801968
2.2000024051156175 1609062.4274637478
2.21054988291876 1567129.257854413
2.2211479285248057 1290283.1750479736
2.231796784371116 1549147.020367215
2.2424966940573703 1472884.032650124
2.2532479023511387 1521672.9082026207
2.264050655193483 1446634.9297323877
2.274905199704578 1494043.9451992193
2.2858117841893697 1457415.4673964456
2.296770658143252 1417760.5298272388
2.307782072257775 1384708.896239102
2.318846278426381 1401345.2453052027
2.329963529750166 1294377.0969450115
2.341134080543669 1260361.6536496019
2.3523581863406884 1281766.426145329
2.3636361039001312 1084596.677260888
2.374968091211883 1249984.019545861
2.386354407502711 1241138.5402560863
2.3977953132421947 1253738.2162219987
2.4092910701486843 955655.5273710352
2.420841941195286 1120672.6425090586
2.4324481906158777 1041894.7608863132
2.444110083911157 743415.2966182282
2.4558278878547095 996598.1392490764
2.467601870499117 1083768.8897480816
2.4794323011820847 870536.3574994907
2.491319450532605 817940.7198033473
2.503263590477147 780857.2319113768
2.5152649942458787 717308.7238088486
2.5273239363789144 812072.7719202216
2.5394406927326 788007.1676817925
2.5516155404858174 731894.5058513413
2.5638487581463285 735301.3263537713
2.5761406255571475 836913.4656730955
2.5884914239029375 802334.0386347037
2.6009014357164504 668831.0398439593
2.6133709448849824 877177.4457116097
2.625900236656872 798099.2744790872
2.638489597648025 753092.3568543321
2.6511393158484706 734417.741412539
2.663849680628949 688322.7698747299
2.676620982747533 696646.7500255882
2.6894535143562757 713059.2771246228
2.702347569007896 682123.8272446651
2.7153034416624937 803307.4302572368
2.7283214286942967 755493.2692965581
2.741401827898442 674184.5969512671
2.7545449384977845 746636.2639187035
2.7677510611497445 708347.101660249
2.7810204979531865 716960.2350196239
2.7943535524553265 676830.7923807903
2.8077505296586787 644483.609399625
2.821211736028033 523871.9326149858
2.8347374794974622 579457.1635570191
2.8483280694773696 546017.5307194868
2.861983816861565 530493.30357774
2.8757050340343775 578463.7223768069
2.8894920348778004 588417.2476659587
2.903345134778675 502278.36397804733
2.9172646506359 579964.7194755657
2.931250900867685 567244.7525547515
2.945304205418831 562717.139327175
2.9594248857680525 380618.06605511165
2.9736132649353317 521852.3562980749
2.9878696674893046 390061.6852198754
3.0021944195546872 531466.960338576
3.0165878488197375 515904.58271763095
3.031050284543749 415178.33348019945
3.045582057564585 439515.4195691365
3.060183500306246 509315.17138905916
3.0748549467864725 532805.8844316306
3.089596732624388 473706.9202893345
3.1044091950481763 438158.1023339039
3.1192926729027923 475394.90284060244
3.1342475066577213 435702.38741060946
3.1492740384147586 435228.2666726904
3.1643726119158395 385986.4344491769
3.1795435725509034 372072.5110206984
3.194787267365793 409327.79844720213
3.210104045070193 374115.4761669913
3.2254942560456112 355054.5838168677
3.240958252353387 411716.91992614954
3.2564963877427493 366615.4005848559
3.272109017658909 370669.10358551366
3.2877964992511868 365415.6398293277
3.3035591913811895 380488.03814531554
3.3193974546310105 319403.03946713114
3.335311651311486 350723.9487718368
3.3513021454704788 374316.2374366879
3.3673693029012073 351501.7210455761
3.3835134911506137 364097.1173002893
3.3997350795277725 336153.93205662485
3.416034439112336 362409.1346414107
3.4324119427630264 370514.0110877684
3.448867965126162 341560.9334141455
3.4654028826442294 295956.8154446799
3.482017073564496 325770.20875227585
3.4987109179476596 294307.72263883235
3.5154847976765438 331250.0901610758
3.5323390964648356 332354.71440408967
3.5492741998658603 309172.50452605204
3.5662904952814025 309635.7765358973
3.58338837197057 313112.316989463
3.6005682210586953 311777.65049701056
3.6178304355462845 302717.9292261745
3.635175410318007 292624.46210433566
3.6526035421517284 298109.6886943172
3.6701152297275876 278723.04013185477
3.687710873637119 281663.31244072807
3.7053908763924124 284233.8934360403
3.7231556424353216 283250.73561251146
3.7410055781467184 273149.4611784096
3.758941091855786 273986.874436823
3.7769625938493654 271062.5788186934
3.795070496381332 257381.05801328446
3.8132652136820346 260478.82905461045
3.8315471619677655 258342.10504306218
3.849916759450285 252843.95455255284
3.8683744263463873 245534.38948290702
3.8869205848875135 245254.0928878468
3.9055556593294094 241987.04652369345
3.9242800759618315 238694.47265861224
3.943094263118298 232488.11135591415
3.9619986511858882 226095.84428103064
3.980993672615089 220931.2190661416
4.000079761929683 217889.26673263707
4.019257355736694 202197.82316253317
4.03852689273637 213602.67995031292
4.057888813732221 192447.7917409453
4.077343561641103 201659.14973133805
4.096891581503353 201398.66455895823
4.11653332049296 177982.1961565661
4.136269227927804 190734.86865334318
4.156099755279931 189839.7861202415
4.17602535618588 178806.83251045973
4.19604648645706 179719.33931651205
4.216163604090182 175154.33101979215
4.236377169277727 172033.57902706668
4.25668764441848 173251.54892741726
4.277095494128106 172768.84816395276
4.2976011852497775 166925.99819091905
4.318205186864858 161540.12087485808
4.338907970303623 162751.44745603847
4.359710009156054 151867.45244273785
4.380611779282662 144616.60545329895
4.4016137588253805 127463.96137603123
4.422716428218497 142453.1046055005
4.4439202701996505 86584.09628284852
4.465225769820868 88592.99137255848
4.486633414459661 127633.22324586152
4.50814369383018 117695.72664002514
4.529757099994412 127439.39248174484
4.551474127373438 113803.91146504482
4.5732952727587435 102162.90932178768
4.595221035323583 123489.36483670578
4.617251916634397 125222.66547857855
4.639388420662292 121326.88360694467
4.661631053794558 121621.10100613516
4.683980324846266 106980.7205251554
4.706436745071897 112073.31264835052
4.729000828177038 115280.4352462291
4.751673090330143 111612.95184039226
4.774454050174326 96251.29936792763
4.79734422883924 113259.66098560618
4.820344149952989 110478.52532491932
4.843454339654107 101802.55901666346
4.866675326603597 95475.28619316284
4.890007641997023 88459.00644534611
4.91345181957666 97902.98998085184
4.937008395643709 91506.7137695332
4.960677909070557 95279.7147742052
4.98446090131311 89598.66614392328
5.008357916423177 78610.06396099519
5.032369501060916 90312.13915606652
5.0564962045073445 79337.24643007311
5.0807385786768915 85855.24874133502
5.105097178130036 64393.11739596607
5.129572560085985 82859.41305121631
5.154165284435427 81647.0691585175
5.1788759137533305 77210.24964773827
5.203705013311826 72145.45447092543
5.2286531510931225 57182.86901489289
5.253720897802513 72529.50023160978
5.278908826881421 76159.22617986785
5.304217514520523 71970.22424798583
5.329647539672928 70201.7273571498
5.355199484067426 69936.4154738765
5.380873932221783 71649.4967671044
5.406671471456126 56358.00092770731
5.432592691906369 50757.263496320025
5.458638186537719 50651.95209272637
5.484808551158237 65311.69100239163
5.511104384432469 64595.52534075024
5.537526287895138 62011.345852987295
5.5640748659649075 51744.15642030172
5.590750725958208 55013.49952578394
5.617554478103128 60130.06718136223
5.644486735553375 53740.05143342911
5.671548114402301 59810.60613095157
5.698739233696996 57786.000809826946
5.726060715452448 53569.00490225197
5.753513184665774 43335.43628603699
5.781097269330519 54381.57017579413
5.808813600451015 54293.80580866789
5.836662812056822 50919.3476809082
5.864645541217231 49799.68456069057
5.892762428055834 47130.61808460079
5.921014115765167 48471.43695333678
5.949401250621433 44828.036584008776
5.977924481999274 48132.101912215156
6.0065844623866305 48749.62207701575
6.035381847399669 47614.3459458915
6.0643172957977765 44277.22518357629
6.093391469498636 43992.035633453015
6.122605033593362 42960.65176059182
6.151958656361717 38667.01901989725
6.181453009287397 37969.708165501375
6.2110887670734 42578.83268225023
6.240866607657446 41032.3940254182
6.270787212227504 40177.006327602176
6.300851265237357 39970.87392796374
6.331059454422269 40386.55388698069
6.361412470814716 38449.87110040218
6.39191100876019 37842.94452780966
6.422555765933088 37397.97487673253
6.45334744335267 32380.151545208148
6.4842867453990936 37322.25944072112
6.515374379829527 31704.961511332876
6.546611057794343 33002.957470465066
6.57799749385338 30995.657769848876
6.609534405992302 32496.36831559016
6.641222515639004 28440.661248745822
6.6730625476801295 31042.3593505714
6.7050552304776465 29247.57061500863
6.737201295885512 28904.940683062796
6.769501479266411 27079.344289543165
6.801956519508584 27609.675858401934
6.83456715904272 25117.665638066264
6.867334143858949 23014.146346533445
6.900258223523903 24058.04828937939
6.933340151197861 26083.22663699012
6.966580683651985 26094.9953150127
6.999980581285625 23975.163597568036
7.0335406081437135 23866.78868626422
7.067261531934249 26029.32111611442
7.101144124045853 24177.051193052645
7.135189159565416 23820.579325723364
7.169397417295838 22337.559902211404
7.203769679773824 22669.648932117507
7.238306733287806 22566.21307820535
7.2730093678959165 22607.8939108584
7.307878377444066 21311.294813508503
7.342914559584106 20918.359088442754
7.37811871579207 19333.238943483884
7.413491651386511 20939.08889259753
7.449034175546921 19954.22989902754
7.484747101332247 20640.13529739974
7.520631245699485 19552.755954703425
7.556687429522369 19259.085529746855
7.592916477610153 19644.331426975943
7.629319218726471 17914.546622030404
7.665896485608313 17959.29900343083
7.702649114985049 17850.60072597258
7.73957794759759 17846.759958360653
7.77668382821761 18506.36215848083
7.813967605666878 17335.64973338645
7.8514301328366685 16090.118192036916
7.8890722667072755 15455.301237165664
7.926894868367619 15958.092618723285
7.964898803034935 16406.641718611554
8.003084940074578 15885.78977206444
8.041454153019895 14663.489560215501
8.080007319592234 15069.386913668146
8.118745321720986 14324.68914737654
8.15766904556379 14229.527300689546
8.196779381526783 14356.578427728275
8.23607722428499 13882.480900762412
8.275563472802775 13701.973822124735
8.315239030354402 12391.093201881518
8.355104804544718 12877.855564489024
8.395161707329892 12491.958726327388
8.435410655038293 12057.928118673291
8.47585256839144 11726.356464213271
8.516488372525082 12402.242030985772
8.557318997010336 11345.143511304364
8.598345375874969 12307.548984450383
8.639568447624761 12020.212316506306
8.680989155264971 10841.624885237676
8.722608446321914 10024.831583731746
8.764427272864628 11122.813894990471
8.806446591526663 9943.876853744874
8.84866736352796 9259.221947627439
8.891090554696834 10373.80920260861
8.933717135492076 10636.819787615148
8.97654808102516 8400.384712262861
9.019584371082525 10375.716176102193
9.06282699014801 9267.010099999701
9.106276927425366 9334.736114914756
9.14993517686089 9060.41669136403
9.193802737166154 8430.068908351028
9.237880611840858 9281.428881517002
9.282169809195782 8686.319292619373
9.326671342375855 7957.875018062149
9.37138622938333 8576.376147647796
9.416315493101063 8046.634553786079
9.461460161315939 7701.258639515228
9.506821266742346 8177.18087979469
9.552399847045825 7872.588530609124
9.5981969448668 7823.152851900788
9.644213607844426 7636.257347494683
9.690450888640562 7112.203892243433
9.736909844963844 7127.605634589373
9.783591539593884 7298.3533090280625
9.830497040405579 6987.55822178579
9.877627420393544 7147.316327926112
9.924983757696651 6551.795281862298
9.972567135622711 6994.363572463763
10.020378642673224 6157.680457109793
10.068419372568302 6568.796313405923
10.116690424271683 6292.708496468759
10.165192902015866 6175.910227989538
10.213927915327382 6051.4817562992885
10.262896579052162 5956.309123793901
10.31210001338105 5665.274141037817
10.361539343875423 5769.713903450308
10.411215701492937 5590.339489162144
10.461130222613402 5301.87782758694
10.511284049064788 5546.016993486711
10.56167832814932 4962.087221079457
10.612314212669743 4907.250751075026
10.663192860955688 4854.320056732648
10.714315436890168 4642.163057846181
10.765683109936202 5147.851573473112
10.817297055163571 4785.834935865941
10.869158453275698 4689.200370062008
10.921268490636654 4419.986779386013
10.973628359298297 4611.624108053459
11.026239257027544 4452.392497567393
11.079102387333766 4409.4418108542795
11.132218959496333 4309.020255081283
11.18559018859226 4279.39251575389
11.239217295524002 4172.9849412516105
11.293101507047401 3956.849036694524
11.347244055799733 4125.824573365451
11.401646180327912 4184.259279022709
11.456309125116817 3516.441224093309
11.511234140617772 3959.042056708375
11.566422483277135 3785.490878985089
11.621875415565054 3380.769500762823
11.677594206004335 3368.0247196470873
11.73358012919948 3593.6252238976967
11.789834465865818 3553.4579719747735
11.846358502858818 3630.1985155837906
11.903153533203527 3401.520739331906
11.960220856124144 3121.719371826526
12.01756177707374 3273.859190813728
12.075177607764124 3070.2074646505607
12.133069666195853 3141.634395908317
12.191239276688373 3182.519782696345
12.249687769910324 2970.9395267366776
12.308416482909958 2919.2056871334853
12.367426759145774 2727.2702804476903
12.426719948517185 2470.4919430433206
12.48629740739545 2893.1134736026784
12.54616049865467 2728.3629728077995
12.606310591702988 2684.2597155568965
12.666749062513896 2450.501449047596
12.727477293657726 2234.739323354714
12.788496674333269 2572.159544538645
12.849808600399552 2355.2671260943257
12.911414474407778 2523.790177472763
12.973315705633395 2415.1836811125645
13.035513710108367 2319.8284695718216
13.098009910653523 2215.8295879296065
13.160805736911131 2203.449514075981
13.223902625377601 2148.426207235691
13.287302019436336 2133.199896492132
13.35100536939076 1978.8707846862717
13.415014132497493 2013.9471128639882
13.479329772999682 2086.976423876782
13.543953762160495 1990.5962007651738
13.608887578296788 1755.0655544922358
13.674132706812903 2011.1894300681163
13.739690640234688 1919.3673406390099
13.805562878243586 1850.0643045912916
13.871750927710973 1916.1741910441515
13.93825630273263 1824.833712097757
14.00508052466336 1572.9441143513923
14.07222512215181 1751.0613787895036
14.139691631175433 1580.128507889535
14.207481595075617 1611.8291505916627
14.275596564592998 1695.5186503618195
14.344038097902937 1560.9807204943204
14.412807760651145 1626.7710768330885
14.48190712598954 1404.5698408636833
14.55133777461218 1569.261144681513
14.621101294791464 1431.5577167495271
14.691199282414441 1379.135817611593
14.761633341019332 1487.6044168395429
14.832405081832201 1385.2113421971385
14.903516123803822 1365.2855118435032
14.97496809364671 1368.235442857459
15.046762625872327 1356.6879592914759
15.118901362828483 1212.6106138005512
15.19138595473689 1284.5323127914012
15.264218059730949 1203.9898365951237
15.337399343893628 1264.3679675914868
15.41093148129561 1251.5947965158432
15.484816154033581 1227.7608744857275
15.55905505226871 1189.4237013796778
15.633649874265304 1224.4003394567155
15.70860232642967 1148.0520214633716
15.78391412334914 1142.7781722783309
15.859586987831298 1048.9627672108913
15.935622650943388 1144.812849706144
16.01202285205191 1039.716611419781
16.088789338862437 1069.8543764640654
16.16592386745954 959.3832355576943
16.243428202347012 1062.3916437264102
16.321304116488204 943.1547885871695
16.39955339134659 941.6835570671183
16.47817781692652 907.8680262819983
16.55717919181417 922.3030112195418
16.63655932321868 825.6167045351816
16.7163200270135 900.4004504861014
16.796463127777923 892.1147033696344
16.876990458838833 827.7027109344956
16.957903862312623 846.6360805128827
17.03920518914739 840.3421982180437
17.12089629916519 796.7368520959332
17.202979061104653 700.9657545581658
17.285455352663703 781.2418131854698
17.36832706054252 679.7293606366588
17.45159608048669 718.5196882612946
17.535264317330583 726.2657180107975
17.619333685040917 773.5831317863313
17.70380610676055 687.184416485387
17.78868351485247 716.9986327837336
17.87396785094398 718.5333097634914
17.959661065971176 682.3657688846221
18.04576512022349 679.9996445268928
18.13228198338859 601.540622489756
18.21921363459743 610.4994701421497
18.306562062469503 646.6862556694665
18.39432926515836 642.6208621002653
18.482517250397294 603.6302817912679
18.571128035545286 604.0875701859081
18.660163647633148 532.4055073255319
18.749626123409886 554.090413777838
18.839517509389292 549.5459239968363
18.92983986189679 536.4994001038813
19.020595247116432 536.2548226770108
19.111785741138178 493.2328457585017
19.203413430005398 458.5665627538983
19.295480409762593 496.7276559266683
19.38798878650332 474.7781286641516
19.480940676418403 494.46311420142325
19.574338205844317 482.86531489130624
19.668183511311835 483.6941876876375
19.76247873959491 468.1000216606157
19.857226047759777 447.0008506551281
19.952427603214318 431.0938103219138
20.048085583757594 428.90010949405604
20.144202177629715 399.0697529159912
20.24077958356187 405.30760736244684
20.337820010826633 411.065862243896
20.435325679288496 421.5018299249531
20.53329881945466 417.5603786164564
20.631741672526047 409.5733123534551
20.730656490448578 393.8170276857467
20.830045535964686 383.3005130232423
20.92991108266506 349.22704597703836
21.030255415040717 382.1872390440107
21.131080828535165 339.05381702827185
21.232389629596987 348.2656264356594
21.334184135732578 353.6567358572322
21.436466675559153 337.5994886916069
21.539239588858027 308.534183067056
21.642505226628145 320.77533066228085
21.746265951139836 325.1011225517958
21.85052413598888 298.98583153783477
21.955282166150788 298.5834765436101
22.060542438035363 308.5171382927442
22.166307359541545 293.906957470229
22.272579350112444 298.1293443976584
22.379360840790724 286.48582175751415
22.4866542742742 279.75283035974553
22.594462104971726 257.40796806131254
22.70278679905933 284.00962989848523
22.811630834536633 277.5360620687419
22.920996701283542 275.0592841700858
23.030886901117206 264.64431431514174
23.141303947849234 249.01247462788933
23.2522503673432 256.52327571317227
23.363728697572473 247.48807927638632
23.47574148867819 218.38920695011007
23.58829130302766 238.20039284000828
23.70138071527295 229.7787666917731
23.815012312409788 218.21337840468522
23.92918869383675 219.39605783792027
24.043912471414707 206.9022016758857
24.15918626952659 214.02957262235512
24.275012725137408 206.08969633271772
24.39139448785459 215.133522952664
24.508334219988576 199.55557219969586
24.625834596613718 204.14843599972815
24.743898305629525 198.41339652589429
24.86252804782207 198.18672708655583
24.98172653692583 192.51197994854448
25.10149649968574 188.11518053011568
25.221840675919577 171.89603567611755
25.342761818580637 183.36600008488648
25.46426269382071 173.68682499848455
25.58634608105335 153.1633992826604
25.709014773017465 168.40177178795878
25.832271575841194 165.70524009979698
25.9561193091061 149.67238043823917
26.080560805911706 149.14222312999854
26.205598912940236 158.8297248138675
26.33123649052178 157.8992083093526
26.45747641269972 151.798886719293
26.584321567296474 144.3670745974012
26.711774855979552 138.60903063201698
26.83983919432794 141.83664805556853
26.968517511898785 140.26000615574722
27.09781275229443 139.84717470927848
27.22772787322973 132.0486084882226
27.358265846599707 130.76411250507226
27.489429658547593 128.65520455666766
27.621222309533056 126.4958474959394
27.753646814400888 123.71726121781694
27.886706202449954 120.08909929025643
28.020403517502498 122.69385356937586
28.15474181797378 121.69799446102601
28.289724176942013 115.1969615995559
28.425353682218685 111.52726361086482
28.561633436419193 111.72284190045708
28.698566557033804 108.83177237177526
28.836156176498964 109.18717318118334
28.974405442269013 99.18803790079386
29.113317516888102 101.69166901623366
29.252895578062578 95.5846433831718
29.393142818733686 98.30808276584835
29.534062447150593 88.79908853188658
29.67565768694379 96.48155432659793
29.81793177719882 95.99075475437544
29.960887972530386 90.37438569701239
30.104529543156804 91.3382019596307
30.248859774974807 88.2600409218344
30.39388196963469 80.52904108734994
30.539599444615913 85.51949812152596
30.686015533302882 79.72025556856056
30.833133585061283 77.23450914126468
30.980956965314668 80.6638402825589
31.129489055621452 77.98359390083039
31.278733253752264 79.86907556746783
31.428692973767678 75.73177060728503
31.579371646096302 74.82216822348357
31.730772717613263 70.9523102685291
31.88289965171905 67.6969574185753
32.03575592841872 70.6162918108271
32.18934504440159 69.28774285988055
32.343670513121104 66.00142411705828
32.498735864875286 68.43136835360535
32.65454464688749 65.55072463297697
32.8111004233875 61.574766488546
32.96840677569314 58.19400230768348
33.12646730229212 58.00086288666287
33.28528561892441 59.562669346762746
33.444865358664934 59.59517029574276
33.605210172006664 58.823417363927064
33.76632372694413 57.477006948215625
33.928209709057384 56.04669518440194
34.09087182159624 53.29164471359022
34.25431378556498 53.10098293217791
34.418539339807566 53.314198388288574
34.583552241093074 50.81595047599201
34.749356264201666 51.039951441403986
34.91595520201097 48.90389290857056
35.08335286558279 48.30458313462577
35.251553084250325 44.27836220333947
35.42055970570576 45.537825739503184
35.59037659608828 46.22788982537486
35.76100764007253 45.80842621682553
35.93245674095742 42.939936383922415
36.1047278207555 44.97333303782797
36.2778248202826 42.83446190543845
36.45175169924805 42.611809520233486
36.62651243634519 41.01240662255247
36.80211102934244 40.40539579087646
36.97855149517474 40.253317744129816
37.15583787003543 39.229146842412696
37.33397420946855 37.38219323268948
37.51296458846169 34.96456863019388
37.69281310153913 37.48164374450714
37.8735238628556 36.11589005116516
38.05510100629025 34.586566134829816
38.237548685541356 35.45554711054595
38.42087107422127 34.057206127451366
38.605072365951884 32.54906084608587
38.790156774460606 33.48634844268842
38.97612853367673 31.910221894739703
39.16299189782827 31.717658754246777
39.35075114153932 31.600938794942156
39.5394105599278 29.003412136568382
39.728974468703726 29.338007227163544
39.91944720426796 29.387573302798664
40.11083312381136 29.269635136146636
40.30313660541448 29.081197054425935
40.49636204814771 28.208986114090987
40.69051387217193 24.44840132172282
40.885596518839606 26.871183305512965
41.08161445079639 25.649882034937185
41.2785721520832 26.237598858425528
41.476474128238834 25.085273758619355
41.67532490640297 24.85999978674813
41.875129035419775 23.887746967625358
42.075891085942 24.171813646693693
42.27761565053542 23.479064505757407
42.48030734378399 22.37878464955307
42.683970802395386 21.897142690455414
42.88861068530706 22.626199600629093
43.09423167379281 20.952645565401784
43.3008384715699 21.222416546907866
43.508435804906604 21.303100624529744
43.7170284227304 18.428267727505897
43.92662109673653 19.708532646126717
44.13721862149719 20.1364640278031
44.34882581457125 19.54382145004429
44.561447516614365 19.029419262778895
44.775088591489784 19.022724678026513
44.98975392637957 18.310844493547272
45.20544843189644 18.25437024208254
45.42217704219607 17.62115116856992
45.63994471508995 17.384016916036177
45.85875643215886 17.449696147467147
46.07861719886675 15.007627858846634
46.2995320446753 14.088132258160883
46.52150602315893 15.060267881657936
46.74454421212047 15.799514123782425
46.96865171370725 15.750022361044966
47.19383365452783 14.913441639965457
47.42009518576928 14.951535238602762
47.64744148331505 14.765136877189795
47.875877747863306 14.46748469287813
48.10540920504598 13.288683455713374
48.33604110554822 13.79978686370941
48.56777872522858 13.693430644700369
48.80062736523967 13.006599393529656
49.034592352149396 13.227255971151065
49.26967903806294 12.919040533313792
49.505892800744995 12.66430895948891
49.74323904374293 12.564057051365642
49.98172319651036 12.133776364225772
50.221350714531326 11.996749828091179
50.46212707944513 11.922494403787914
50.70405779917171 11.478762550824772
50.94714840803762 11.224720626065746
51.191404466902675 11.17820343467876
51.436831563287136 10.186873617264009
51.683435311499494 9.937603675039009
51.931221352765 9.465916389859071
52.180195355354606 10.222228390482343
52.43036301471465 9.958321178671806
52.68173005359721 9.987334726242848
52.93430222219094 9.525010613343674
53.18808529825265 9.50339209283197
53.443085087239474 9.4345866292714
53.69930742244165 8.992792492586187
53.95675816511598 9.091018353334693
54.21544320461992 8.914709142055028
54.47536845854628 8.7176171956161
54.736539872858565 8.570054695031601
54.998963422027124 7.937233877383059
55.262645109165646 8.249208892700961
55.52759096616858 8.109328241766885
55.79380705384912 7.8455806709086575
56.06129946207781 7.8023941513154265
56.33007430992191 7.572271076392569
56.60013774578532 7.4830532599964075
56.87149594754925 7.322902968165345
57.14415512271354 7.138416087648146
57.4181215085387 6.640617335772436
57.69340137218847 6.533037743726694
57.970001010873396 6.783785969921022
58.247926751994676 5.875325353024996
58.52718495328899 6.555181540923515
58.80778200297394 6.323695406006881
59.08972431989419 5.820127126374676
59.37301835366828 6.174303078698183
59.657670584836175 5.765240990854847
59.94368752500752 5.852846216817956
60.23107571701057 5.790028603502707
60.519841735041894 5.699239605031547
60.80999218481672 5.333097442000485
61.101533703720165 5.487311484012921
61.394472960958886 5.396285348463916
61.688816657713765 5.286577543751046
61.984571527293184 5.211928431765285
62.28174433528704 5.104412324240797
62.5803418797215 4.965268473372759
62.88037099121457 4.913155558351464
63.18183853313226 4.824639170218651
63.48475140174566 4.727361792220079
63.789116526388675 4.643232368117188
64.0949408696165 4.512074910026077
64.402231427365 4.439373038073559
64.71099522911061 4.198559967114191
65.02123933803122 4.288370637918629
65.33297085116776 4.213377901664654
65.64619689958649 4.122782021361479
65.96092464854217 4.059499369713835
66.27716129764197 3.783469988341276
66.59491408101016 3.8715688910578536
66.91419026745358 3.8140068489237784
67.23499716062791 3.742128513386334
67.55734209920482 3.4904643955156818
67.88123245703977 3.616727038424299
68.20667564334073 3.543294486041991
68.53367910283762 3.4725685744256
68.86225031595268 3.3979781860513807
69.19239679897156 3.3409171579897126
69.52412610421521 3.2759668385604614
69.85744582021279 3.2190172032714677
70.19236357187506 3.1380562363714457
70.528887020669 3.057183842725467
70.86702386479294 3.034230279532346
71.20678183935267 2.900161675167413
71.54816871653853 2.9227607958732627
71.89119230580299 2.8603045270867185
72.23586045403943 2.808735416265854
72.58218104576163 2.7615339350253003
72.9301620032841 2.6616749274657776
73.27981128690331 2.655996774142482
73.63113689507985 2.575476208810269
73.98414686462132 2.5418456369730613
74.3388492708662 2.4952893128335725
74.69525222786862 2.4548995171335672
75.05336388858387 2.29774997878309
75.41319244505516 2.359513731043916
75.77474612860055 2.3166429967181537
76.13803321000184 2.2060056468184603
76.50306199969316 2.227392763346816
76.86984084795169 2.18978609671923
77.23837814508805 2.132387421862726
77.60868232163878 2.0914756890728072
77.98076184855898 2.0673381682927725
78.35462523741583 2.0100965117519376
78.73028104058386 1.884243922097235
79.10773785143994 1.9450835533909123
79.48700430456054 1.9079773033551506
79.86808907591856 1.8786785399466968
80.25100088308247 1.8407994903292304
80.63574848541508 1.7239162177940426
81.02234068427455 1.767632220981215
81.41078632321515 1.7300515101284135
81.80109428818997 1.698038032444438
82.19327350775416 1.6716117515071633
82.58733295326873 1.6395927077811197
82.9832816391065 1.608248265818892
83.38112862285755 1.578155480133767
83.78088300553716 1.5491411796356132
84.1825539317933 1.5189544596605715
84.58615059011645 1.4147430549031952
84.99168221304917 1.452417319150076
85.399158077398 1.4328446513709394
85.80858750444493 1.4040148232554022
86.21997986016123 1.37865552087782
86.63334455542154 1.352110966931455
87.04869104621876 1.3274399806911032
87.46602883388108 1.3020319946134096
87.88536746528854 1.247210158960698
88.3067165330922 1.224524394146511
88.73008567593281 1.2284118981890975
89.1554845786621 1.2045326596061592
89.58292297256347 1.1754571716495525
90.01241063557545 1.132976694488493
90.4439573925146 1.1378311418156581
90.87757311530092 1.1162129982458133
91.31326772318333 1.0948113346888373
91.7510511829664 1.073138990998065
92.19093350923895 1.0502869540737896
92.63292476460238 1.0171938535444307
93.07703505990162 1.0132933020656196
93.52327455445568 0.9943019419227095
93.97165345629085 0.9742413514420721
94.42218202237332 0.9565069998244063
94.87487055884475 0.8590534039885047
95.3297294212571 0.9158620010987232
95.78676901481035 0.9028575634901116
96.2459997945901 0.8853395561123821
96.70743226580653 0.853437948935858
97.1710769840354 0.8509454545130843
97.63694455545861 0.8358041719154492
98.10504563710784 0.819835893399087
98.57539093710726 0.8011598764867851
99.04799121491956 0.7643886161430082
99.52285728159107 0.7542791028632699
100.0 0.7583427469919288
