0.2005418 0.00034124304681759025
0.20146905 0.00038399365384219106
0.20219975 0.0003656255931097502
0.20308575 0.0004827047403473868
0.2042045 0.0005405874979827207
0.2053233 0.0006313985879105793
0.20640105 0.0006950275384017884
0.20743050000000002 0.00456491451301269
0.20846810000000002 0.006159649286500387
0.20947340000000003 0.008470864772878244
0.21056370000000002 0.01064224078190852
0.21184295000000003 0.013459565687641976
0.21303585000000003 0.021120344625667958
0.2141675 0.019766446238394256
0.21546105 0.028139709583901065
0.2167761 0.02297871808246524
0.218022 0.0223266938347966
0.21920345000000002 0.05417933783993241
0.2201823 0.03145678789100735
0.2211002 0.08022880816882184
0.22202080000000002 0.03588016016247931
0.22300060000000002 0.16929935675980243
0.22416685000000003 0.1356796750577334
0.22524015000000003 0.2734159089818052
0.22625495 0.03552704508490254
0.22743965 0.15483396006581313
0.22852060000000002 0.1614593547616501
0.22942920000000003 0.2544520911166538
0.23025325000000002 0.057540750875338234
0.23090270000000002 0.20598426936766254
0.2315504 0.6831058480785596
0.2322596 0.21947567889617592
0.23303900000000002 0.857829009478047
0.23400320000000002 0.8197213794233823
0.2350385 0.2029900922908683
0.23606615000000003 0.5929024914957581
0.2370449 0.23632765710344286
0.2380986 1.469386031296946
0.23928635 0.7813773386983285
0.24038685000000004 2.87290888281337
0.24150655 1.3321660347314042
0.242741 3.3886803973742907
0.24384515 3.1995236537941616
0.24476540000000002 5.2961244281030195
0.24570000000000003 4.415786776606876
0.24678065 2.2473071163559846
0.24799255000000003 1.8791326733519087
0.24897485 0.4379523003945425
0.2496662 2.316270856057733
0.25029 4.362579248920682
0.25093945000000006 2.701523200772531
0.25176590000000004 2.704747629209697
0.25258315 1.4568782285582638
0.2534438 8.834569159424213
0.25439415 7.358120391949243
0.25526545 16.680110839189453
0.2561682 12.463346953777462
0.2572979 14.468390399526138
0.25855760000000005 11.24199746973259
0.25981850000000006 39.43550629378396
0.261187 29.23716913711328
0.26258625 71.11811225304339
0.26382525 101.84984478985001
0.26495445 56.62932668758747
0.26599085 83.1452000683814
0.2670229 77.13425670074344
0.26806015 113.4059089010287
0.26905315 80.63683283756264
0.27025984999999997 93.14518601907555
0.27157955 43.71368646304216
0.2727798 51.863976544045784
0.27399 48.19002373023536
0.27518865000000003 69.36313469857733
0.27642805000000004 141.7352363481306
0.27777300000000005 147.01810136957295
0.27900175000000005 121.16425922591947
0.28010745000000004 96.81463603096245
0.2812797 153.79029011237432
0.28255494999999997 117.02249833118995
0.28373155000000005 62.85788307611368
0.28472854999999997 19.976401120519807
0.2857124 24.991145244123096
0.28675255 102.39118122111579
0.28766635 181.05825354192288
0.28834540000000003 335.4014837394712
0.28896705 421.6269777593677
0.28958715 517.7232211080396
0.29024785000000003 578.096128124597
0.2908826 597.3511640078738
0.29161115000000004 890.5051765864787
0.29243910000000006 931.2630222440574
0.2932302 599.7068062638991
0.294064 384.22140261759824
0.2948752 538.4410422357585
0.29565375000000005 477.0139393003915
0.2964434 529.2724787318773
0.2972382 288.83169347024597
0.298088 504.89325777917946
0.29894280000000006 618.953156175868
0.29978465 264.41202719227164
0.30053925000000004 353.3967238030837
0.30112865 564.1688250027587
0.30177435 242.01226160426603
0.3024969 319.9650098591713
0.3031419000000001 1034.1084365193515
0.3037666 545.1785642301883
0.3044804 657.3133291410953
0.30535485 679.3126775197902
0.3064129 1477.321575825448
0.30750565 2413.055520105841
0.3084654 995.6075360134145
0.30945750000000005 769.1534426461759
0.31041815000000006 2470.8579733858364
0.31135235000000006 6398.408420985301
0.31229450000000003 10022.865649584786
0.3131551 6555.318940660208
0.31413395 10876.085524361226
0.31513875 17606.83233146801
0.3160872 14375.032289301673
0.3169267 18455.42536383383
0.31773835 19713.574284572896
0.31868785 7621.69440739129
0.3196101 6177.299627121921
0.3204922 14571.038773226845
0.32136220000000004 11190.839615751334
0.32231195 10789.782864289567
0.3232667 7574.053569900186
0.32424759999999997 12230.480903689755
0.32540610000000003 25208.145728660842
0.32654585 28392.818023550342
0.32764005 22316.61388569314
0.328742 25994.619817829524
0.32979540000000007 31256.355205852782
0.3307298 22995.621371044686
0.33167955000000005 24782.933164203423
0.3326293 38054.52331048559
0.33349910000000005 35697.33627578945
0.33438315 23442.80917850427
0.33530040000000005 16631.783573580607
0.3361818 13871.398419690539
0.33699535 5649.0128260644005
0.33782955000000003 10426.242144147123
0.33875295000000005 14682.859300463562
0.3397625 19217.78582526289
0.34076525 18278.83346789459
0.34182195000000004 10709.491186505942
0.34300535 11550.984090984779
0.34414855 2189.9691024086246
0.34515485 9735.954511962487
0.34615835 4969.076843692507
0.34713935 7317.113904084434
0.3481551 13505.71568246453
0.34917695000000004 7584.145696778136
0.35011985 14392.177986590863
0.35110955 10423.19129860142
0.35219930000000005 8449.374755532035
0.35330785 31868.96790056019
0.35428650000000006 48815.84473799043
0.35521855 29776.39825921041
0.35628745 15429.177516420157
0.35730300000000004 7602.227472099058
0.35840385 5642.2755989625375
0.3595574 7928.666220182782
0.3604547 6700.192417429783
0.3611445 12137.539107632978
0.3618168 13040.233028364664
0.36252165000000003 28651.2242607606
0.363224 14232.622263244626
0.36392880000000005 30299.06144142093
0.3645836 15322.653986873276
0.3652584 23030.385755308256
0.36594925 47772.97427660435
0.3665581 60907.973883788225
0.3671879 33206.73460672353
0.36786275 18681.73717802205
0.3685151 20348.41809689078
0.3691934 38952.00933361485
0.3698822 42392.413085362474
0.3705857 9310.127759363775
0.37126690000000007 18210.535603392575
0.37193170000000003 3970.236675223488
0.37260740000000003 10583.851920816214
0.37324815 5920.835355911219
0.3738612 4986.6898925903615
0.37450100000000003 4985.903062988764
0.37514835 10497.029645647757
0.37580525000000004 19725.76522105739
0.37648800000000004 18012.822788906702
0.3771703 48632.06439415246
0.37784385 58016.806615548776
0.3785425 42848.37961243429
0.3792338 40300.384563634136
0.3798905 34658.874787961235
0.38058145 55407.36599666248
0.3813268 41051.83479738145
0.3820616 13144.983916832707
0.38272515000000007 13686.71635163738
0.38330675000000003 20818.28369947139
0.38384850000000004 25245.894286126022
0.38443155 44543.06317678416
0.38497830000000005 32560.77648356613
0.38548815000000003 14838.480865022848
0.38608560000000003 8583.932456153558
0.38673035 33303.29604664753
0.3873527 29530.398753726928
0.38798 19129.562157585653
0.38859485 12331.763864129785
0.38923220000000003 31366.954962581356
0.38994700000000004 17858.25677779341
0.3906693 41097.650842342184
0.39136325 61490.58213922466
0.3920169 20728.13012315579
0.39270380000000005 15971.529110292418
0.39346610000000004 33451.26523619106
0.39423590000000003 16843.736517165133
0.3949532 31703.715122274105
0.395598 26509.302441251068
0.39625535 10102.964547416645
0.3969302 37411.78464951701
0.397585 75281.19388058105
0.39824785 77131.59079122538
0.39894555000000004 86737.13630895103
0.39966450000000003 82137.70934051138
0.4003618 112367.77908208512
0.4010616 128920.77717870072
0.40175140000000004 146580.51239390162
0.40235415 94486.69535000359
0.40295610000000004 43837.43934672586
0.40355845 48468.24282287741
0.4041256 115888.57710009709
0.40466240000000003 59429.84387046919
0.405223 146001.2116965833
0.4058172 146545.88650815908
0.4063502 88282.75298647434
0.40690675 123854.29969018287
0.4074595 135390.86831069805
0.4079823 149728.38239274666
0.40848975 195038.15403826235
0.40900715 189749.37491130413
0.40951145 171842.34029025407
0.41000055 135094.39193314544
0.41054235000000006 151183.46107123522
0.4110303 116423.65076368541
0.41155995000000006 124508.49469856948
0.4121287 141173.16816083345
0.41266855 152200.1152403706
0.41323065000000003 101379.45751194257
0.41384325 142788.55955363117
0.41448510000000005 98611.88631854413
0.41514039999999996 132108.12766983776
0.41578275000000003 132260.05555926863
0.4164276 123892.68479567277
0.4170799 99527.15256181319
0.41767835 93019.37419355422
0.41829710000000003 87643.00186211216
0.4189219 70361.69797474734
0.41954674999999997 64487.279258354734
0.4201516 48125.765926635184
0.4208014 38484.28224520515
0.42146375 23539.759983191452
0.42203815 12660.899233019662
0.4226056 3605.343248010739
0.4231463 9742.033281251332
0.42368315 21075.297790919358
0.42422 33551.908765720626
0.42477535 43751.207411049574
0.42535270000000003 25904.106023397475
0.42592505 57503.74075679446
0.4265099 81280.45168161808
0.42709975 55884.5510411602
0.42759715000000004 34781.87781652287
0.4280613 80289.97527705267
0.42860014999999996 74853.96568503098
0.42910050000000005 44866.18959345908
0.4295966 103385.39148128593
0.43015230000000004 66463.7075654396
0.43066990000000005 77075.90502012856
0.43121905000000005 138452.3780689078
0.43176605 121221.99140568776
0.4322939 142657.66917967747
0.432855 159903.1501949811
0.43333350000000004 202991.32701407254
0.4338316000000001 161926.27154205658
0.43431785 175992.92115144536
0.43476525000000005 220184.61467064658
0.43533735000000007 170148.36751571728
0.43591245 208863.7124730577
0.4364873 232445.20629427707
0.43705965 231635.66275791443
0.4375892 168620.85388160968
0.43818565 109633.31349468479
0.43879165 181451.59943808636
0.43943150000000003 235347.1710845895
0.44012335 209044.87084440704
0.44081860000000006 172150.2547391128
0.44144435000000004 219440.33461820308
0.44204330000000003 244400.9339110522
0.44266425 120566.03473617866
0.44321075000000004 164980.52982366475
0.44376875000000005 144131.85071736376
0.44436745 216926.90634146464
0.4449254 225323.73901150486
0.4455274 109799.00585361639
0.4462047 166372.4463902491
0.44680680000000006 225519.11349054
0.44739190000000006 253297.9854844333
0.44801920000000006 241627.97286584412
0.44860155 274634.79928688094
0.44919390000000003 277142.0461842501
0.44982375 259289.68668259526
0.4504836 291819.46496028797
0.4511428 246891.10347112574
0.4517857 261842.29246328073
0.45248050000000006 238363.12016642533
0.45314085000000004 203270.4951868501
0.45378295 232325.5660073886
0.454415 254253.66307410155
0.45504735 218439.46925286332
0.45573969999999997 298498.11315927724
0.45642950000000004 328700.88739190745
0.45715325 379399.4469547588
0.45790945000000005 215027.88834047664
0.45863640000000006 178123.1959381392
0.45930250000000006 181292.30355695344
0.45993645000000005 221885.4856183758
0.46058085000000004 219491.16518633364
0.4612057 295791.2619456675
0.46182045000000005 298762.7296701883
0.46245225 279962.60581367306
0.46309365 201944.52354047116
0.46374005000000007 221609.74202229144
0.46439175 225726.00821207525
0.4650522 222150.47587864357
0.46571450000000003 313295.6516870174
0.46637625000000005 329287.6237494855
0.46696455000000003 190310.4120358583
0.46749155000000003 244075.30383896668
0.46802140000000003 223307.06055341652
0.4686612 285038.6863251902
0.46932605 333607.229450501
0.4698884 365689.92634314863
0.47047075000000005 405753.477216626
0.47109520000000005 404914.95748052263
0.4717504 304123.26624576043
0.4724852 321770.3118225078
0.47322565 375420.86942529783
0.47389565 360997.5100796434
0.47450970000000003 403045.6109291216
0.47509705 395119.0792895056
0.47572689999999995 339085.6471079359
0.47640670000000007 150348.36604162946
0.47708095000000006 177868.05440537137
0.47771135000000003 232032.43237827212
0.4783562 221190.71129199959
0.4790394 224124.5175067577
0.47973755 230915.16866907277
0.4804431 136516.58563084292
0.48116290000000006 85491.15487056154
0.48193270000000005 156603.06052508592
0.4826975 177140.8134075789
0.4834748 282991.79005311284
0.48419960000000006 263595.48152524943
0.4848469 227126.5129810277
0.48549495000000004 187490.75153531815
0.4860841 237501.89453579008
0.4866484 234521.47977540796
0.48727380000000003 271116.7380873216
0.48797860000000004 265675.76986046147
0.4887109 460538.76300392294
0.48938830000000005 412595.8378424444
0.49004715000000004 458729.89116660703
0.4907479 485455.7441082609
0.4914602 575367.3036321698
0.4921575 505580.2487425886
0.49288230000000005 627993.5444853614
0.49363960000000007 540122.8058317332
0.4943544 596386.6815353688
0.4950492 674435.6236201489
0.49573150000000005 157744.75420142748
0.4964238000000001 202319.53517051233
0.4971311500000001 269693.91274468537
0.49780085 264353.2408737904
0.49846330000000005 274189.2363116502
0.4991131 233593.39302883268
0.49975525 234026.30399821108
0.5003719 196001.36310122826
0.5010001000000001 138212.26196198646
0.50163245 172935.44268171405
0.5022748 203327.24126946705
0.5029721 319296.44205989956
0.5036919 265732.6623277155
0.5043329000000001 247241.48007315028
0.5049466 247434.8319495695
0.5056389 254790.47044406016
0.5064037000000001 256978.7151950018
0.5071485 247865.41834587374
0.5078558 250054.269079863
0.5085956 254301.93318099508
0.5093411000000001 242896.88287321708
0.5100602000000001 305652.7952432948
0.5107550000000001 231734.90075905996
0.5114623 305625.33458585927
0.51215215 255004.541857067
0.5128195 240578.4951687161
0.5134957499999999 288285.3255926678
0.5141441 276611.35268394486
0.51478895 249399.48169810578
0.5155038000000001 347123.0209723901
0.5162535500000001 288074.23193989176
0.51695055 78939.18843011773
0.5176511500000001 119026.0112795082
0.518343 169580.22321194274
0.5190294000000001 211735.97420450443
0.5197826000000001 274677.3303562538
0.5205449 162659.5329166224
0.5213197 244958.6143160964
0.5221195000000001 559539.7215916392
0.5229243000000001 465220.9668251768
0.5237038 606676.4222074279
0.52446 421625.0975449597
0.5252162 494579.0064854815
0.52598095 472016.19459147524
0.52671325 217787.95284334556
0.5274530500000001 422351.89582114836
0.5282302999999999 542033.947857754
0.52897595 687348.464418663
0.5297199 485016.72044980526
0.5304547500000001 722328.5304939186
0.5311821 587613.2620699863
0.5318994 563012.0223085615
0.5326092 361761.82163170195
0.5333476500000001 524086.2889309999
0.5340513 527982.6018488694
0.5347611 516005.9142635796
0.5355198999999999 666755.1016760642
0.5362007 489322.48704509856
0.5368680000000001 416452.0860097723
0.5375678500000001 560137.8727960018
0.5382627 673989.6015450676
0.5389900000000001 630461.9482293071
0.5397348 444993.90635685483
0.5404770999999999 428165.3192025633
0.5412069 519767.6932499851
0.5419592 653964.61887661
0.5427415 463977.6135505865
0.5434563000000001 476741.9558002242
0.5441711 612429.8193257224
0.5449359 280249.79588487506
0.5456607 267344.72447527427
0.5463503000000001 375508.97758767195
0.5470325 410892.308661018
0.5477101000000001 440476.5762034546
0.5484299 475892.7978656654
0.54919585 478625.2660478751
0.5499595 333553.8221477248
0.5507343 374870.5559761501
0.5515266 399145.96165725146
0.5523039000000001 523904.91706418863
0.5530562 477240.5937088695
0.553761 447160.62883918476
0.5544683 575718.8731037846
0.5552281000000001 524860.7828844342
0.5560154 565271.5523910422
0.5567802000000001 545520.9059460891
0.55751 474032.61164310557
0.55829595 527382.0100302421
0.5590946 388077.6319889671
0.5598794 338045.4641786821
0.5606891500000001 378582.3770518381
0.5615089 371627.24762134854
0.5623237000000001 419313.8336178607
0.563121 393634.6911315628
0.5638983 373331.8026416289
0.5646381 449584.8743306541
0.5653661999999999 526024.2509292364
0.5660977 408647.51521261374
0.5668375 419765.36496484384
0.56758885 487367.92852320144
0.5683 494740.3563379839
0.5689719 518527.57783670025
0.5696967000000001 538126.8220436055
0.5704640000000001 530079.3802994234
0.5712163000000001 569347.1203608075
0.5719711000000001 611424.8135035865
0.5726934 567656.9239349851
0.5734107 632353.9244464551
0.574173 658222.4608817747
0.5748953000000001 673743.8486115334
0.5756251000000001 621290.8017003153
0.5763999 528467.3789814414
0.5771722 561913.3590211453
0.577957 623693.5409657776
0.5787431000000001 639239.4024866477
0.5794991 660856.0581667514
0.5802189 693570.1855376122
0.5809687000000001 621760.290453231
0.58175895 590236.5635692421
0.5825583000000001 603134.7846961672
0.5833106000000001 605992.3674454066
0.5840479000000001 557333.8246297666
0.5848002000000001 466485.7894736557
0.5855600000000001 403132.5250381705
0.5863272500000001 370576.5679874079
0.58709455 298174.19663562917
0.5878068500000001 210110.4947684359
0.5885017 128677.40090692324
0.589164 72869.76868928922
0.5897838000000001 97464.9738680723
0.5904686000000001 179049.26832680803
0.5911533 223451.22664827222
0.5918143499999999 275402.04690063035
0.5924674000000001 289136.03764552315
0.59310255 340568.18615256355
0.5937802000000001 374329.2592490815
0.5944170000000001 389297.34561190795
0.5950133 370430.69927310216
0.59568475 350116.1574511339
0.59637455 393250.98646858986
0.5970334500000001 423246.8607605075
0.5977067 427676.1757835285
0.59844375 482856.0787728403
0.5992138 521090.6136187834
0.5999455 506126.45840538095
0.60066735 501951.5151774335
0.60141355 574363.9985791802
0.6021730000000001 600819.6073057265
0.6029528 647534.4807002108
0.6036776000000001 646477.3512063106
0.6044199000000001 686910.0004294226
0.6051897 691956.6329613563
0.6059345 742335.1739016898
0.6066868000000001 759063.3058148373
0.6073766 826977.794935835
0.6080839 898060.0195592045
0.6088412000000001 819974.1498377777
0.6095716 833156.8205460669
0.6102883000000001 682971.2211807563
0.6110431000000001 807328.4875124764
0.6117854 817444.3783704463
0.6125127 719308.5077438367
0.61329085 926224.0344916574
0.6140548000000001 955123.5829278027
0.6147771 859439.0145495429
0.61548055 737592.5361290203
0.6161392000000001 329094.67823127634
0.616809 419651.048763339
0.61750135 464121.36872139043
0.6182387 495896.81748590054
0.61903845 340606.36338607187
0.6198281999999999 393843.8818055505
0.6205830000000001 465128.28192646825
0.62133245 361544.64484115876
0.6220501 343429.5154859968
0.6227674000000001 274519.5878801049
0.6235397 308766.12104995846
0.62424955 300090.4008994122
0.6249331 375779.927825119
0.6256292 401283.6647154103
0.6262989999999999 420363.3226881932
0.6269863 433343.99535102386
0.627723 433801.98335510155
0.6284609 462546.77340933157
0.6292082000000001 497572.3256243447
0.6299405 500460.98688019934
0.6306728 552386.8293832392
0.6314376 633120.5351751526
0.6321824 592882.7637621195
0.6329172 602303.3567635526
0.633602 669714.7809397875
0.6342829000000001 701227.2192083887
0.63492495 646084.5069117215
0.635534 522512.58202536183
0.6362406 509067.00300198887
0.6369836 550096.7281448278
0.6377059 540215.5141418014
0.6384539499999999 477611.7282733581
0.6392230000000001 518643.66807048646
0.6399453 552314.5102185482
0.6406876000000001 770005.0448237353
0.6414674 671986.836256243
0.6421972 666558.5595170447
0.6429345 702893.5289883242
0.6436818 681727.4201167774
0.6444416000000001 843031.2648801284
0.6451989 798637.6099609325
0.6459087000000001 805321.2736707943
0.6466485000000001 939702.3861639
0.64741395 811138.147282305
0.6481081 708992.3360114386
0.6488004 699525.867860036
0.64949785 613835.7088241981
0.65015505 651459.434475629
0.6508624000000001 732942.3968177421
0.6515997 700820.774465853
0.6523345 826504.1748446665
0.6530518000000001 873932.3194522853
0.65379755 1017877.1987639071
0.6545014 867918.210387542
0.6551612 871624.0837827366
0.6558660000000001 937493.4786651263
0.6565708000000001 946781.3642878432
0.6572931 807873.3542944138
0.6580304 958419.0786607575
0.6587727 1041814.6603708081
0.65953 994011.11891985
0.6602609500000001 1060504.2353981645
0.6609846 1014473.4737515057
0.6617069 968243.8658071848
0.66238385 932248.1897169926
0.6630579000000001 989914.4581448169
0.6637714 953013.8079612025
0.6644987 973667.2359823112
0.6652235 708796.256484581
0.6659633 712455.079236563
0.6667255999999999 847524.4595999253
0.6674638500000001 855008.503837443
0.6681061500000001 588941.6402535444
0.6687924999999999 632495.4105917065
0.6695709000000001 670082.8026595043
0.6703322 656191.5630650802
0.6710219000000001 534281.0123698654
0.6716667000000001 481759.60725785134
0.6723065500000001 491860.5447181605
0.6729139 522166.4871732921
0.6735587000000001 565803.3373052257
0.674281 619101.9165592331
0.6750283 497721.4085366153
0.6757681 545625.0056595511
0.67650345 639281.6474543604
0.6772077000000001 679562.3162506901
0.6778726 629021.9523698391
0.6784974000000001 457886.9690880064
0.6791572000000001 527312.9062239447
0.679832 585105.422475663
0.6805318 591450.6118474205
0.68121915 622550.0616362776
0.681884 588310.7528282362
0.6825913 623892.7518575109
0.6832636000000001 625642.4991599035
0.6839834 654062.580082847
0.6847232000000001 630950.0087799425
0.685443 526142.6630233853
0.6862028 562278.752387582
0.6869576 589605.7739662151
0.6876799 639833.0905182004
0.6884097 552264.6187153173
0.6891645 655086.2605293313
0.6899443000000001 598844.7514818672
0.6906841 738040.0962043937
0.6913714 780130.4582860286
0.69207375 683494.4687987798
0.6927635000000001 835897.9908929664
0.6934808000000001 756826.8196956117
0.6942156 836587.0544126399
0.6949479500000001 951350.9494603779
0.6957152 965874.779298022
0.69647 972139.0414204141
0.6971873000000001 1019826.2259211921
0.6978871500000001 1038826.1290324614
0.6986195000000001 1150645.1104210282
0.69941005 1091581.039120528
0.700204 1082881.0665335269
0.7009861500000001 1238249.6035017502
0.70176475 1323358.411672456
0.7025284 1435202.985286579
0.7033032000000001 1439976.8530197998
0.704088 1849724.8729242878
0.7048753000000001 2065046.6643453033
0.7056775500000001 1024233.1549653248
0.7064448 1025292.9772858226
0.7071971 1231493.5434700383
0.7080060000000001 1333813.828391059
0.7087942 895271.7884099747
0.7095765 725849.4243453956
0.7103813000000001 876528.6533715383
0.7110588 995706.242985101
0.7116578500000001 1127142.4980118768
0.7122949000000001 958997.3785956919
0.7129781 496913.42621249135
0.7137129 565946.6562416614
0.7144802000000001 614295.4026170125
0.7152774500000001 773567.1514757903
0.7160647 713838.1060922142
0.7168220000000001 818528.596892269
0.7175743 906746.0152334212
0.71832765 1045129.548876704
0.7190739 1121251.6004973613
0.7198511999999999 874808.0503176714
0.7206710000000001 797984.1441911358
0.7214483 988933.3062739926
0.7222031 1114248.6708078454
0.7229529000000001 1131641.2704199953
0.7236572000000001 1266518.3400119822
0.724365 1236730.4168950699
0.7250948 1510605.0621787137
0.7258496000000001 1597011.3287383546
0.7266419000000001 1631996.488893128
0.7274616500000001 1446281.7415240929
0.72818395 1518473.0703341048
0.7288863000000001 1752159.1796683597
0.72969605 1875255.980291834
0.7305083000000001 1964489.5680164432
0.7312756 1973025.2926962392
0.7320329000000001 2079114.539497534
0.7328277000000001 1889360.1948037583
0.733635 2278393.287773331
0.73438875 2101175.44668156
0.7351402499999999 2227453.2808690667
0.73593935 2147000.1073692776
0.7367316 2352762.998860838
0.7374864000000001 2461323.1911485065
0.7382561999999999 2323240.0341546973
0.7390635000000001 2364918.938866612
0.7398358 2346720.448119231
0.7405806 2356349.488530137
0.7413454 2382545.690048438
0.7421052000000001 2324173.3473909944
0.7428224999999999 2378857.7780931643
0.7435248000000001 2470456.044660405
0.7442565000000001 2349381.6388888233
0.7449869 2237653.8661162313
0.7457267000000001 2306223.716442991
0.7464715000000001 2340604.6716332957
0.7472088000000001 2398238.5216052257
0.74794025 2373027.1360783344
0.7486709 2304589.0196081796
0.7494282000000001 2404049.633021467
0.75016855 2568199.9445142513
0.7508678 2388695.95395681
0.75159105 2398804.8454995607
0.7523099 2537142.6037905356
0.7529722 2519138.121080391
0.753682 2511767.008423335
0.7544218 2691586.5949575244
0.755145 2665804.3104871972
0.75589145 2792226.6915682633
0.7566554000000001 2709160.330969152
0.757436 2640044.910471578
0.7581783000000001 2818512.471524343
0.7588731 2275370.442920897
0.75957795 2272046.156546879
0.7602231000000002 2317325.1809165864
0.7608601 2226154.77406493
0.7615849 2515697.548454259
0.7623249000000001 2591601.8833658397
0.76300635 1902747.595492446
0.7637023000000001 2039914.794839351
0.7644591000000001 2023675.0044171708
0.76514395 2032931.0356615013
0.76579335 1754592.9695235495
0.7664961 762861.6302843236
0.7672384000000001 1278200.4164067896
0.7680007000000001 1596850.5045760754
0.7687130000000001 1608191.4991044642
0.7694178 1394281.6110960746
0.7701651 1035411.4781863365
0.7709399 1581880.9267516856
0.7717321500000001 1767057.061352798
0.7724619500000001 1916325.0764077753
0.7731918 2057191.834641092
0.7739491000000001 2189047.1192162423
0.77469385 1789203.3345752275
0.7754636500000001 1666848.9039760793
0.77618845 1830298.0483776282
0.7768983 1912201.8583736995
0.7776006000000001 1943345.4583204163
0.7783146000000001 1827001.6007264284
0.7790827 1941306.558079423
0.779825 1931247.607807297
0.7805772500000001 2174760.3775005653
0.78135075 2245985.913772013
0.7821168000000001 2149338.5779817346
0.7829141000000001 1990972.18108028
0.7837064 1956653.371192174
0.7844512000000001 2067504.6571468858
0.7851685 2169003.175535808
0.7858989000000001 2221215.8159790034
0.7866431 2197219.2572319102
0.7873854 2307387.6218872475
0.7881637 2418990.9277667324
0.7889700000000002 2541343.144329486
0.7897123 2515722.3462788835
0.7904196000000001 2413363.8392860955
0.7911319000000001 2174940.076398863
0.7918542000000001 2339961.897227705
0.792574 2371123.3695975426
0.7933213000000001 2514887.8397167423
0.7940686 2491743.4061040725
0.7947884000000001 2468359.0376570853
0.7955157 2693504.898542107
0.7962555 2749562.6886553643
0.7970228000000001 2746906.992580156
0.7977876000000002 2676973.067660272
0.7984874 2708060.8362680427
0.7991772 2681871.318645569
0.7999545000000001 2755336.5278817713
0.8007493 2828515.3669672394
0.8015241000000001 2870230.2336134035
0.80230815 2879006.739800592
0.8031061500000001 2933781.2897945237
0.8039059 2982599.8846338666
0.80459325 2835671.990700089
0.8052181 3006139.0171062616
0.8058954 3082856.1262597195
0.8066274500000001 3050512.438314897
0.807355 3002445.6982064936
0.8079948000000001 3133380.4546193113
0.8086471000000001 3216225.808087643
0.8093713499999999 3258328.2687439164
0.8101117 3288387.4797241352
0.810859 3307961.8651933777
0.8115913 3236323.7123127044
0.8122937 3333497.1360669737
0.81298535 3421102.145793405
0.8137183000000001 3494086.421741202
0.8144781000000001 3488903.1559608676
0.8151929 3552105.3334276387
0.81590595 3452269.792668382
0.8166625000000001 3536738.4706844
0.8174173 3449172.4620587383
0.8181071000000001 2421486.4109504973
0.8187769 2870870.680490557
0.8194517000000001 1953465.264671268
0.8201565000000002 2943418.695622569
0.8208763 3122429.032349696
0.8215585999999999 3252385.78008394
0.82223165 3290113.920993937
0.8229483 3382084.5637011616
0.82363605 3413641.1620457997
0.8243104000000001 3428263.70713074
0.8250276999999999 3416104.158214042
0.8257375 3382282.3305091523
0.8264823000000001 3466516.5144913103
0.8272321 3260549.5272682514
0.8279695000000001 3227605.223296379
0.8286842 3253691.4164726837
0.829359 3210103.2379967836
0.8300438000000001 3168372.6071233996
0.8307561000000001 3162963.1611410086
0.8314859000000001 3244310.83738804
0.8322232 3238594.618018427
0.8329821000000002 3011875.204980114
0.8337403000000001 3159656.5490670386
0.8344501 3193826.5316031273
0.8351599000000001 3081942.5952956816
0.8359022 3240222.0959184603
0.836667 3094670.3739802665
0.8374117999999999 3129201.3192507657
0.8381591000000002 2802397.3621801003
0.8389114 2720420.9588856148
0.8396787000000001 3075718.068430581
0.8404585 3279157.396639065
0.8412008 3052785.988856404
0.8419431000000002 3128695.012669376
0.8427254 2896100.092750316
0.8435047 2202136.431836832
0.8442476000000001 2342114.6461954187
0.8449865500000001 2127319.3162853974
0.8457621 1991320.984575429
0.8465593499999999 1932614.426100687
0.8473566 2051275.2265599912
0.8481689000000001 2221406.3475396927
0.8489637000000001 2299582.927779858
0.8497535 2243024.297811058
0.8505083000000001 2241144.680601164
0.8512731 2140577.678570749
0.8520728499999999 2126927.790298031
0.8528456 2241542.6393266628
0.8536124 2273627.8181468924
0.8543697000000001 2238004.9799946886
0.8551520000000001 2458351.5421916745
0.8559543000000001 2530944.608761939
0.8566791 2555295.083607529
0.8573964000000001 2597228.1872742395
0.8581562 2558628.215421367
0.8589035 2585099.1511070863
0.8596383000000001 2566919.7711703437
0.8603181 2605424.6037820787
0.8610179 2630502.4987008763
0.86176035 2765408.6415668093
0.8625200000000002 2834790.5699540586
0.863284 2760578.6013035295
0.8640371 2830175.063477631
0.8647519 2806868.1236736714
0.8653943000000001 2799573.9847187945
0.8660790999999999 2538958.141783578
0.8668114 2878094.5676897354
0.8675319000000001 2624278.715200981
0.8682160000000001 2766006.6338284756
0.8688664 2461344.8632873464
0.8695156 2769640.874114551
0.8701729 2892595.5549798836
0.8707889500000001 2948779.723152791
0.87139935 2970568.4125783877
0.8720924000000001 2983669.704001328
0.8728297 3104819.1917839767
0.873577 3007682.314520557
0.8743093 3093819.652681969
0.87495415 3060807.382307119
0.875619 3130151.7274284866
0.8763063000000001 3222477.996158498
0.87695495 3163200.7186812777
0.8776784 3240231.450377322
0.8784057000000001 3335593.3045478524
0.8791355000000001 3397277.323825847
0.8798803000000001 3405009.403974024
0.8806260000000001 3189003.1290241345
0.8813824 3439461.4693165417
0.8820878 3207912.3440533183
0.8827945000000001 3272698.20019095
0.8835009 3517841.78257067
0.8842166 3515743.3206111696
0.8849767000000002 3623877.292964173
0.8857237 3044728.118101694
0.8863985000000001 3064378.9815697004
0.8870933000000001 2694904.483525192
0.8878431000000001 2886412.1005626726
0.8885929000000001 2967065.7086821534
0.8893377 2994072.071991117
0.8900272 3099785.829462159
0.8907099 3192980.038366419
0.89144635 3245845.219758848
0.8921778499999999 3251341.7711405647
0.8928624000000001 3331059.6824080697
0.8935516 3107779.2156464853
0.8942464000000001 3113094.2931239484
0.8949453 3083388.939289905
0.8956710000000001 3167632.983581545
0.8963933000000001 3203293.934638819
0.8971106 3268155.576384762
0.8978354 3306465.5135612795
0.8985777 3394576.657776206
0.89931835 3455401.5488877483
0.9000498 3166993.492688058
0.9007871000000001 3479538.76678115
0.9014869000000001 3343313.8057865985
0.9021826500000001 3360145.654498259
0.9029165000000001 3337895.705671738
0.9036513 3488758.787675955
0.9043861 3502403.0282263136
0.90506595 3514404.594467267
0.9057433500000001 3489313.4459922886
0.9063931000000001 3576103.676929739
0.9070198 3571501.023495164
0.9077102000000001 3633188.2255575834
0.9084275000000002 3581563.5009525144
0.9091379000000002 3450771.2420196636
0.9098272000000001 3584914.753166806
0.9105217999999999 3616258.6536251893
0.9112593 3711291.288300984
0.9120116 3736368.925911063
0.9127714 3732570.0726884347
0.91356365 3769639.3066984788
0.9143133999999999 3800595.130592071
0.9150291500000001 3751277.300816833
0.9157808999999999 3838360.568240038
0.9165753 3822598.922435047
0.9173476 3800434.3329282748
0.9180949 3868240.4550212943
0.9188447000000001 3905065.77671803
0.9195745 3872973.4306012155
0.92028855 3821837.1938273152
0.9209941 3557767.525881716
0.9216689500000002 3602626.7522089235
0.9223588 3453373.9258860587
0.9230660000000002 3367648.9309880566
0.9237109000000001 3362474.3030002164
0.9243432 3451014.8052841625
0.9250244500000001 3317662.6341094133
0.9257283500000001 3435528.0923982854
0.9263322500000001 3459615.9356149333
0.92687195 3479201.637520793
0.92753485 3405594.499805365
0.92826715 3351935.5475954725
0.9289820000000001 3168219.0854650387
0.9296918000000001 3197735.7768689785
0.9303567500000001 3128505.783040822
0.9310489000000002 3280135.378480945
0.9318087000000002 3190687.420233092
0.9325085 3247457.9364315923
0.9332033000000001 3300943.7708375314
0.9339638 3399145.2389513664
0.9346304 3338769.4032156654
0.9352752 3276193.3205098202
0.9360179000000001 3310927.305228646
0.9367698000000001 3327758.181567819
0.9375096 3253885.485747206
0.9382134 3319640.197834949
0.9388420500000001 3293056.7362555815
0.9394791 3338389.544135403
0.9401869500000001 3368429.636721391
0.94091475 3463587.6912047938
0.9416344000000001 3440666.1641994943
0.9424108 3464917.0504992316
0.9431156 3455524.0930307205
0.94375845 3436330.106674627
0.9444777 3285167.3059091666
0.945245 3453547.137250678
0.9459923 3473120.3595417696
0.9466769500000001 3456280.1266588666
0.9473923 3562172.7928445265
0.9481542000000001 3561332.153285374
0.9488665500000001 3621329.4193412815
0.9495938500000001 3643738.0641803364
0.9503312 3594499.2816164396
0.95107345 3585558.594973109
0.9518257000000001 3612692.5108866952
0.95252805 3609097.774672683
0.95326535 3636326.5496461657
0.9540376 3605828.9317155234
0.9547774 3424597.8657748164
0.95549225 3670485.290040616
0.9561871 3694899.8963989564
0.9568869 3699410.073964975
0.9576042 3654350.0884592705
0.9583740000000001 3783290.213548536
0.9591722500000001 3755057.774409265
0.95991505 3346592.923772226
0.96059855 3712036.2353728153
0.9613057 3766450.1622063187
0.9620155 3793893.4096841603
0.96273825 3798456.622698148
0.9634726 3438814.3331444166
0.9641994500000002 3352353.4905778607
0.9648996999999999 3388908.888119783
0.96556255 3826920.5992129706
0.9662519 3810836.205009369
0.9669941 3654187.3299569553
0.96776175 3277615.9201880586
0.9684837 3762219.3048017123
0.96913855 3554718.968381017
0.9697784 3857926.198119326
0.9704782000000001 3312925.4639770132
0.9712080000000001 3830620.5350786657
0.97190105 3690933.5892236074
0.9725926 3314077.3323148983
0.9732924000000001 3656401.3851845376
0.9739547000000002 3619618.6065440057
0.9745895499999999 3293014.2475986406
0.9752681 3724050.0900470857
0.9760092 3759808.4211555817
0.9767715 3512436.3250193195
0.9775088000000001 3754817.8553437823
0.9782361 3316774.0221389523
0.9788984000000001 3409565.7712031375
0.97953315 3804592.879982521
0.9802687000000001 3830431.9088723874
0.9809753 3738582.738965509
0.9816519000000001 3766041.947801919
0.9823748999999999 3714946.68171756
0.98307725 3651631.234709917
0.9837471 3694524.15317631
0.9844569000000001 3756659.017166161
0.9852017000000001 3783573.525800483
0.9859265000000001 3808741.8685356793
0.9866306 3767718.0996751133
0.9872936000000001 3824724.305091463
0.9879784 3878555.598082941
0.9886553 3862985.088106146
0.98928305 3882298.1211310043
0.9899654000000001 3388787.783968313
0.9906597 3272448.0264794985
0.99128 3130020.8680543015
0.99189985 3277252.190262612
0.9925772 3258403.162683752
0.9933019999999999 3382690.0256827506
0.9940215000000001 3633297.7735475595
0.9947020000000001 3571698.7708648196
0.9953789000000001 3611045.0007097432
0.9960337000000001 3526191.794891616
0.99664895 3759260.1779676727
0.9973059 3370774.682766508
0.9979982000000001 3634781.9912207634
0.9987380000000001 3346615.709612276
0.9994903500000001 3505453.3409757805
1.0002118 3616629.556719263
1.0009424 3479411.846132335
1.0016696999999999 3576525.244511864
1.0023382 3542813.261321449
1.00294185 3535630.7676516445
1.003565 3399949.2367546395
1.0042565 3629926.963989917
1.0049687999999999 3418237.7951545343
1.0056536 3267068.1875181096
1.0063209 3416893.0942502613
1.0070057000000001 3555608.376845937
1.00769305 3621886.3435807102
1.0084153500000002 3657972.3015365633
1.0091551500000002 3499681.717722631
1.0098924500000002 3711770.0240354803
1.0106172500000001 3596261.4197707674
1.0113096000000001 3542521.693388021
1.0119994 3685874.120911792
1.0126287500000002 3641358.1605000813
1.0132565 3582237.6203243476
1.01394135 3513586.5437030345
1.0146312000000002 3564796.489712381
1.0153235 3605075.646948682
1.0160665 3562175.452445666
1.0168181 3562677.893730019
1.0175052500000001 3711557.971301906
1.0181879 3473997.5813648473
1.0189 3653212.7358747437
1.0196323 3655384.666575364
1.0203842 3670887.278802418
1.0211744 3651465.8415664146
1.0219417000000002 3500332.942976914
1.0226264999999999 3611508.8352981647
1.0232638 3664606.567677099
1.0239311 3761503.9422540287
1.0246559 3661098.296899655
1.0253757000000001 3421817.0120904488
1.02609575 3371495.8764726985
1.0268678 3504703.511648752
1.0276626 3434727.8618183867
1.0284399 3449497.4423687803
1.0291622 3542885.573735653
1.02991345 3424127.9619532046
1.0307018000000001 3708842.3833043035
1.0314891000000002 3532879.9888164448
1.0322639 3554855.2503971215
1.0330311500000002 3583214.5061403345
1.0338083999999998 3389239.1075117188
1.0345857 3003854.95884971
1.0352955000000001 3524008.3971540174
1.0359753 3703723.2913118154
1.03670515 3575868.196566429
1.037415 3758766.1227903543
1.0381490500000001 3580541.1276081908
1.0388639 3574491.050567695
1.03955385 3304256.3151483242
1.0402292 3726383.204260309
1.0409265 3634258.19826702
1.0416905500000002 3603303.2251424463
1.0424461 3461179.9313557777
1.0432309000000002 3656233.1559906774
1.0440207000000001 3768192.4651519675
1.04478795 3681813.1765619367
1.0455552 3776299.6399069335
1.04629 3657400.702326672
1.0470323000000001 3546596.263609773
1.0478121 3620978.70928464
1.0485669 3704239.6553116213
1.0493114000000001 3516382.2348090867
1.0500611000000002 3710099.154807922
1.0507938000000001 3636935.9044486964
1.0515211 3656428.0234737205
1.0522709000000001 3572385.1763621
1.0530182000000001 3814721.0888815434
1.05375215 3696304.476879405
1.0545003000000002 3714966.373732481
1.0552751 3681772.928589381
1.0560199 3755234.8746133894
1.0567297 3589524.2754929536
1.0574495000000002 3699315.8098105565
1.0581893 3566276.5379046015
1.0589366 3680073.3418385154
1.0599250000000002 3724387.481883815
1.06163295 3693082.7618609187
1.0638035000000001 3728853.428275109
1.0658772 3563299.4844999793
1.06799505 3697591.672428386
1.0701321 3685267.3458619323
1.07230545 3654211.625481848
1.07440935 3755304.7588029183
1.07639695 3733921.6026832853
1.07869375 3727226.3358009155
1.08121305 3687512.496948207
1.0835524 3745052.9255756163
1.0857918 3696262.9977773204
1.0881511500000003 3792870.4317362118
1.090492 3756887.323854637
1.0926957499999999 3744020.823688134
1.09471935 3747658.077825767
1.0968987499999998 3679636.207519039
1.09929895 3710772.8873509397
1.10143755 3628052.1268558176
1.1038169 3571386.6886632764
1.1066427 3575988.526525678
1.10942535 3608082.0418813005
1.1122646 3586079.270549953
1.1151136 3613813.8896942628
1.11785305 3615046.8062552763
1.12054235 3594182.4203741224
1.1231916000000002 3640754.8523810306
1.12574635 3562648.002874222
1.1280503 3621274.8020283408
1.13008975 3593773.164072425
1.1322168499999998 3637495.880246687
1.13465845 3587704.8829838117
1.1371078 3330241.936966406
1.13952405 3100658.6346266167
1.14190025 3501668.3292163075
1.14427725 3543244.482675802
1.1469651 3591848.534187598
1.1495944000000002 3620755.0403461275
1.1521737 3632518.8439981407
1.1548429500000001 3590875.2426442183
1.157399 3629332.912874284
1.159834 3434397.538729135
1.1619910500000001 3557073.1408766587
1.1640579 3524691.8981525153
1.1660276500000002 3587023.515724845
1.1680194 3378231.4049512343
1.1704587000000002 3522018.447521223
1.173118 3558059.63000134
1.1753273499999999 3503050.0274802526
1.1773768000000002 3076621.8501553354
1.1796562000000002 3516456.58967255
1.18203555 3407680.661096819
1.1847051000000002 3541904.4557310827
1.18757405 3353613.969714968
1.1901034 3484376.7063171794
1.1926727000000001 3521350.908860575
1.1956119000000003 3393200.812719545
1.1984056 3283166.5040102755
1.2012616 3483666.0730616134
1.20433605 3499154.9862562874
1.20737865 3455569.202908355
1.2102879000000002 3466024.0088755614
1.2130671 3478529.876594545
1.2159161 3499093.40657296
1.2185356 3500163.126250182
1.22103165 3468308.686019524
1.2238142 3485994.353097238
1.2265134500000001 3484088.552553692
1.22908275 3485966.847649089
1.2314821 3437225.0641084923
1.2339714000000002 3478863.375957799
1.2368026 3475904.5524247047
1.23930995 3419244.1415463896
1.2418098 3309724.5499963863
1.24452855 3328018.297599773
1.2471778000000002 3384496.6939690914
1.24979005 3414969.649143946
1.25209685 3174774.3132580644
1.25440585 3377713.0490687774
1.25689515 3365839.758399539
1.2594078 3345391.5254996778
1.26201375 3377640.999141827
1.2646415000000002 3345036.890102389
1.26715235 3270729.843706078
1.26973885 3364125.376778785
1.2724207 3385904.6432603127
1.27501745 3322606.887500629
1.2777283500000003 3348693.761870299
1.2803088000000002 3326278.665218733
1.2827766 3196596.5866776337
1.2854514000000001 3279340.8848726265
1.2882218500000002 3287229.101152634
1.2909758500000001 3195000.018989807
1.2937351000000001 3290491.8812086824
1.2966273 3315084.896588334
1.2996335 3292528.7879129173
1.3026526999999999 3290896.9083980178
1.30565185 3289058.732306834
1.30872105 3246736.829694598
1.3117602000000002 3015935.8653974724
1.3146994 3043352.480645204
1.31742865 3237503.0250453893
1.3202188000000001 3247022.3477472826
1.3230871 3224543.3672938985
1.3259363 3164293.679093171
1.32882555 3103926.5386966346
1.3315747999999998 2937988.050884353
1.33433405 2777666.9279819983
1.3369833500000001 2751764.8915053336
1.3397226 2831945.460862077
1.34250185 2684946.773566001
1.3451311000000001 2769587.1176097095
1.34797655 2758646.5326921847
1.3508895 2671950.726437119
1.35360875 2686396.696472591
1.35623805 2728389.204114152
1.3588173500000003 2700906.510258869
1.3612867 2637625.275272736
1.3638308000000001 2658676.496764382
1.3666271500000002 2723453.05440245
1.3693145 2711383.767304299
1.3719105 2686160.488282587
1.37456025 2732916.711198169
1.3770422 2717009.4887280082
1.3796320000000002 2743662.269739002
1.38239095 2708266.3999924227
1.3850602 2672091.33384826
1.38782945 2675982.251949605
1.3906687 2540593.550293772
1.3933379500000003 2541266.1711585023
1.39593725 2549014.4239326213
1.39856655 2475152.433799717
1.4013158 2534792.5370033486
1.404165 2536108.3108446584
1.4070141999999999 2515037.747026295
1.40973405 2480601.3900020323
1.4120959000000002 2434057.7745286063
1.41452215 2431020.0075208265
1.4172414 2355574.9739285754
1.41995625 2434231.934351924
1.4226299500000001 2372591.9817601307
1.4253092500000002 2340803.898219694
1.4279385000000002 2296663.280772763
1.4305178 2430806.601465489
1.4332171 2364606.037965152
1.4361163000000001 2386204.7799744057
1.4389484500000003 2391986.1425085086
1.4415248 2353343.6826678943
1.4440441000000002 2396196.272165649
1.4466031 2362318.2133065728
1.44937265 2373016.2905361573
1.4520319000000002 2437987.2946354067
1.4543943 2400078.703999403
1.45699055 2340355.0505683473
1.4597198 2371897.810981769
1.46233915 2285595.6780137927
1.4650184 2359654.488044543
1.4677676499999999 2255928.0727675897
1.4705269 2292275.2631668667
1.4729462500000001 2299674.6661509597
1.4751256499999998 2267604.344122077
1.47754495 2276004.082792577
1.48015425 2252690.855140305
1.4829935 2302660.5067378236
1.4855076 2317206.7284147423
1.4879821 2252259.770077736
1.49065135 2301058.3062747633
1.4934306 2279874.0527474545
1.4962998500000002 2315687.9611771363
1.4991291000000002 2283889.7648327244
1.5019783000000002 2232563.063989611
1.50464755 2261839.959949855
1.5073568000000002 2298636.210851116
1.510286 2318145.3232530067
1.5132217000000001 2316254.2514250884
1.5160378 2185154.934677606
1.5188537000000002 2325201.7496257704
1.52156505 2370500.3174285474
1.52440795 2295521.1087058093
1.5274478999999999 2302025.8773260876
1.53029335 2334954.9568918454
1.5332397500000001 2251556.364175476
1.53615885 2315166.4011815456
1.5390282000000002 2270657.710983043
1.5418974 2248459.729269479
1.5446966 2317223.177792509
1.5477758000000001 2293802.1479361975
1.5509949500000002 2292841.6404988216
1.55413405 2269483.6807953278
1.5572032 2264079.6475886162
1.56033505 2309260.753996224
1.5635415000000001 2305913.5153860264
1.56668065 2314710.040105749
1.56974475 2303659.403563215
1.57280895 2289581.9352319883
1.5758381000000001 2298051.5438740053
1.57893725 2314042.129016898
1.5822563500000002 2329300.0106315482
1.58548335 2354196.681511295
1.58831115 2310879.1107123336
1.5911439500000002 2313534.3641962404
1.59439305 2352581.584708529
1.5975722 2342781.7431027475
1.60074135 2344791.3539813915
1.6040504500000001 2324830.615135691
1.60729955 2326921.6592165865
1.6104587000000001 2333194.0972398543
1.6136778500000002 2268304.697960356
1.6168469500000002 2283077.964434075
1.6198861 2184021.6728229956
1.6229852500000002 2326720.786386143
1.6260844 2313473.0024189996
1.6290836000000002 2347079.973314884
1.6320028 2343675.504967123
1.63502195 2317841.452455044
1.6379955000000002 2342079.247987666
1.6407420000000001 2332842.1660112957
1.64372965 2331296.2715795306
1.6467988 2341887.0960407094
1.6498026000000001 2345721.905501082
1.6529171 2321182.950771554
1.65608625 2362428.50200361
1.65939535 2317768.0497737867
1.6624945 2333729.4601961556
1.6653037 2311855.1295667943
1.66808295 2323351.6828092416
1.6707922500000003 2239189.0304660886
1.6736114500000001 2241374.937563397
1.6763407 2238340.4447815553
1.67893035 2318269.8135683914
1.6818892 2311775.939387362
1.6849683500000001 2292812.178960859
1.6879075000000001 2233438.382829663
1.69092675 2234512.4263155586
1.69409585 2255714.5025162706
1.697125 2229626.300703659
1.6999227000000001 2214277.7790366807
1.7028403 2204527.8717718334
1.7059026000000002 2147950.841396321
1.70878185 2116191.1685465793
1.71172105 2063489.2142429056
1.71495015 2068297.4390646687
1.7180193000000001 2019524.5775042474
1.72108845 2054587.131150195
1.7242735000000002 2026210.5741019032
1.72745675 1985971.2632146904
1.7306359 1985886.8709141712
1.7338150500000002 1934710.57485558
1.73698415 1939222.6481523933
1.7400733000000002 1922522.0307623686
1.7432576000000002 1892294.2890319957
1.7464328 1862763.927820005
1.7496306500000003 1858198.7936102168
1.7529097500000002 1834405.6745776976
1.7561189000000001 1755902.4099455788
1.7592780500000003 1762668.5392767296
1.7625171500000003 1760058.9116025858
1.7657163 1764255.7071685747
1.7688554500000002 1704285.0564219933
1.7718846 1663935.2109892122
1.7747738000000002 1656440.2125584723
1.777673 1649024.0845604802
1.7807022000000003 1622249.05655498
1.7837597 1629135.0577660894
1.7866209 1558007.0454005117
1.7894298 1599157.9960926159
1.792309 1557485.2183644488
1.7952082000000003 1540066.005395393
1.79824235 1574169.6130421227
1.8012668000000003 1486154.4843682717
1.8037059000000002 1512417.0710011483
1.8061452500000001 1498096.0238776344
1.8090245 1500312.237428213
1.8121136500000001 1474568.9591403208
1.8151537000000002 1554851.5367602457
1.8177421000000002 1437450.0204713421
1.8203614 1413400.0933476195
1.82333055 1523790.4442483988
1.8263897000000002 1425639.0291364973
1.8294489 1469622.1798017274
1.8326180500000002 1440494.711322373
1.8356840500000002 1440138.8607208678
1.8385902 1402747.552312137
1.84164555 1403295.3251236798
1.8447447000000001 1340368.6904422615
1.8477839 1266424.9910925897
1.8509430500000001 1389579.34013812
1.8540722 1350283.971042265
1.8570112 1227584.39963904
1.8599605500000003 1227926.5620280344
1.86277975 1311954.4017102013
1.8654890499999999 1309806.6966859254
1.8682612500000002 1323901.7345923919
1.8706974 1335535.871133676
1.8729829 1248036.8861109042
1.8751164500000002 1302383.5177675944
1.87722585 1251586.2229263217
1.8796351500000001 1304926.0756810491
1.8822402500000002 1359127.3451415678
1.8850537 1281059.8433015891
1.8879829 1325603.1097792096
1.8909821 1259121.1004540618
1.89415125 1286734.7485701742
1.8971204000000002 1292893.6980525053
1.9000196500000002 1327323.2941765247
1.90312875 1312360.5966787871
1.90616795 1283997.217335181
1.9091071 1298648.7829288591
1.9120463 1285497.2397359968
1.9150755000000002 1283521.218774643
1.9180013500000004 1294878.0309026353
1.92098705 1273703.7192338842
1.9241308000000004 1268337.0106523884
1.92705225 1255702.0579378614
1.92998145 1087646.1354314014
1.9332205500000001 1220776.663022938
1.9365396500000003 1260293.3704590925
1.9398579 1206470.6682149032
1.9429674000000001 1163228.2908470777
1.9458671 1030168.0681008218
1.9489762499999999 1109589.3174658152
1.9521554 1141177.6980093885
1.95520455 1186910.3523107523
1.95839365 1253496.8729598557
1.9616228000000002 1193804.682894405
1.9648519000000002 1219291.2501943607
1.9681610000000003 1217290.064401966
1.9713801500000003 1172439.4157354482
1.9746092500000003 1103232.9860890007
1.9778583500000002 948275.0579068902
1.98068755 1093185.9511061541
1.98358675 1110717.2141146231
1.9868259 1028492.0666520605
1.9900650500000001 1082618.8109970333
1.9933841500000002 1103190.7527476791
1.9966656 1125918.046785957
1.99988235 1126123.4334400452
2.00312145 1136664.3856577757
2.0064405499999998 1144631.0656166486
2.0097596500000003 1089904.85975261
2.01307875 1131161.2583032958
2.01639785 1096987.9282142234
2.0197169500000003 1097380.0775506836
2.02303605 1124429.717393941
2.0263551 1082245.126864314
2.0296742 1086221.1439204195
2.03299325 1113228.66884802
2.03631235 1091907.241996255
2.03963145 1078453.7532419697
2.0429505500000005 1075809.9731664914
2.04626965 1093838.7394957119
2.04958875 1073117.6101495048
2.0529078500000004 1073241.035578417
2.05622695 1091651.3183640866
2.05954605 1079296.0475127306
2.0628651500000004 1047391.8240394137
2.06618425 1070948.600461348
2.06950335 1078325.241382327
2.07282245 1050628.1871012887
2.0761415000000003 1062595.5254118915
2.0794206500000003 1060517.6952686755
2.08269975 1057151.7702225312
2.0860188 1056995.6135369674
2.0893379000000003 1059022.8735249422
2.0926569500000003 1060677.9133898038
2.09597605 1048398.3286964054
2.09929515 1057969.2781138956
2.1026142500000002 1057717.6943487243
2.10593335 1056933.8239197147
2.1092524500000005 1052147.446961651
2.11257155 1045999.8593033075
2.11587065 1039159.040359447
2.11916975 1058986.312194943
2.12248885 1055683.8277081724
2.1258079500000004 1047853.0124135003
2.12912705 1042102.2070617373
2.13244615 1057579.034230783
2.1357652500000004 1054556.365547628
2.1390843000000004 1038017.6596736276
2.1424034 1057136.1343217224
2.14572245 1065777.232982071
2.14904155 1033708.1291215506
2.15234065 1044408.5814314049
2.15563975 1056441.684690449
2.1589588500000003 1051863.0682668546
2.16227795 1047868.3091102954
2.16559705 1052857.6175916956
2.1689161500000003 1055122.9951184047
2.17223525 1042394.8330239444
2.1755543500000005 1039960.9845017542
2.17887345 1026626.2368302135
2.18219255 1037537.1889432524
2.1855116500000005 1043309.8646490969
2.18883075 1030956.6527207615
2.1921498 1036578.6781072734
2.1954689 1039974.6667566033
2.1987879500000003 1040847.415261562
2.20210705 1024136.8775120057
2.20542615 961893.3044683901
2.20874525 981690.0901739774
2.2120643500000003 1032162.3495103219
2.21538345 1028252.0997275444
2.21870255 1022626.5375551265
2.22200165 1011674.7479161739
2.22530075 1031665.1790153794
2.2286198500000003 1008441.3542421513
2.23193895 1016262.9165194028
2.23523805 1013212.1403867197
2.23853715 1019738.58803264
2.24185625 1013793.8425772884
2.2451753500000002 1012274.990506394
2.24849445 1010307.7562816774
2.2518135 1011972.8116203039
2.2550926500000004 1006178.7162252795
2.2583717500000002 994416.178251569
2.2616908000000002 986366.506693623
2.2650099 987352.2081610503
2.268289 993134.3813358336
2.27152815 989875.7277775422
2.27478725 990548.6522840712
2.27800635 981570.0268629438
2.28120545 975334.497882965
2.28446455 978247.0092600712
2.28776365 982364.0184481808
2.29108275 970202.553727009
2.29440185 824413.3038243187
2.29772095 885026.6620947429
2.30104005 905795.1914588045
2.3043591500000002 910574.480054476
2.30767825 909392.2849421041
2.31099735 899823.3108621741
2.31431645 890233.4100956083
2.3176355500000003 909230.724177143
2.32095465 846733.3699050926
2.3242737 804084.5499848833
2.3275927999999997 846351.8250374169
2.33091185 838953.5291246832
2.3342309500000002 829006.0275672653
2.33755005 809968.7071665246
2.34086915 845814.1960708126
2.34418825 834080.0713365516
2.34750735 849517.8829924077
2.35082645 793534.5804258067
2.35414555 759259.5392471137
2.3574646500000003 789291.5673234182
2.36078375 795500.2455752171
2.36410285 811402.983378793
2.36742195 790217.227471324
2.3707409999999998 812512.5021264416
2.3740601000000003 801393.5642558596
2.3773791500000003 787245.3721960944
2.38069825 773335.2550238417
2.38401735 718043.2339403023
2.3873364500000003 724720.0521846679
2.39065555 738760.6660028043
2.39397465 759842.7833697507
2.3972937500000002 733977.0407593966
2.40061285 719889.5591626416
2.40393195 722008.9241411792
2.40725105 701499.5105718005
2.4105536 709085.4910767993
2.41383925 676421.9182550758
2.41712835 680198.1489922388
2.42044745 668030.0440389172
2.4237665500000003 676277.2967864956
2.4270856 657778.2256513946
2.4304047 664552.5355346772
2.4337237500000004 657826.7981642034
2.43704285 631396.851277248
2.44036195 643701.1217244886
2.4436810500000004 634573.9094666725
2.44700015 614326.2640233247
2.45031925 616908.2443922474
2.4536383500000003 578076.7828157084
2.45695745 636935.7996466156
2.46027655 570995.3085562628
2.4635956500000002 617194.8932047097
2.46691475 579814.7797160598
2.47023385 587950.6272648853
2.4735528999999996 554983.982210366
2.476872 585178.5626085827
2.48019105 543392.3097391615
2.48351015 588043.3832770099
2.4868292500000004 533769.0398161781
2.49014835 520580.0049564321
2.49346745 560569.5789882817
2.4967865500000004 533330.0940672188
2.50195015 527414.3428664964
2.50958805 521538.5657965886
2.5178857500000005 514323.9479137956
2.5261835500000003 508726.66745331604
2.5344812500000002 493627.4744540658
2.5427290000000005 493816.39957926725
2.5509267500000004 490874.54443056235
2.5591745 481567.9911054402
2.5674722500000002 487097.092887886
2.57576995 476138.0691328052
2.5840677000000003 484046.8359867229
2.59231545 474648.840640455
2.6005632 479829.79281967523
2.60881095 481505.6878341771
2.61705865 471077.95507743076
2.62535645 475746.70767995005
2.63365415 465721.9275070016
2.64195185 461147.33054015593
2.6501996500000002 471364.06797653716
2.6584473500000003 483955.56175351655
2.6667451 452450.58276433917
2.6750428500000005 458591.24539692386
2.6832906000000003 449653.93660128134
2.69153835 438680.61886506545
2.69983605 441183.38083544
2.7080838000000003 422429.4075086222
2.71633155 423201.77177543956
2.72462925 402082.6181343356
2.73292705 412514.2186171076
2.7412247499999998 399771.8963726649
2.7494725000000004 399176.10663450276
2.7576702500000003 400917.0982698294
2.765918 377599.1107477513
2.77421575 391822.4656013039
2.78246345 374646.87303127977
2.7906612500000003 381503.4822132211
2.7989089500000004 373320.43385003717
2.8072067 367196.9047773131
2.81550445 357702.65565965057
2.82380215 352886.9983528436
2.8320999000000002 360933.7115347972
2.8403976500000003 352029.76731315214
2.8486953500000003 352429.06406552775
2.8569931 346260.10582428187
2.86529085 347973.98261795443
2.87358855 339994.5566563273
2.8818863 345768.2936402366
2.8901840500000002 339038.11349234934
2.89848175 337632.4438647704
2.90677945 317384.36416019086
2.91502725 337277.6803775454
2.9232749499999997 314356.8168178143
2.93147275 323684.03981489874
2.9396705 314360.75878078217
2.94796825 311418.5908813096
2.9562659499999997 314431.53962769714
2.9645637000000002 304819.14292986825
2.97286145 314326.3173688424
2.98115915 310048.9532925285
2.9894568500000003 295788.2024509644
2.99775465 309857.3674305544
3.00605235 285523.72106091114
3.01435005 310566.97084826225
3.0226478500000002 291486.0924745855
3.0308456 291868.90173423383
3.03904335 298930.4106220896
3.04734105 278947.77223667584
3.0556388000000005 295949.7169374104
3.06393655 289973.5330390537
3.07223425 275618.06281968666
3.080532 290176.6083938222
3.0888297500000004 277036.06266395753
3.09707745 282329.68556082784
3.10532525 283257.4063035349
3.1136229500000003 272063.4443619363
3.1219206500000003 283402.23816740286
3.1301684000000005 266115.23609931517
3.1384161500000003 276333.72824850923
3.1467139 274641.31299264095
3.15501165 263838.9892964579
3.16330935 273605.2335493607
3.1716071 269294.64145044476
3.1799048500000002 265080.4205529715
3.18820255 266763.1391760632
3.1965002500000006 260237.02894808297
3.20479805 266543.1927177479
3.2130957500000004 267032.4382165018
3.2213434999999997 257770.18584956232
3.2295912500000004 261238.52726500185
3.2378889500000003 258683.9794434436
3.2460867 255193.96845774565
3.25428445 263761.00617534755
3.2625822500000004 260829.80395200165
3.2707800000000002 254254.54055082696
3.2789277500000003 253615.04018091195
3.2870755000000003 253524.60081249237
3.29527325 250368.83232508722
3.3035710500000004 254640.2074463519
3.3118687500000004 250431.0108892201
3.32016645 249778.07270266578
3.3284642500000006 254278.9799226088
3.33676195 244648.16246391102
3.34505965 247428.8317021471
3.3533574 246476.4972926975
3.3616551500000003 245999.62847252606
3.36995285 246158.24191693382
3.3782506000000003 242736.82551091252
3.3865483500000004 245586.3522886547
3.3948460500000004 238532.19045365436
3.4031438000000005 240264.77537196362
3.4114415500000006 236773.47090215495
3.41973925 239287.54658168255
3.42803695 239929.21752099527
3.4363347500000003 237049.1478550971
3.4445325 234596.7917658771
3.45273025 233940.98774511975
3.46102795 232125.07612275705
3.4693256999999997 236733.23858980223
3.47762345 232015.85590642664
3.48592115 230447.70491273515
3.49421885 227975.02315606852
3.50251665 232434.41788756213
3.51081435 227759.3401595733
3.51911205 222618.35670304805
3.52740985 224947.61433089114
3.53570755 225622.0616217675
3.54400525 223792.04721062648
3.5523030500000004 221967.716496765
3.5606007500000003 221507.070684129
3.56889845 219307.67607244782
3.5771962000000004 217887.10137999489
3.58549395 218185.2398744573
3.59379165 215437.75550750812
3.6020894 215548.03605740645
3.6102871500000004 217177.74829092677
3.61848495 212979.03422499856
3.6267826500000004 214667.88505217337
3.6350803500000004 208811.5569019089
3.6433781 212121.67608233046
3.65167585 209049.70404422723
3.6599236000000004 203853.65509590803
3.66817135 209901.58832372446
3.67641905 204827.8018902327
3.68466685 207323.9321729385
3.69296455 203630.0015872666
3.70126225 203135.6084849826
3.7095600500000003 201945.77982558575
3.7178577500000003 201135.48298333283
3.7261055 203111.84398869998
3.7343532500000003 195133.72002467967
3.7426509500000003 198947.73183032853
3.7509487000000004 199632.3530391269
3.7592464500000005 196707.44459552015
3.76749415 195375.5643027634
3.77574195 194309.5950740975
3.7840396500000004 195323.24978137814
3.7923373500000004 193783.05547634963
3.8006351499999997 193394.34680810414
3.80893285 188205.55197838682
3.8172305500000006 190982.7429531406
3.8255283 187563.35623158113
3.8338260500000003 186262.64029612503
3.8421237500000003 186900.7938114672
3.8504215000000004 183058.59167086787
3.85871925 186465.94363717118
3.86701695 182690.1751500436
3.8752647000000002 182110.02236354255
3.88351245 182282.70188794777
3.8917602000000002 177649.22190765457
3.90000795 178334.08375959762
3.90830565 176774.70996202735
3.9166034 175607.26841802898
3.92490115 176621.83554153136
3.93319885 172895.740066129
3.9414966000000002 172807.91933803455
3.9497943500000003 170563.26655845594
3.9580920500000003 170379.74519328726
3.9663897500000003 167121.46384034847
3.9746875500000005 166070.846197148
3.9829852500000005 162180.70145069304
3.99128295 163601.0908933061
3.9995807500000007 162291.1459863203
4.007878450000001 162098.30402386776
4.016176150000001 157457.89542028526
4.0244739 158965.31602937664
4.032771650000001 156140.8057907977
4.0410194 153128.61796477728
4.049167150000001 154284.31855614495
4.05736495 151965.47169879058
4.06566265 151981.124758923
4.07396035 147562.469496395
4.082258100000001 145746.7085639354
4.09055585 145401.17755788946
4.09885355 145285.23722103296
4.1071513 144526.84356956749
4.1154490500000005 142799.77298538148
4.1237467500000005 143359.75535774854
4.1320445 141052.53316442654
4.140342250000001 139219.8385183819
4.14863995 140920.01680104254
4.15693765 135267.72416355106
4.16513545 135026.90829743887
4.1733332 135458.29472316348
4.181630950000001 133931.40782491036
4.189928650000001 133650.8714454234
4.1982264 133751.32151584767
4.20652415 131289.28888675955
4.214821850000001 128468.31737064892
4.223119550000001 130303.68078571411
4.23141735 130187.13930483797
4.239715050000001 126521.98598415493
4.248012750000001 124562.76531019875
4.25626055 124165.85642180099
4.2645082500000004 124285.52521293926
4.272806 122618.3614664993
4.28110375 123914.28522947019
4.28940145 120752.99006313425
4.2976492 113909.72579718225
4.30589695 113034.96034955974
4.31419465 114192.16689388154
4.32249245 112893.8314601651
4.33079015 112441.08899697234
4.33908785 109772.75506666847
4.347385600000001 106763.70946057429
4.3556833500000005 105033.00819866745
4.3639810500000005 105182.59732142164
4.3722788 103976.47463164448
4.380576550000001 102169.05061454896
4.388874250000001 102124.04486205784
4.3971219999999995 100377.35241397956
4.40536975 98635.83240593468
4.41366745 96984.07933742092
4.4219652499999995 95598.8669489853
4.43026295 94622.34047163157
4.43856065 95252.4817470733
4.4468584 93064.91355207551
4.4551561500000005 93462.36215185367
4.4633539 90839.48495238171
4.47155165 91674.74100949577
4.4797494 89725.66813189008
4.48794715 90121.53587515293
4.496244900000001 87141.42212917925
4.50454265 89338.60678570766
4.51284035 87488.66761683085
4.5211381 86261.50289417397
4.5294358500000005 85580.66700229442
4.5377335500000004 87209.81300837506
4.54603125 84566.11057357518
4.554329050000001 83530.90518885112
4.562626750000001 83924.80465937422
4.570924450000001 82503.26754195002
4.579222250000001 83534.30468811958
4.587519950000001 83870.8271458056
4.595817650000001 81622.08921618415
4.6041153999999995 81100.75364886194
4.61241315 80613.60612682597
4.62071085 80472.02554656063
4.629008600000001 81490.43207312924
4.63730635 80171.72951651386
4.64560405 79670.91631287689
4.65390175 80827.38350143885
4.66218185 78780.8460371954
4.670397299999999 78296.90257247126
4.67859505 78686.39148927307
4.68689275 77923.69488901012
4.695190500000001 77913.06749862466
4.70348825 77499.68079351378
4.71178595 78154.37195335639
4.7200837 76873.93665576713
4.7283814500000005 75708.09917941815
4.7366791500000005 74401.01865783744
4.7449768500000005 75402.19583837468
4.753274650000001 75184.63102531097
4.76157235 73006.62385806216
4.76987005 73599.3818255403
4.77816785 71511.24396420295
4.78646555 73614.60979311577
4.79476325 73218.36060531801
4.803061 70458.39135760434
4.81135875 69349.40162140621
4.81965645 71759.61503467975
4.827954200000001 72739.59187929488
4.83625195 69473.96224049774
4.84454965 69824.46319046374
4.85284735 68650.3874174969
4.861095150000001 68675.87284273266
4.8692929000000005 69307.53377991494
4.87754065 68423.19876073718
4.88583835 67075.52256489807
4.894136100000001 65240.670965406774
4.90243385 68751.65609089533
4.91068155 66349.63380639892
4.91892935 67533.6094936324
4.92717705 63923.13960801435
4.9354248 64825.39843132533
4.94372255 63856.035057555535
4.95202025 63873.35613282742
4.960318000000001 64452.18624367945
4.9686157500000006 61290.001520779406
4.9769134500000005 64062.37906788884
4.9852111500000005 64307.712297406135
4.993458950000001 62131.56663857953
5.00170665 60166.442958543004
5.01000445 61117.059697285134
5.01830215 59837.65741581701
5.02659985 58919.50846101218
5.0348476 61144.413656979115
5.04309535 58220.35734873077
5.0513931 60776.593310808195
5.05969085 59973.25745415122
5.067988550000001 58627.84637924416
5.076286250000001 58166.75672459982
5.08458405 58428.1857014553
5.09288175 57405.67943146286
5.10117945 57806.59260275528
5.109477200000001 56987.3152866659
5.11777495 57084.470231318075
5.12607265 56311.2389592352
5.1343704 56557.81086693688
5.14266815 53750.99820848857
5.15096585 58330.58314086329
5.1592636 53951.729946214444
5.167561350000001 54431.02281107011
5.17585905 55078.65214370416
5.18415675 54194.811339652
5.19245455 55092.333166021635
5.26106075 51852.8281666226
5.40702085 47567.40380637359
5.56797685 42604.60664011848
5.72993255 39262.72804474034
5.89188825 35954.04347299408
6.05384395 33391.67387964839
6.21954615 30837.6376878273
6.382754 27780.825360253726
6.5447097 23545.269095382497
6.7096646 20560.68256520936
6.87461945 18838.590036610025
7.037574899999999 17751.699345434234
7.200530349999999 16403.472316584808
7.36148635 15126.840292092516
7.52344205 14085.542283666946
7.689396650000001 12889.819846526903
7.85435155 12247.288661061384
8.01830665 11141.601006823706
8.183261550000001 10308.959843819448
8.34921615 9610.86188691157
8.514171050000002 8875.483302629917
8.6771265 8438.07571711648
8.840081950000002 7949.081569334972
9.0050368 7431.5326089489245
9.16699255 7073.853482927683
9.32894825 6585.522715641372
9.49490285 6248.000452599858
9.66085745 5809.5943304005905
9.824812600000001 5451.874723436619
9.988767750000001 5196.673078908506
10.15472235 4829.219593155139
10.32067695 4577.17917023403
10.48563185 4220.573462279727
10.648587299999999 4033.723309319633
10.811542750000001 3761.9521045782612
10.974498150000002 3573.726392134628
11.1354541 3365.3261707547626
11.297409850000001 3162.987308894707
11.462364749999999 2989.792306116159
11.628319350000002 2825.1000346352375
11.79127475 2618.538374464701
11.954230200000001 2534.6597121339905
12.1201848 2401.712325098965
12.2861394 2278.1233087267988
12.45209405 2145.500645937241
12.61804865 2046.8522950502045
12.784003250000001 1947.5434437507572
12.94995785 1848.9012740073267
13.114912750000002 1775.7998507470927
13.278867850000001 1662.8054188235692
13.44382275 1603.9227863133751
13.609777350000002 1512.1768401053582
13.775732000000001 1435.4035258399922
13.939687150000001 1404.6102444916178
14.1036423 1320.5599403417812
14.2695969 1269.9406768572667
14.435551550000001 1205.873358721818
14.601506150000002 1148.5579503277108
14.767460750000001 1107.952297635356
14.93341535 1059.418834747904
15.09936995 1020.8614029944092
15.265324549999999 975.3765364605753
15.43027945 932.2720414355664
15.59523435 895.6769743025388
15.76118895 867.261207928456
15.92714355 823.6594743486688
16.09309815 786.9783803756576
16.259052750000002 764.4047594521293
16.4230079 737.0309165566003
16.5869631 702.8301601808716
16.752917699999998 687.3594388809205
16.9188723 654.8063472241569
17.084826900000003 640.0569739195233
17.25078155 599.4746469860389
17.416736150000002 584.2860813773597
17.58269075 563.1097839803954
17.74864535 542.9597492972744
