       real :: seaicemin(965) = (/63.7232,63.8155,63.8870,63.9539,64.0566,64.1136,64.1879,64.3061, &
      &          64.3513,64.4550,64.4961,64.6427,64.7033,64.7169,64.6058,64.5981, &
      &          64.5453,64.4776,64.4476,64.3931,64.3236,64.2880,64.2511,64.1995, &
      &          64.1227,64.0151,63.8082,63.4353,63.4578,63.2500,63.0222,62.7842, &
      &          62.6513,62.3697,62.3330,62.0783,61.7111,61.4903,61.1514,61.0185, &
      &          60.7199,60.3163,59.8497,59.3833,58.8037,58.3719,58.0844,57.7799, &
      &          57.7347,56.4529,54.4746,53.4116,52.8343,52.0940,50.2247,47.6096, &
      &          44.3354,42.2188,41.9084,43.6634,44.6948,45.2152,44.7806,43.1203, &
      &          40.4363,36.2569,32.0581,28.3198,26.5904,25.9552,25.9938,26.2599, &
      &          26.2138,26.4962,25.9052,24.9788,22.6739,12.8247,4.5918,2.9693, &
      &          2.2126,1.9515,2.0933,2.1886,2.5550,2.8920,3.2142,3.5190, &
      &          4.2278,4.7224,5.5441,6.3847,6.7416,7.2386,7.9924,8.7012, &
      &          9.5166,10.3728,11.2507,9.9134,5.5240,3.1801,1.9787,1.5174, &
      &          1.2430,1.1157,1.1005,1.1583,1.1970,1.3134,1.4837,1.7808, &
      &          2.2831,2.8606,3.5824,4.2370,4.9506,5.8203,6.3143,6.2492, &
      &          6.0380,5.6488,5.1334,4.5857,4.0927,3.6582,3.2805,2.9925, &
      &          2.7621,2.5789,2.4570,2.3616,2.3057,2.2514,2.2056,2.1788, &
      &          2.1326,2.0917,2.0420,2.0007,1.9601,1.9172,1.8783,1.8391, &
      &          1.7909,1.7602,1.7449,1.7196,1.6894,1.6768,1.6675,1.6590, &
      &          1.6508,1.6266,1.6125,1.5657,1.5037,1.4287,1.4231,1.3273, &
      &          1.2335,1.0782,0.9869,0.9028,0.7958,0.6889,0.6103,0.5741, &
      &          0.5001,0.5008,0.4828,0.4488,0.4386,0.4334,0.4121,0.4230, &
      &          0.4212,0.4468,0.4690,0.5045,0.5632,0.6177,0.7068,0.8399, &
      &          0.9841,1.1874,1.3805,1.5971,1.8185,1.9920,2.1622,2.3333, &
      &          2.4789,2.6757,2.8816,3.1596,3.4815,3.8530,4.2589,4.7316, &
      &          5.1532,5.4979,5.7163,5.7553,5.6729,5.4702,5.2866,5.1573, &
      &          5.0746,5.0192,4.9799,4.9245,4.8633,4.7516,4.6264,4.4680, &
      &          4.3103,4.1565,4.0070,3.8803,3.7587,3.6398,3.5423,3.4494, &
      &          3.3645,3.2944,3.2218,3.1556,3.0903,3.0362,2.9913,2.9452, &
      &          2.8800,2.8324,2.7996,2.7676,2.7294,2.6935,2.6455,2.6056, &
      &          2.5821,2.5509,2.5180,2.4942,2.4741,2.4497,2.4154,2.4060, &
      &          2.3861,2.3648,2.3461,2.3276,2.3192,2.3056,2.2913,2.2694, &
      &          2.2541,2.2482,2.2252,2.2128,2.2043,2.1874,2.1756,2.1636, &
      &          2.1464,2.1237,2.1239,2.1145,2.0892,2.0812,2.0709,2.0539, &
      &          2.0399,2.0322,2.0227,2.0077,1.9960,1.9895,1.9860,1.9731, &
      &          1.9544,1.9485,1.9435,1.9292,1.9186,1.9109,1.9042,1.8996, &
      &          1.8959,1.8878,1.8730,1.8655,1.8619,1.8563,1.8537,1.8456, &
      &          1.8353,1.8303,1.8194,1.8062,1.8070,1.8132,1.8019,1.7884, &
      &          1.7870,1.7850,1.7790,1.7750,1.7722,1.7668,1.7646,1.7610, &
      &          1.7544,1.7534,1.7485,1.7372,1.7297,1.7285,1.7269,1.7225, &
      &          1.7213,1.7192,1.7140,1.7126,1.7134,1.7085,1.7014,1.6990, &
      &          1.7000,1.6983,1.6937,1.6914,1.6891,1.6896,1.6921,1.6941, &
      &          1.6951,1.6907,1.6918,1.7028,1.7100,1.7077,1.7049,1.7076, &
      &          1.7095,1.7085,1.7091,1.7140,1.7199,1.7250,1.7300,1.7333, &
      &          1.7338,1.7336,1.7351,1.7389,1.7447,1.7471,1.7468,1.7431, &
      &          1.7398,1.7380,1.7360,1.7367,1.7392,1.7376,1.7316,1.7263, &
      &          1.7257,1.7252,1.7207,1.7181,1.7199,1.7218,1.7178,1.7114, &
      &          1.7078,1.7051,1.7014,1.7003,1.7018,1.7020,1.7007,1.6983, &
      &          1.6959,1.6943,1.6916,1.6890,1.6893,1.6862,1.6815,1.6781, &
      &          1.6726,1.6656,1.6636,1.6578,1.6550,1.6560,1.6571,1.6532, &
      &          1.6515,1.6473,1.6399,1.6334,1.6275,1.6223,1.6231,1.6230, &
      &          1.6103,1.5989,1.5967,1.6010,1.5994,1.5895,1.5710,1.5603, &
      &          1.5617,1.5642,1.5639,1.5645,1.5655,1.5597,1.5477,1.5402, &
      &          1.5404,1.5419,1.5375,1.5312,1.5150,1.5049,1.5107,1.5245, &
      &          1.5229,1.5142,1.5052,1.4768,1.4598,1.4622,1.4786,1.4691, &
      &          1.4473,1.4337,1.4385,1.4521,1.4600,1.4541,1.4455,1.4343, &
      &          1.4196,1.4112,1.4009,1.3895,1.3875,1.3893,1.3948,1.3930, &
      &          1.3844,1.3628,1.3410,1.3357,1.3443,1.3516,1.3474,1.3397, &
      &          1.3217,1.3010,1.2949,1.2994,1.3090,1.2892,1.2670,1.2677, &
      &          1.2852,1.3174,1.3207,1.2899,1.2624,1.2610,1.2804,1.2990, &
      &          1.2837,1.2516,1.2244,1.2220,1.2461,1.2781,1.2761,1.2604, &
      &          1.2609,1.2742,1.2982,1.3041,1.3061,1.3248,1.3407,1.3650, &
      &          1.3872,1.3638,1.3430,1.3235,1.3262,1.3772,1.4351,1.4566, &
      &          1.4594,1.4564,1.4654,1.4959,1.5177,1.5180,1.5103,1.5023, &
      &          1.5073,1.5234,1.5386,1.5638,1.5723,1.5689,1.5709,1.5705, &
      &          1.5709,1.5727,1.5771,1.5821,1.5845,1.5847,1.5654,1.5373, &
      &          1.5231,1.5110,1.5104,1.5276,1.5346,1.5039,1.4638,1.4257, &
      &          1.4197,1.4515,1.5116,1.5455,1.5372,1.4970,1.4569,1.4447, &
      &          1.4516,1.4817,1.5147,1.5241,1.5124,1.4961,1.4764,1.4606, &
      &          1.4681,1.4896,1.5120,1.5048,1.4759,1.4617,1.4671,1.4871, &
      &          1.5125,1.5349,1.5344,1.5216,1.5194,1.5261,1.5323,1.5405, &
      &          1.5578,1.5668,1.5493,1.5179,1.4993,1.4957,1.4992,1.5131, &
      &          1.5326,1.5300,1.4985,1.4779,1.4770,1.4856,1.5046,1.5320, &
      &          1.5516,1.5561,1.5586,1.5541,1.5434,1.5326,1.5242,1.5227, &
      &          1.5312,1.5459,1.5558,1.5528,1.5400,1.5254,1.5157,1.5151, &
      &          1.5228,1.5362,1.5495,1.5511,1.5456,1.5409,1.5361,1.5306, &
      &          1.5223,1.5173,1.5169,1.5177,1.5199,1.5227,1.5257,1.5282, &
      &          1.5266,1.5273,1.5284,1.5232,1.5153,1.5104,1.5087,1.5098, &
      &          1.5103,1.5064,1.4987,1.4910,1.4869,1.4863,1.4891,1.4941, &
      &          1.4986,1.4989,1.5016,1.5038,1.5017,1.4942,1.4840,1.4730, &
      &          1.4637,1.4596,1.4612,1.4677,1.4756,1.4817,1.4832,1.4816, &
      &          1.4771,1.4699,1.4626,1.4563,1.4537,1.4537,1.4560,1.4585, &
      &          1.4609,1.4611,1.4596,1.4567,1.4542,1.4521,1.4511,1.4513, &
      &          1.4511,1.4507,1.4502,1.4492,1.4487,1.4485,1.4486,1.4481, &
      &          1.4470,1.4442,1.4417,1.4378,1.4361,1.4352,1.4361,1.4372, &
      &          1.4371,1.4368,1.4360,1.4351,1.4341,1.4341,1.4342,1.4339, &
      &          1.4326,1.4310,1.4294,1.4280,1.4263,1.4245,1.4234,1.4223, &
      &          1.4211,1.4220,1.4239,1.4256,1.4252,1.4250,1.4231,1.4196, &
      &          1.4171,1.4136,1.4085,1.4044,1.4006,1.3979,1.3951,1.3940, &
      &          1.3934,1.3918,1.3903,1.3871,1.3852,1.3831,1.3807,1.3797, &
      &          1.3793,1.3764,1.3731,1.3680,1.3600,1.3531,1.3464,1.3423, &
      &          1.3406,1.3397,1.3406,1.3414,1.3421,1.3407,1.3400,1.3384, &
      &          1.3353,1.3339,1.3307,1.3289,1.3260,1.3238,1.3207,1.3179, &
      &          1.3144,1.3126,1.3107,1.3096,1.3066,1.3031,1.2977,1.2936, &
      &          1.2911,1.2916,1.2931,1.2949,1.2929,1.2886,1.2798,1.2699, &
      &          1.2618,1.2548,1.2518,1.2490,1.2473,1.2473,1.2445,1.2427, &
      &          1.2397,1.2364,1.2345,1.2324,1.2300,1.2258,1.2209,1.2170, &
      &          1.2115,1.2049,1.1993,1.1915,1.1843,1.1785,1.1731,1.1683, &
      &          1.1641,1.1594,1.1517,1.1429,1.1341,1.1228,1.1109,1.0991, &
      &          1.0904,1.0825,1.0761,1.0708,1.0664,1.0620,1.0531,1.0425, &
      &          1.0311,1.0186,1.0073,0.9936,0.9814,0.9693,0.9563,0.9435, &
      &          0.9325,0.9241,0.9142,0.9029,0.8911,0.8786,0.8657,0.8534, &
      &          0.8434,0.8345,0.8267,0.8190,0.8126,0.8057,0.7978,0.7887, &
      &          0.7781,0.7668,0.7489,0.7336,0.7199,0.7095,0.7026,0.6986, &
      &          0.6966,0.6926,0.6872,0.6803,0.6734,0.6689,0.6679,0.6687, &
      &          0.6715,0.6767,0.6848,0.6936,0.7045,0.7181,0.7379,0.7617, &
      &          0.7855,0.8113,0.8405,0.8716,0.9056,0.9361,0.9663,0.9983, &
      &          1.0367,1.0727,1.1113,1.1524,1.2011,1.2434,1.2864,1.3371, &
      &          1.3830,1.4297,1.4836,1.5288,1.5707,1.6169,1.6575,1.7052, &
      &          1.7490,1.8001,1.8451,1.8894,1.9394,1.9812,2.0297,2.0707, &
      &          2.1155,2.1536,2.1983,2.2376,2.2835,2.3279,2.3639,2.4031, &
      &          2.4335,2.4689,2.5057,2.5368,2.5759,2.6161,2.6508,2.6918, &
      &          2.7333,2.7685,2.8108,2.8507,2.8908,2.9262,2.9675,3.0086, &
      &          3.0494,3.0828,3.1213,3.1594,3.1968,3.2331,3.2668,3.2993, &
      &          3.3266,3.3574,3.3882,3.4178,3.4450,3.4704,3.4953,3.5193, &
      &          3.5407,3.5602,3.5815,3.6040,3.6271,3.6533,3.6757,3.6976, &
      &          3.7166,3.7314,3.7399,3.7458,3.7550,3.7625,3.7723,3.7848, &
      &          3.8005,3.8101,3.8184,3.8237,3.8295,3.8310,3.8306,3.8317, &
      &          3.8310,3.8332,3.8389,3.8504,3.8629,3.8761,3.8842,3.8891, &
      &          3.8885,3.8889,3.8892,3.8901,3.8876,3.8819,3.8732,3.8592, &
      &          3.8476,3.8402,3.8404,3.8389,3.8344 /)
