clearice:	0.058170
coarsesnow:	0.220915
finesnow:	0.220915
mediumsnow:	0.441830
tapwater:	0.058170
       real :: seaicemax(965) = (/86.2526,86.3416,86.4267,86.5048,86.6365,86.6914,86.7785,86.8760, &
      &          86.9678,87.0629,87.1320,87.2958,87.3239,87.3222,87.2873,87.2692, &
      &          87.1834,87.1330,87.1048,87.0535,86.9343,86.9178,86.8904,86.8224, &
      &          86.7283,86.5719,86.3930,86.0862,85.9839,85.7544,85.5335,85.1215, &
      &          85.0630,84.8193,84.7198,84.4659,83.9859,83.7650,83.4133,83.2373, &
      &          82.8708,82.4071,81.8756,81.3929,80.7653,80.1624,79.8821,79.6550, &
      &          79.5453,78.0667,75.7460,74.5788,73.9315,73.0520,70.8500,67.7329, &
      &          64.2248,61.3846,60.8703,63.1404,64.1039,65.0079,64.5391,62.5165, &
      &          59.2427,54.0349,48.0689,43.9579,41.4743,40.8950,40.8475,41.2872, &
      &          41.0188,41.5500,40.7452,39.5827,36.4712,21.9889,8.1301,4.9622, &
      &          3.4064,2.9303,3.1632,3.4568,4.1481,4.8573,5.4706,6.0581, &
      &          7.5176,8.3554,9.8918,11.4826,12.0519,12.9465,14.2835,15.5207, &
      &          16.8304,18.1740,19.7394,17.4732,9.9844,5.5269,3.1002,2.1442, &
      &          1.5650,1.2957,1.2600,1.3166,1.4726,1.7210,2.0792,2.7026, &
      &          3.7467,4.9087,6.3441,7.6032,8.9194,10.5642,11.5207,11.3942, &
      &          10.9472,10.1514,9.0866,7.9502,6.9307,6.0373,5.2446,4.6376, &
      &          4.1616,3.7986,3.5561,3.3713,3.2513,3.1665,3.0812,3.0273, &
      &          2.9403,2.8665,2.7957,2.7137,2.6367,2.5573,2.4821,2.4145, &
      &          2.3502,2.3044,2.2806,2.2537,2.2280,2.2311,2.2332,2.2393, &
      &          2.2423,2.2042,2.1820,2.1296,2.0487,1.9364,1.8707,1.7282, &
      &          1.5654,1.3482,1.1853,1.0128,0.8517,0.7003,0.6068,0.5451, &
      &          0.4645,0.4489,0.4306,0.3933,0.3817,0.3685,0.3434,0.3363, &
      &          0.3221,0.3313,0.3294,0.3427,0.3804,0.4028,0.4643,0.5535, &
      &          0.6681,0.8190,0.9652,1.1173,1.2846,1.4108,1.5347,1.6637, &
      &          1.7533,1.8972,2.0395,2.2484,2.5070,2.7970,3.1472,3.5658, &
      &          3.9340,4.2631,4.4705,4.5181,4.4165,4.2093,4.0079,3.8615, &
      &          3.7749,3.7285,3.7034,3.6725,3.6321,3.5612,3.4578,3.3345, &
      &          3.2052,3.0742,2.9608,2.8537,2.7564,2.6596,2.5919,2.5232, &
      &          2.4609,2.4054,2.3568,2.3115,2.2667,2.2353,2.2016,2.1750, &
      &          2.1400,2.1073,2.0860,2.0613,2.0445,2.0287,1.9950,1.9680, &
      &          1.9583,1.9455,1.9281,1.9154,1.9047,1.8952,1.8752,1.8666, &
      &          1.8548,1.8464,1.8422,1.8309,1.8254,1.8234,1.8157,1.8051, &
      &          1.7985,1.7906,1.7729,1.7650,1.7642,1.7542,1.7425,1.7313, &
      &          1.7129,1.6961,1.6967,1.6870,1.6647,1.6535,1.6437,1.6257, &
      &          1.6116,1.6043,1.5948,1.5798,1.5671,1.5582,1.5503,1.5399, &
      &          1.5260,1.5171,1.5078,1.4980,1.4921,1.4854,1.4752,1.4693, &
      &          1.4670,1.4566,1.4429,1.4355,1.4318,1.4249,1.4215,1.4163, &
      &          1.4081,1.4006,1.3905,1.3817,1.3820,1.3848,1.3768,1.3662, &
      &          1.3636,1.3612,1.3578,1.3562,1.3541,1.3506,1.3489,1.3445, &
      &          1.3377,1.3328,1.3248,1.3150,1.3121,1.3113,1.3092,1.3053, &
      &          1.3059,1.3046,1.2986,1.2969,1.2982,1.2945,1.2878,1.2838, &
      &          1.2817,1.2800,1.2775,1.2754,1.2730,1.2736,1.2744,1.2741, &
      &          1.2766,1.2774,1.2821,1.2898,1.2910,1.2875,1.2885,1.2910, &
      &          1.2925,1.2913,1.2915,1.2958,1.3051,1.3137,1.3187,1.3194, &
      &          1.3201,1.3204,1.3216,1.3277,1.3344,1.3354,1.3347,1.3337, &
      &          1.3330,1.3326,1.3299,1.3304,1.3322,1.3340,1.3323,1.3305, &
      &          1.3317,1.3326,1.3290,1.3260,1.3262,1.3282,1.3269,1.3243, &
      &          1.3209,1.3181,1.3156,1.3176,1.3221,1.3263,1.3289,1.3275, &
      &          1.3231,1.3214,1.3210,1.3201,1.3206,1.3213,1.3210,1.3193, &
      &          1.3114,1.3045,1.3039,1.3049,1.3021,1.3025,1.3010,1.3000, &
      &          1.2996,1.2980,1.2912,1.2864,1.2803,1.2751,1.2748,1.2747, &
      &          1.2672,1.2547,1.2522,1.2503,1.2490,1.2455,1.2341,1.2277, &
      &          1.2274,1.2254,1.2209,1.2214,1.2204,1.2172,1.2133,1.2060, &
      &          1.2052,1.2005,1.1940,1.1905,1.1887,1.1745,1.1854,1.1890, &
      &          1.1853,1.1798,1.1719,1.1602,1.1426,1.1496,1.1527,1.1505, &
      &          1.1362,1.1307,1.1290,1.1369,1.1365,1.1351,1.1252,1.1176, &
      &          1.1093,1.0982,1.0984,1.0978,1.0853,1.0976,1.0947,1.0897, &
      &          1.0854,1.0767,1.0553,1.0547,1.0588,1.0560,1.0503,1.0469, &
      &          1.0429,1.0252,1.0231,1.0269,1.0230,1.0171,1.0093,1.0018, &
      &          1.0195,1.0285,1.0264,1.0180,0.9934,0.9961,1.0128,1.0186, &
      &          1.0105,1.0057,0.9836,0.9813,0.9847,0.9993,0.9978,0.9862, &
      &          0.9779,0.9967,1.0028,0.9992,1.0089,1.0090,1.0277,1.0274, &
      &          1.0307,1.0372,1.0132,0.9863,1.0182,1.0189,1.0430,1.0679, &
      &          1.0673,1.0459,1.0595,1.0852,1.0824,1.0803,1.0746,1.0873, &
      &          1.0744,1.0772,1.1014,1.1029,1.1060,1.1094,1.1091,1.1107, &
      &          1.1111,1.1109,1.1153,1.1187,1.1195,1.1176,1.1163,1.1135, &
      &          1.0916,1.0974,1.1106,1.0957,1.1020,1.1032,1.0938,1.0543, &
      &          1.0615,1.0951,1.1167,1.1260,1.1313,1.1206,1.1038,1.0893, &
      &          1.1052,1.1271,1.1205,1.1321,1.1334,1.1262,1.1227,1.1118, &
      &          1.1210,1.1290,1.1361,1.1390,1.1307,1.1079,1.1051,1.1364, &
      &          1.1516,1.1442,1.1383,1.1505,1.1536,1.1420,1.1436,1.1544, &
      &          1.1604,1.1572,1.1539,1.1416,1.1270,1.1189,1.1309,1.1417, &
      &          1.1342,1.1295,1.1372,1.1237,1.1055,1.1162,1.1422,1.1534, &
      &          1.1525,1.1542,1.1608,1.1630,1.1621,1.1518,1.1390,1.1500, &
      &          1.1606,1.1606,1.1641,1.1672,1.1637,1.1570,1.1443,1.1394, &
      &          1.1478,1.1541,1.1549,1.1562,1.1574,1.1543,1.1541,1.1595, &
      &          1.1561,1.1523,1.1507,1.1464,1.1537,1.1570,1.1480,1.1415, &
      &          1.1455,1.1452,1.1414,1.1376,1.1343,1.1289,1.1278,1.1310, &
      &          1.1299,1.1268,1.1232,1.1144,1.1090,1.1107,1.1137,1.1135, &
      &          1.1135,1.1139,1.1143,1.1149,1.1149,1.1132,1.1083,1.0998, &
      &          1.0933,1.0931,1.0939,1.0955,1.0968,1.0984,1.0989,1.0971, &
      &          1.0938,1.0885,1.0837,1.0812,1.0804,1.0807,1.0834,1.0862, &
      &          1.0875,1.0879,1.0873,1.0855,1.0837,1.0816,1.0798,1.0796, &
      &          1.0795,1.0797,1.0798,1.0804,1.0797,1.0790,1.0788,1.0786, &
      &          1.0781,1.0775,1.0775,1.0757,1.0750,1.0751,1.0755,1.0756, &
      &          1.0747,1.0737,1.0732,1.0723,1.0704,1.0702,1.0699,1.0693, &
      &          1.0685,1.0677,1.0670,1.0659,1.0635,1.0625,1.0625,1.0631, &
      &          1.0635,1.0653,1.0672,1.0689,1.0705,1.0720,1.0724,1.0720, &
      &          1.0719,1.0708,1.0692,1.0685,1.0674,1.0654,1.0621,1.0590, &
      &          1.0554,1.0511,1.0471,1.0423,1.0395,1.0381,1.0378,1.0379, &
      &          1.0386,1.0387,1.0386,1.0373,1.0339,1.0300,1.0259,1.0222, &
      &          1.0195,1.0173,1.0156,1.0153,1.0142,1.0138,1.0128,1.0117, &
      &          1.0111,1.0119,1.0116,1.0119,1.0124,1.0134,1.0129,1.0117, &
      &          1.0079,1.0050,1.0032,1.0013,0.9973,0.9944,0.9915,0.9897, &
      &          0.9887,0.9886,0.9886,0.9905,0.9908,0.9902,0.9865,0.9798, &
      &          0.9729,0.9674,0.9625,0.9584,0.9568,0.9561,0.9545,0.9550, &
      &          0.9568,0.9575,0.9591,0.9612,0.9615,0.9602,0.9581,0.9559, &
      &          0.9527,0.9496,0.9449,0.9384,0.9327,0.9277,0.9213,0.9163, &
      &          0.9132,0.9092,0.9039,0.8991,0.8922,0.8837,0.8740,0.8664, &
      &          0.8594,0.8529,0.8451,0.8382,0.8302,0.8218,0.8106,0.8005, &
      &          0.7924,0.7842,0.7764,0.7672,0.7581,0.7486,0.7384,0.7273, &
      &          0.7175,0.7093,0.7008,0.6910,0.6820,0.6726,0.6609,0.6507, &
      &          0.6425,0.6365,0.6311,0.6243,0.6170,0.6115,0.6049,0.5973, &
      &          0.5890,0.5807,0.5689,0.5584,0.5491,0.5422,0.5369,0.5338, &
      &          0.5317,0.5288,0.5246,0.5202,0.5168,0.5161,0.5167,0.5209, &
      &          0.5271,0.5348,0.5450,0.5574,0.5706,0.5864,0.6056,0.6279, &
      &          0.6507,0.6748,0.7012,0.7289,0.7555,0.7816,0.8091,0.8379, &
      &          0.8699,0.9027,0.9362,0.9710,1.0090,1.0453,1.0808,1.1202, &
      &          1.1579,1.1968,1.2370,1.2725,1.3056,1.3400,1.3711,1.4049, &
      &          1.4384,1.4761,1.5121,1.5467,1.5824,1.6152,1.6491,1.6795, &
      &          1.7092,1.7354,1.7641,1.7926,1.8221,1.8528,1.8812,1.9094, &
      &          1.9337,1.9590,1.9843,2.0092,2.0362,2.0630,2.0905,2.1191, &
      &          2.1468,2.1721,2.1977,2.2226,2.2479,2.2721,2.2984,2.3261, &
      &          2.3539,2.3788,2.4051,2.4312,2.4557,2.4798,2.5011,2.5209, &
      &          2.5394,2.5618,2.5825,2.6024,2.6199,2.6363,2.6504,2.6618, &
      &          2.6713,2.6819,2.6936,2.7068,2.7198,2.7354,2.7484,2.7603, &
      &          2.7690,2.7744,2.7760,2.7771,2.7799,2.7831,2.7863,2.7937, &
      &          2.8023,2.8065,2.8067,2.8039,2.7990,2.7933,2.7875,2.7853, &
      &          2.7836,2.7842,2.7842,2.7877,2.7900,2.7928,2.7911,2.7886, &
      &          2.7839,2.7809,2.7768,2.7744,2.7737,2.7725,2.7659,2.7568, &
      &          2.7455,2.7349,2.7251,2.7157,2.7033 /)
