       real :: wvbrownsand(2844) = (/0.4,0.401,0.402,0.403,0.404,0.405,0.406,0.407, &
      &          0.4080,0.4090,0.4100,0.4110,0.4120,0.4130,0.4140,0.4150, &
      &          0.4160,0.4170,0.4180,0.4190,0.4200,0.4210,0.4220,0.4230, &
      &          0.4240,0.4250,0.4260,0.4270,0.4280,0.4290,0.4300,0.4310, &
      &          0.4320,0.4330,0.4340,0.4350,0.4360,0.4370,0.4380,0.4390, &
      &          0.4400,0.4410,0.4420,0.4430,0.4440,0.4450,0.4460,0.4470, &
      &          0.4480,0.4490,0.4500,0.4510,0.4520,0.4530,0.4540,0.4550, &
      &          0.4560,0.4570,0.4580,0.4590,0.4600,0.4610,0.4620,0.4630, &
      &          0.4640,0.4650,0.4660,0.4670,0.4680,0.4690,0.4700,0.4710, &
      &          0.4720,0.4730,0.4740,0.4750,0.4760,0.4770,0.4780,0.4790, &
      &          0.4800,0.4810,0.4820,0.4830,0.4840,0.4850,0.4860,0.4870, &
      &          0.4880,0.4890,0.4900,0.4910,0.4920,0.4930,0.4940,0.4950, &
      &          0.4960,0.4970,0.4980,0.4990,0.5000,0.5010,0.5020,0.5030, &
      &          0.5040,0.5050,0.5060,0.5070,0.5080,0.5090,0.5100,0.5110, &
      &          0.5120,0.5130,0.5140,0.5150,0.5160,0.5170,0.5180,0.5190, &
      &          0.5200,0.5210,0.5220,0.5230,0.5240,0.5250,0.5260,0.5270, &
      &          0.5280,0.5290,0.5300,0.5310,0.5320,0.5330,0.5340,0.5350, &
      &          0.5360,0.5370,0.5380,0.5390,0.5400,0.5410,0.5420,0.5430, &
      &          0.5440,0.5450,0.5460,0.5470,0.5480,0.5490,0.5500,0.5510, &
      &          0.5520,0.5530,0.5540,0.5550,0.5560,0.5570,0.5580,0.5590, &
      &          0.5600,0.5610,0.5620,0.5630,0.5640,0.5650,0.5660,0.5670, &
      &          0.5680,0.5690,0.5700,0.5710,0.5720,0.5730,0.5740,0.5750, &
      &          0.5760,0.5770,0.5780,0.5790,0.5800,0.5810,0.5820,0.5830, &
      &          0.5840,0.5850,0.5860,0.5870,0.5880,0.5890,0.5900,0.5910, &
      &          0.5920,0.5930,0.5940,0.5950,0.5960,0.5970,0.5980,0.5990, &
      &          0.6000,0.6010,0.6020,0.6030,0.6040,0.6050,0.6060,0.6070, &
      &          0.6080,0.6090,0.6100,0.6110,0.6120,0.6130,0.6140,0.6150, &
      &          0.6160,0.6170,0.6180,0.6190,0.6200,0.6210,0.6220,0.6230, &
      &          0.6240,0.6250,0.6260,0.6270,0.6280,0.6290,0.6300,0.6310, &
      &          0.6320,0.6330,0.6340,0.6350,0.6360,0.6370,0.6380,0.6390, &
      &          0.6400,0.6410,0.6420,0.6430,0.6440,0.6450,0.6460,0.6470, &
      &          0.6480,0.6490,0.6500,0.6510,0.6520,0.6530,0.6540,0.6550, &
      &          0.6560,0.6570,0.6580,0.6590,0.6600,0.6610,0.6620,0.6630, &
      &          0.6640,0.6650,0.6660,0.6670,0.6680,0.6690,0.6700,0.6710, &
      &          0.6720,0.6730,0.6740,0.6750,0.6760,0.6770,0.6780,0.6790, &
      &          0.6800,0.6810,0.6820,0.6830,0.6840,0.6850,0.6860,0.6870, &
      &          0.6880,0.6890,0.6900,0.6910,0.6920,0.6930,0.6940,0.6950, &
      &          0.6960,0.6970,0.6980,0.6990,0.7000,0.7010,0.7020,0.7030, &
      &          0.7040,0.7050,0.7060,0.7070,0.7080,0.7090,0.7100,0.7110, &
      &          0.7120,0.7130,0.7140,0.7150,0.7160,0.7170,0.7180,0.7190, &
      &          0.7200,0.7210,0.7220,0.7230,0.7240,0.7250,0.7260,0.7270, &
      &          0.7280,0.7290,0.7300,0.7310,0.7320,0.7330,0.7340,0.7350, &
      &          0.7360,0.7370,0.7380,0.7390,0.7400,0.7410,0.7420,0.7430, &
      &          0.7440,0.7450,0.7460,0.7470,0.7480,0.7490,0.7500,0.7510, &
      &          0.7520,0.7530,0.7540,0.7550,0.7560,0.7570,0.7580,0.7590, &
      &          0.7600,0.7610,0.7620,0.7630,0.7640,0.7650,0.7660,0.7670, &
      &          0.7680,0.7690,0.7700,0.7710,0.7720,0.7730,0.7740,0.7750, &
      &          0.7760,0.7770,0.7780,0.7790,0.7800,0.7810,0.7820,0.7830, &
      &          0.7840,0.7850,0.7860,0.7870,0.7880,0.7890,0.7900,0.7910, &
      &          0.7920,0.7930,0.7940,0.7950,0.7960,0.7970,0.7980,0.7990, &
      &          0.8000,0.8040,0.8080,0.8120,0.8160,0.8200,0.8240,0.8280, &
      &          0.8320,0.8360,0.8400,0.8440,0.8480,0.8520,0.8560,0.8600, &
      &          0.8640,0.8680,0.8720,0.8760,0.8800,0.8840,0.8880,0.8920, &
      &          0.8960,0.9000,0.9040,0.9080,0.9120,0.9160,0.9200,0.9240, &
      &          0.9280,0.9320,0.9360,0.9400,0.9440,0.9480,0.9520,0.9560, &
      &          0.9600,0.9640,0.9680,0.9720,0.9760,0.9800,0.9840,0.9880, &
      &          0.9920,0.9960,1.0000,1.0040,1.0080,1.0120,1.0160,1.0200, &
      &          1.0240,1.0280,1.0320,1.0360,1.0400,1.0440,1.0480,1.0520, &
      &          1.0560,1.0600,1.0640,1.0680,1.0720,1.0760,1.0800,1.0840, &
      &          1.0880,1.0920,1.0960,1.1000,1.1040,1.1080,1.1120,1.1160, &
      &          1.1200,1.1240,1.1280,1.1320,1.1360,1.1400,1.1440,1.1480, &
      &          1.1520,1.1560,1.1600,1.1640,1.1680,1.1720,1.1760,1.1800, &
      &          1.1840,1.1880,1.1920,1.1960,1.2000,1.2040,1.2080,1.2120, &
      &          1.2160,1.2200,1.2240,1.2280,1.2320,1.2360,1.2400,1.2440, &
      &          1.2480,1.2520,1.2560,1.2600,1.2640,1.2680,1.2720,1.2760, &
      &          1.2800,1.2840,1.2880,1.2920,1.2960,1.3000,1.3040,1.3080, &
      &          1.3120,1.3160,1.3200,1.3240,1.3280,1.3320,1.3360,1.3400, &
      &          1.3440,1.3480,1.3520,1.3560,1.3600,1.3640,1.3680,1.3720, &
      &          1.3760,1.3800,1.3840,1.3880,1.3920,1.3960,1.4000,1.4040, &
      &          1.4080,1.4120,1.4160,1.4200,1.4240,1.4280,1.4320,1.4360, &
      &          1.4400,1.4440,1.4480,1.4520,1.4560,1.4600,1.4640,1.4680, &
      &          1.4720,1.4760,1.4800,1.4840,1.4880,1.4920,1.4960,1.5000, &
      &          1.5040,1.5080,1.5120,1.5160,1.5200,1.5240,1.5280,1.5320, &
      &          1.5360,1.5400,1.5440,1.5480,1.5520,1.5560,1.5600,1.5640, &
      &          1.5680,1.5720,1.5760,1.5800,1.5840,1.5880,1.5920,1.5960, &
      &          1.6000,1.6040,1.6080,1.6120,1.6160,1.6200,1.6240,1.6280, &
      &          1.6320,1.6360,1.6400,1.6440,1.6480,1.6520,1.6560,1.6600, &
      &          1.6640,1.6680,1.6720,1.6760,1.6800,1.6840,1.6880,1.6920, &
      &          1.6960,1.7000,1.7040,1.7080,1.7120,1.7160,1.7200,1.7240, &
      &          1.7280,1.7320,1.7360,1.7400,1.7440,1.7480,1.7520,1.7560, &
      &          1.7600,1.7640,1.7680,1.7720,1.7760,1.7800,1.7840,1.7880, &
      &          1.7920,1.7960,1.8000,1.8040,1.8080,1.8120,1.8160,1.8200, &
      &          1.8240,1.8280,1.8320,1.8360,1.8400,1.8440,1.8480,1.8520, &
      &          1.8560,1.8600,1.8640,1.8680,1.8720,1.8760,1.8800,1.8840, &
      &          1.8880,1.8920,1.8960,1.9000,1.9040,1.9080,1.9120,1.9160, &
      &          1.9200,1.9240,1.9280,1.9320,1.9360,1.9400,1.9440,1.9480, &
      &          1.9520,1.9560,1.9600,1.9640,1.9680,1.9720,1.9760,1.9800, &
      &          1.9840,1.9880,1.9920,1.9960,2.0000,2.0040,2.0080,2.0120, &
      &          2.0160,2.0200,2.0240,2.0280,2.0320,2.0360,2.0400,2.0440, &
      &          2.0480,2.0520,2.0560,2.0600,2.0640,2.0680,2.0720,2.0760, &
      &          2.0795,2.0803,2.0812,2.0820,2.0828,2.0837,2.0845,2.0853, &
      &          2.0862,2.0870,2.0879,2.0887,2.0895,2.0904,2.0912,2.0921, &
      &          2.0929,2.0938,2.0946,2.0955,2.0963,2.0971,2.0980,2.0988, &
      &          2.0997,2.1005,2.1014,2.1023,2.1031,2.1040,2.1048,2.1057, &
      &          2.1065,2.1074,2.1082,2.1091,2.1100,2.1108,2.1117,2.1125, &
      &          2.1134,2.1143,2.1151,2.1160,2.1168,2.1177,2.1186,2.1194, &
      &          2.1203,2.1212,2.1220,2.1229,2.1238,2.1247,2.1255,2.1264, &
      &          2.1273,2.1281,2.1290,2.1299,2.1308,2.1316,2.1325,2.1334, &
      &          2.1343,2.1352,2.1360,2.1369,2.1378,2.1387,2.1396,2.1404, &
      &          2.1413,2.1422,2.1431,2.1440,2.1449,2.1458,2.1466,2.1475, &
      &          2.1484,2.1493,2.1502,2.1511,2.1520,2.1529,2.1538,2.1547, &
      &          2.1556,2.1565,2.1574,2.1583,2.1592,2.1601,2.1610,2.1619, &
      &          2.1628,2.1637,2.1646,2.1655,2.1664,2.1673,2.1682,2.1691, &
      &          2.1700,2.1709,2.1718,2.1727,2.1736,2.1746,2.1755,2.1764, &
      &          2.1773,2.1782,2.1791,2.1800,2.1810,2.1819,2.1828,2.1837, &
      &          2.1846,2.1856,2.1865,2.1874,2.1883,2.1893,2.1902,2.1911, &
      &          2.1920,2.1930,2.1939,2.1948,2.1957,2.1967,2.1976,2.1985, &
      &          2.1995,2.2004,2.2013,2.2023,2.2032,2.2041,2.2051,2.2060, &
      &          2.2070,2.2079,2.2088,2.2098,2.2107,2.2117,2.2126,2.2136, &
      &          2.2145,2.2155,2.2164,2.2173,2.2183,2.2192,2.2202,2.2211, &
      &          2.2221,2.2231,2.2240,2.2250,2.2259,2.2269,2.2278,2.2288, &
      &          2.2297,2.2307,2.2317,2.2326,2.2336,2.2345,2.2355,2.2365, &
      &          2.2374,2.2384,2.2394,2.2403,2.2413,2.2423,2.2433,2.2442, &
      &          2.2452,2.2462,2.2471,2.2481,2.2491,2.2501,2.2510,2.2520, &
      &          2.2530,2.2540,2.2550,2.2559,2.2569,2.2579,2.2589,2.2599, &
      &          2.2609,2.2618,2.2628,2.2638,2.2648,2.2658,2.2668,2.2678, &
      &          2.2688,2.2698,2.2708,2.2718,2.2728,2.2738,2.2747,2.2757, &
      &          2.2767,2.2777,2.2787,2.2798,2.2808,2.2818,2.2828,2.2838, &
      &          2.2848,2.2858,2.2868,2.2878,2.2888,2.2898,2.2908,2.2918, &
      &          2.2929,2.2939,2.2949,2.2959,2.2969,2.2979,2.2990,2.3000, &
      &          2.3010,2.3020,2.3030,2.3041,2.3051,2.3061,2.3071,2.3082, &
      &          2.3092,2.3102,2.3113,2.3123,2.3133,2.3144,2.3154,2.3164, &
      &          2.3175,2.3185,2.3195,2.3206,2.3216,2.3226,2.3237,2.3247, &
      &          2.3258,2.3268,2.3279,2.3289,2.3300,2.3310,2.3321,2.3331, &
      &          2.3342,2.3352,2.3363,2.3373,2.3384,2.3394,2.3405,2.3415, &
      &          2.3426,2.3436,2.3447,2.3458,2.3468,2.3479,2.3490,2.3500, &
      &          2.3511,2.3522,2.3532,2.3543,2.3554,2.3564,2.3575,2.3586, &
      &          2.3597,2.3607,2.3618,2.3629,2.3640,2.3650,2.3661,2.3672, &
      &          2.3683,2.3694,2.3704,2.3715,2.3726,2.3737,2.3748,2.3759, &
      &          2.3770,2.3781,2.3791,2.3802,2.3813,2.3824,2.3835,2.3846, &
      &          2.3857,2.3868,2.3879,2.3890,2.3901,2.3912,2.3923,2.3934, &
      &          2.3945,2.3956,2.3967,2.3979,2.3990,2.4001,2.4012,2.4023, &
      &          2.4034,2.4045,2.4056,2.4068,2.4079,2.4090,2.4101,2.4112, &
      &          2.4124,2.4135,2.4146,2.4157,2.4169,2.4180,2.4191,2.4202, &
      &          2.4214,2.4225,2.4236,2.4248,2.4259,2.4270,2.4282,2.4293, &
      &          2.4305,2.4316,2.4327,2.4339,2.4350,2.4362,2.4373,2.4385, &
      &          2.4396,2.4408,2.4419,2.4431,2.4442,2.4454,2.4465,2.4477, &
      &          2.4488,2.4500,2.4511,2.4523,2.4535,2.4546,2.4558,2.4569, &
      &          2.4581,2.4593,2.4604,2.4616,2.4628,2.4640,2.4651,2.4663, &
      &          2.4675,2.4686,2.4698,2.4710,2.4722,2.4734,2.4745,2.4757, &
      &          2.4769,2.4781,2.4793,2.4805,2.4816,2.4828,2.4840,2.4852, &
      &          2.4864,2.4876,2.4888,2.4900,2.4912,2.4924,2.4936,2.4948, &
      &          2.4960,2.4972,2.4984,2.4996,2.5008,2.5020,2.5032,2.5044, &
      &          2.5056,2.5068,2.5081,2.5093,2.5105,2.5117,2.5129,2.5141, &
      &          2.5154,2.5166,2.5178,2.5190,2.5202,2.5215,2.5227,2.5239, &
      &          2.5252,2.5264,2.5276,2.5289,2.5301,2.5313,2.5326,2.5338, &
      &          2.5350,2.5363,2.5375,2.5388,2.5400,2.5413,2.5425,2.5437, &
      &          2.5450,2.5462,2.5475,2.5487,2.5500,2.5513,2.5525,2.5538, &
      &          2.5550,2.5563,2.5575,2.5588,2.5601,2.5613,2.5626,2.5639, &
      &          2.5651,2.5664,2.5677,2.5690,2.5702,2.5715,2.5728,2.5741, &
      &          2.5753,2.5766,2.5779,2.5792,2.5805,2.5817,2.5830,2.5843, &
      &          2.5856,2.5869,2.5882,2.5895,2.5908,2.5921,2.5934,2.5947, &
      &          2.5960,2.5973,2.5986,2.5999,2.6012,2.6025,2.6038,2.6051, &
      &          2.6064,2.6077,2.6090,2.6103,2.6117,2.6130,2.6143,2.6156, &
      &          2.6169,2.6183,2.6196,2.6209,2.6222,2.6236,2.6249,2.6262, &
      &          2.6275,2.6289,2.6302,2.6315,2.6329,2.6342,2.6356,2.6369, &
      &          2.6382,2.6396,2.6409,2.6423,2.6436,2.6450,2.6463,2.6477, &
      &          2.6490,2.6504,2.6517,2.6531,2.6545,2.6558,2.6572,2.6585, &
      &          2.6599,2.6613,2.6626,2.6640,2.6654,2.6667,2.6681,2.6695, &
      &          2.6709,2.6722,2.6736,2.6750,2.6764,2.6778,2.6791,2.6805, &
      &          2.6819,2.6833,2.6847,2.6861,2.6875,2.6889,2.6903,2.6917, &
      &          2.6931,2.6945,2.6959,2.6973,2.6987,2.7001,2.7015,2.7029, &
      &          2.7043,2.7057,2.7071,2.7085,2.7100,2.7114,2.7128,2.7142, &
      &          2.7156,2.7171,2.7185,2.7199,2.7213,2.7228,2.7242,2.7256, &
      &          2.7271,2.7285,2.7299,2.7314,2.7328,2.7343,2.7357,2.7371, &
      &          2.7386,2.7400,2.7415,2.7429,2.7444,2.7458,2.7473,2.7488, &
      &          2.7502,2.7517,2.7531,2.7546,2.7561,2.7575,2.7590,2.7605, &
      &          2.7619,2.7634,2.7649,2.7664,2.7678,2.7693,2.7708,2.7723, &
      &          2.7738,2.7752,2.7767,2.7782,2.7797,2.7812,2.7827,2.7842, &
      &          2.7857,2.7872,2.7887,2.7902,2.7917,2.7932,2.7947,2.7962, &
      &          2.7977,2.7992,2.8007,2.8022,2.8038,2.8053,2.8068,2.8083, &
      &          2.8098,2.8114,2.8129,2.8144,2.8159,2.8175,2.8190,2.8205, &
      &          2.8221,2.8236,2.8252,2.8267,2.8282,2.8298,2.8313,2.8329, &
      &          2.8344,2.8360,2.8375,2.8391,2.8406,2.8422,2.8437,2.8453, &
      &          2.8469,2.8484,2.8500,2.8516,2.8531,2.8547,2.8563,2.8579, &
      &          2.8594,2.8610,2.8626,2.8642,2.8658,2.8673,2.8689,2.8705, &
      &          2.8721,2.8737,2.8753,2.8769,2.8785,2.8801,2.8817,2.8833, &
      &          2.8849,2.8865,2.8881,2.8897,2.8913,2.8929,2.8946,2.8962, &
      &          2.8978,2.8994,2.9010,2.9027,2.9043,2.9059,2.9075,2.9092, &
      &          2.9108,2.9124,2.9141,2.9157,2.9174,2.9190,2.9207,2.9223, &
      &          2.9239,2.9256,2.9272,2.9289,2.9306,2.9322,2.9339,2.9355, &
      &          2.9372,2.9389,2.9405,2.9422,2.9439,2.9455,2.9472,2.9489, &
      &          2.9506,2.9523,2.9539,2.9556,2.9573,2.9590,2.9607,2.9624, &
      &          2.9641,2.9658,2.9675,2.9692,2.9709,2.9726,2.9743,2.9760, &
      &          2.9777,2.9794,2.9811,2.9828,2.9845,2.9863,2.9880,2.9897, &
      &          2.9914,2.9932,2.9949,2.9966,2.9984,3.0001,3.0018,3.0036, &
      &          3.0053,3.0070,3.0088,3.0105,3.0123,3.0140,3.0158,3.0176, &
      &          3.0193,3.0211,3.0228,3.0246,3.0264,3.0281,3.0299,3.0317, &
      &          3.0334,3.0352,3.0370,3.0388,3.0406,3.0423,3.0441,3.0459, &
      &          3.0477,3.0495,3.0513,3.0531,3.0549,3.0567,3.0585,3.0603, &
      &          3.0621,3.0639,3.0657,3.0675,3.0694,3.0712,3.0730,3.0748, &
      &          3.0766,3.0785,3.0803,3.0821,3.0840,3.0858,3.0876,3.0895, &
      &          3.0913,3.0932,3.0950,3.0969,3.0987,3.1006,3.1024,3.1043, &
      &          3.1061,3.1080,3.1099,3.1117,3.1136,3.1155,3.1174,3.1192, &
      &          3.1211,3.1230,3.1249,3.1268,3.1286,3.1305,3.1324,3.1343, &
      &          3.1362,3.1381,3.1400,3.1419,3.1438,3.1457,3.1476,3.1495, &
      &          3.1515,3.1534,3.1553,3.1572,3.1591,3.1611,3.1630,3.1649, &
      &          3.1669,3.1688,3.1707,3.1727,3.1746,3.1766,3.1785,3.1805, &
      &          3.1824,3.1844,3.1863,3.1883,3.1902,3.1922,3.1942,3.1961, &
      &          3.1981,3.2001,3.2021,3.2040,3.2060,3.2080,3.2100,3.2120, &
      &          3.2140,3.2160,3.2180,3.2200,3.2220,3.2240,3.2260,3.2280, &
      &          3.2300,3.2320,3.2340,3.2361,3.2381,3.2401,3.2421,3.2442, &
      &          3.2462,3.2482,3.2503,3.2523,3.2543,3.2564,3.2584,3.2605, &
      &          3.2625,3.2646,3.2666,3.2687,3.2708,3.2728,3.2749,3.2770, &
      &          3.2790,3.2811,3.2832,3.2853,3.2874,3.2894,3.2915,3.2936, &
      &          3.2957,3.2978,3.2999,3.3020,3.3041,3.3062,3.3083,3.3104, &
      &          3.3126,3.3147,3.3168,3.3189,3.3210,3.3232,3.3253,3.3274, &
      &          3.3296,3.3317,3.3339,3.3360,3.3382,3.3403,3.3425,3.3446, &
      &          3.3468,3.3489,3.3511,3.3533,3.3554,3.3576,3.3598,3.3620, &
      &          3.3641,3.3663,3.3685,3.3707,3.3729,3.3751,3.3773,3.3795, &
      &          3.3817,3.3839,3.3861,3.3883,3.3906,3.3928,3.3950,3.3972, &
      &          3.3994,3.4017,3.4039,3.4061,3.4084,3.4106,3.4129,3.4151, &
      &          3.4174,3.4196,3.4219,3.4241,3.4264,3.4287,3.4309,3.4332, &
      &          3.4355,3.4378,3.4400,3.4423,3.4446,3.4469,3.4492,3.4515, &
      &          3.4538,3.4561,3.4584,3.4607,3.4630,3.4653,3.4677,3.4700, &
      &          3.4723,3.4746,3.4770,3.4793,3.4816,3.4840,3.4863,3.4887, &
      &          3.4910,3.4934,3.4957,3.4981,3.5004,3.5028,3.5052,3.5075, &
      &          3.5099,3.5123,3.5147,3.5171,3.5195,3.5218,3.5242,3.5266, &
      &          3.5290,3.5314,3.5338,3.5363,3.5387,3.5411,3.5435,3.5459, &
      &          3.5484,3.5508,3.5532,3.5557,3.5581,3.5605,3.5630,3.5654, &
      &          3.5679,3.5704,3.5728,3.5753,3.5777,3.5802,3.5827,3.5852, &
      &          3.5876,3.5901,3.5926,3.5951,3.5976,3.6001,3.6026,3.6051, &
      &          3.6076,3.6101,3.6127,3.6152,3.6177,3.6202,3.6227,3.6253, &
      &          3.6278,3.6304,3.6329,3.6355,3.6380,3.6406,3.6431,3.6457, &
      &          3.6482,3.6508,3.6534,3.6560,3.6585,3.6611,3.6637,3.6663, &
      &          3.6689,3.6715,3.6741,3.6767,3.6793,3.6819,3.6845,3.6872, &
      &          3.6898,3.6924,3.6950,3.6977,3.7003,3.7030,3.7056,3.7083, &
      &          3.7109,3.7136,3.7162,3.7189,3.7216,3.7242,3.7269,3.7296, &
      &          3.7323,3.7350,3.7377,3.7404,3.7431,3.7458,3.7485,3.7512, &
      &          3.7539,3.7566,3.7594,3.7621,3.7648,3.7676,3.7703,3.7730, &
      &          3.7758,3.7785,3.7813,3.7841,3.7868,3.7896,3.7924,3.7951, &
      &          3.7979,3.8007,3.8035,3.8063,3.8091,3.8119,3.8147,3.8175, &
      &          3.8203,3.8231,3.8259,3.8288,3.8316,3.8344,3.8373,3.8401, &
      &          3.8430,3.8458,3.8487,3.8515,3.8544,3.8573,3.8601,3.8630, &
      &          3.8659,3.8688,3.8717,3.8746,3.8775,3.8804,3.8833,3.8862, &
      &          3.8891,3.8920,3.8949,3.8979,3.9008,3.9037,3.9067,3.9096, &
      &          3.9126,3.9155,3.9185,3.9214,3.9244,3.9274,3.9304,3.9333, &
      &          3.9363,3.9393,3.9423,3.9453,3.9483,3.9513,3.9544,3.9574, &
      &          3.9604,3.9634,3.9665,3.9695,3.9725,3.9756,3.9786,3.9817, &
      &          3.9847,3.9878,3.9909,3.9940,3.9970,4.0001,4.0032,4.0063, &
      &          4.0094,4.0125,4.0156,4.0187,4.0218,4.0250,4.0281,4.0312, &
      &          4.0344,4.0375,4.0406,4.0438,4.0470,4.0501,4.0533,4.0565, &
      &          4.0596,4.0628,4.0660,4.0692,4.0724,4.0756,4.0788,4.0820, &
      &          4.0852,4.0884,4.0917,4.0949,4.0981,4.1014,4.1046,4.1079, &
      &          4.1111,4.1144,4.1177,4.1209,4.1242,4.1275,4.1308,4.1341, &
      &          4.1374,4.1407,4.1440,4.1473,4.1506,4.1540,4.1573,4.1606, &
      &          4.1640,4.1673,4.1707,4.1740,4.1774,4.1808,4.1841,4.1875, &
      &          4.1909,4.1943,4.1977,4.2011,4.2045,4.2079,4.2113,4.2148, &
      &          4.2182,4.2216,4.2251,4.2285,4.2320,4.2354,4.2389,4.2424, &
      &          4.2458,4.2493,4.2528,4.2563,4.2598,4.2633,4.2668,4.2703, &
      &          4.2738,4.2774,4.2809,4.2844,4.2880,4.2915,4.2951,4.2986, &
      &          4.3022,4.3058,4.3094,4.3129,4.3165,4.3201,4.3237,4.3273, &
      &          4.3310,4.3346,4.3382,4.3418,4.3455,4.3491,4.3528,4.3564, &
      &          4.3601,4.3638,4.3674,4.3711,4.3748,4.3785,4.3822,4.3859, &
      &          4.3896,4.3934,4.3971,4.4008,4.4045,4.4083,4.4120,4.4158, &
      &          4.4196,4.4233,4.4271,4.4309,4.4347,4.4385,4.4423,4.4461, &
      &          4.4499,4.4537,4.4576,4.4614,4.4652,4.4691,4.4730,4.4768, &
      &          4.4807,4.4846,4.4884,4.4923,4.4962,4.5001,4.5040,4.5080, &
      &          4.5119,4.5158,4.5197,4.5237,4.5276,4.5316,4.5356,4.5395, &
      &          4.5435,4.5475,4.5515,4.5555,4.5595,4.5635,4.5675,4.5716, &
      &          4.5756,4.5796,4.5837,4.5877,4.5918,4.5959,4.6000,4.6040, &
      &          4.6081,4.6122,4.6163,4.6205,4.6246,4.6287,4.6328,4.6370, &
      &          4.6411,4.6453,4.6495,4.6536,4.6578,4.6620,4.6662,4.6704, &
      &          4.6746,4.6788,4.6831,4.6873,4.6915,4.6958,4.7000,4.7043, &
      &          4.7086,4.7129,4.7172,4.7215,4.7258,4.7301,4.7344,4.7387, &
      &          4.7431,4.7474,4.7517,4.7561,4.7605,4.7648,4.7692,4.7736, &
      &          4.7780,4.7824,4.7868,4.7913,4.7957,4.8001,4.8046,4.8090, &
      &          4.8135,4.8180,4.8225,4.8270,4.8315,4.8360,4.8405,4.8450, &
      &          4.8495,4.8541,4.8586,4.8632,4.8678,4.8723,4.8769,4.8815, &
      &          4.8861,4.8907,4.8953,4.9000,4.9046,4.9092,4.9139,4.9186, &
      &          4.9232,4.9279,4.9326,4.9373,4.9420,4.9467,4.9514,4.9562, &
      &          4.9609,4.9657,4.9704,4.9752,4.9800,4.9848,4.9896,4.9944, &
      &          4.9992,5.0040,5.0088,5.0137,5.0185,5.0234,5.0283,5.0332, &
      &          5.0380,5.0430,5.0479,5.0528,5.0577,5.0627,5.0676,5.0726, &
      &          5.0775,5.0825,5.0875,5.0925,5.0975,5.1025,5.1075,5.1126, &
      &          5.1176,5.1227,5.1277,5.1328,5.1379,5.1430,5.1481,5.1532, &
      &          5.1584,5.1635,5.1686,5.1738,5.1790,5.1842,5.1893,5.1945, &
      &          5.1998,5.2050,5.2102,5.2154,5.2207,5.2260,5.2312,5.2365, &
      &          5.2418,5.2471,5.2524,5.2578,5.2631,5.2684,5.2738,5.2792, &
      &          5.2846,5.2900,5.2954,5.3008,5.3062,5.3116,5.3171,5.3225, &
      &          5.3280,5.3335,5.3390,5.3445,5.3500,5.3555,5.3611,5.3666, &
      &          5.3722,5.3778,5.3833,5.3889,5.3945,5.4002,5.4058,5.4114, &
      &          5.4171,5.4228,5.4284,5.4341,5.4398,5.4455,5.4513,5.4570, &
      &          5.4628,5.4685,5.4743,5.4801,5.4859,5.4917,5.4975,5.5033, &
      &          5.5092,5.5151,5.5209,5.5268,5.5327,5.5386,5.5445,5.5505, &
      &          5.5564,5.5624,5.5684,5.5744,5.5804,5.5864,5.5924,5.5984, &
      &          5.6045,5.6106,5.6166,5.6227,5.6288,5.6349,5.6411,5.6472, &
      &          5.6534,5.6596,5.6657,5.6719,5.6782,5.6844,5.6906,5.6969, &
      &          5.7031,5.7094,5.7157,5.7220,5.7283,5.7347,5.7410,5.7474, &
      &          5.7538,5.7602,5.7666,5.7730,5.7794,5.7859,5.7923,5.7988, &
      &          5.8053,5.8118,5.8184,5.8249,5.8314,5.8380,5.8446,5.8512, &
      &          5.8578,5.8644,5.8711,5.8777,5.8844,5.8911,5.8978,5.9045, &
      &          5.9112,5.9180,5.9247,5.9315,5.9383,5.9451,5.9520,5.9588, &
      &          5.9657,5.9725,5.9794,5.9863,5.9932,6.0002,6.0071,6.0141, &
      &          6.0211,6.0281,6.0351,6.0421,6.0492,6.0563,6.0633,6.0704, &
      &          6.0776,6.0847,6.0918,6.0990,6.1062,6.1134,6.1206,6.1278, &
      &          6.1351,6.1424,6.1496,6.1570,6.1643,6.1716,6.1790,6.1863, &
      &          6.1937,6.2011,6.2086,6.2160,6.2235,6.2310,6.2385,6.2460, &
      &          6.2535,6.2611,6.2686,6.2762,6.2838,6.2914,6.2991,6.3068, &
      &          6.3144,6.3221,6.3299,6.3376,6.3454,6.3531,6.3609,6.3687, &
      &          6.3766,6.3844,6.3923,6.4002,6.4081,6.4160,6.4240,6.4320, &
      &          6.4399,6.4480,6.4560,6.4640,6.4721,6.4802,6.4883,6.4964, &
      &          6.5046,6.5128,6.5209,6.5292,6.5374,6.5456,6.5539,6.5622, &
      &          6.5705,6.5789,6.5872,6.5956,6.6040,6.6124,6.6209,6.6294, &
      &          6.6378,6.6464,6.6549,6.6634,6.6720,6.6806,6.6892,6.6979, &
      &          6.7065,6.7152,6.7239,6.7327,6.7414,6.7502,6.7590,6.7678, &
      &          6.7767,6.7855,6.7944,6.8034,6.8123,6.8213,6.8302,6.8393, &
      &          6.8483,6.8573,6.8664,6.8755,6.8847,6.8938,6.9030,6.9122, &
      &          6.9214,6.9307,6.9400,6.9493,6.9586,6.9679,6.9773,6.9867, &
      &          6.9962,7.0056,7.0151,7.0246,7.0341,7.0437,7.0533,7.0629, &
      &          7.0725,7.0822,7.0919,7.1016,7.1113,7.1211,7.1309,7.1407, &
      &          7.1506,7.1604,7.1703,7.1803,7.1902,7.2002,7.2102,7.2203, &
      &          7.2303,7.2404,7.2506,7.2607,7.2709,7.2811,7.2914,7.3016, &
      &          7.3119,7.3223,7.3326,7.3430,7.3534,7.3639,7.3743,7.3848, &
      &          7.3954,7.4059,7.4165,7.4272,7.4378,7.4485,7.4592,7.4700, &
      &          7.4807,7.4916,7.5024,7.5133,7.5242,7.5351,7.5461,7.5571, &
      &          7.5681,7.5792,7.5903,7.6014,7.6126,7.6238,7.6350,7.6462, &
      &          7.6575,7.6689,7.6802,7.6916,7.7031,7.7145,7.7260,7.7375, &
      &          7.7491,7.7607,7.7723,7.7840,7.7957,7.8075,7.8192,7.8310, &
      &          7.8429,7.8548,7.8667,7.8786,7.8906,7.9027,7.9147,7.9268, &
      &          7.9390,7.9512,7.9634,7.9756,7.9879,8.0002,8.0126,8.0250, &
      &          8.0374,8.0499,8.0624,8.0750,8.0876,8.1002,8.1129,8.1256, &
      &          8.1384,8.1512,8.1640,8.1769,8.1898,8.2028,8.2158,8.2288, &
      &          8.2419,8.2550,8.2682,8.2814,8.2946,8.3079,8.3213,8.3347, &
      &          8.3481,8.3615,8.3750,8.3886,8.4022,8.4158,8.4295,8.4432, &
      &          8.4570,8.4708,8.4847,8.4986,8.5126,8.5266,8.5406,8.5547, &
      &          8.5688,8.5830,8.5973,8.6116,8.6259,8.6403,8.6547,8.6692, &
      &          8.6837,8.6982,8.7129,8.7275,8.7422,8.7570,8.7718,8.7867, &
      &          8.8016,8.8166,8.8316,8.8467,8.8618,8.8770,8.8922,8.9075, &
      &          8.9228,8.9382,8.9536,8.9691,8.9847,9.0003,9.0159,9.0316, &
      &          9.0474,9.0632,9.0791,9.0950,9.1110,9.1270,9.1431,9.1593, &
      &          9.1755,9.1918,9.2081,9.2245,9.2409,9.2574,9.2740,9.2906, &
      &          9.3073,9.3240,9.3408,9.3577,9.3746,9.3916,9.4086,9.4257, &
      &          9.4429,9.4601,9.4774,9.4948,9.5122,9.5297,9.5472,9.5649, &
      &          9.5825,9.6003,9.6181,9.6360,9.6539,9.6719,9.6900,9.7082, &
      &          9.7264,9.7447,9.7630,9.7814,9.7999,9.8185,9.8371,9.8558, &
      &          9.8746,9.8934,9.9123,9.9313,9.9504,9.9695,9.9887,10.0080, &
      &          10.0274,10.0468,10.0663,10.0859,10.1056,10.1253,10.1451,10.1650, &
      &          10.1850,10.2050,10.2251,10.2454,10.2656,10.2860,10.3065,10.3270, &
      &          10.3476,10.3683,10.3891,10.4099,10.4309,10.4519,10.4730,10.4942, &
      &          10.5155,10.5369,10.5584,10.5799,10.6015,10.6233,10.6451,10.6670, &
      &          10.6890,10.7111,10.7332,10.7555,10.7779,10.8003,10.8229,10.8455, &
      &          10.8682,10.8911,10.9140,10.9370,10.9602,10.9834,11.0067,11.0301, &
      &          11.0536,11.0773,11.1010,11.1248,11.1487,11.1727,11.1969,11.2211, &
      &          11.2455,11.2699,11.2944,11.3191,11.3439,11.3688,11.3937,11.4188, &
      &          11.4440,11.4694,11.4948,11.5203,11.5460,11.5718,11.5977,11.6237, &
      &          11.6498,11.6760,11.7024,11.7289,11.7555,11.7822,11.8090,11.8360, &
      &          11.8631,11.8903,11.9176,11.9450,11.9726,12.0003,12.0282,12.0562, &
      &          12.0843,12.1125,12.1409,12.1694,12.1980,12.2268,12.2557,12.2847, &
      &          12.3139,12.3432,12.3727,12.4023,12.4320,12.4619,12.4919,12.5221, &
      &          12.5524,12.5829,12.6135,12.6443,12.6752,12.7063,12.7375,12.7688, &
      &          12.8004,12.8321,12.8639,12.8959,12.9281,12.9604,12.9929,13.0255, &
      &          13.0583,13.0913,13.1244,13.1577,13.1912,13.2249,13.2587,13.2927, &
      &          13.3269,13.3612,13.3957,13.4304,13.4653,13.5004,13.5356,13.5711, &
      &          13.6067,13.6425,13.6785,13.7147,13.7511,13.7876,13.8244,13.8614, &
      &          13.8985,13.9359,13.9734,14.0112 /)


       real :: brownsand(2844) = (/1.0604,1.3251,1.4971,1.4966,1.4964,1.4966,1.627,1.6264, &
      &          1.9662,2.0937,1.9610,2.0937,2.0966,2.2674,2.3927,2.3896, &
      &          2.4318,2.4318,2.4411,2.6228,2.6309,2.7585,3.0993,3.3435, &
      &          3.5095,3.4590,3.4547,3.6257,3.7556,3.7753,4.0709,4.0571, &
      &          4.2321,4.3654,4.3592,4.5449,4.7784,4.7646,4.7509,5.0693, &
      &          5.2178,5.3270,4.9949,5.3190,5.4930,5.4846,5.4635,5.7609, &
      &          5.7924,5.7879,6.1678,6.1581,6.1436,6.1533,5.8835,5.8788, &
      &          6.4646,6.4803,6.6275,6.4332,6.3881,6.4129,6.3564,6.5516, &
      &          6.5406,6.6923,6.6866,6.6753,6.5132,6.6753,6.6696,6.6753, &
      &          6.9357,7.0750,7.0572,6.9357,7.2071,7.1949,7.3157,7.6247, &
      &          7.7781,7.7781,7.7448,7.8782,7.8850,8.0906,7.8314,8.2360, &
      &          8.2290,8.2238,8.4740,8.3083,8.4597,8.6362,9.1099,9.0945, &
      &          9.1672,9.0454,9.1827,9.1416,9.1416,9.2757,9.3944,9.3327, &
      &          9.5920,9.5685,9.7905,9.8598,10.0018,10.0018,10.3284,10.5895, &
      &          10.5548,10.5117,10.6460,10.7246,10.8332,10.9862,10.9088,10.9088, &
      &          11.3564,11.4366,11.3767,11.3676,11.4703,11.5863,11.8647,11.9616, &
      &          11.8271,11.9521,12.0962,12.1154,12.2601,12.4640,12.6863,12.7521, &
      &          12.7421,12.7820,12.8875,13.0435,13.0741,13.2743,13.2847,13.4311, &
      &          13.5150,13.5775,13.5671,13.7236,13.9740,13.9206,13.9387,13.9883, &
      &          14.0480,14.2833,14.4171,14.5402,14.7072,14.8416,14.8750,14.9048, &
      &          14.9630,15.0208,15.4188,15.1925,15.4971,15.8743,15.5699,15.8986, &
      &          15.8743,15.6249,15.7266,15.7807,15.8399,16.2844,16.1902,16.2076, &
      &          16.2580,16.0329,16.3608,16.5785,16.9030,16.6971,16.7749,16.7227, &
      &          16.8005,17.3282,17.2256,17.2614,17.1888,17.1494,17.1233,17.1756, &
      &          17.1625,17.0842,17.2897,17.6270,17.5377,17.7768,17.4941,17.3889, &
      &          17.7214,17.7409,17.6955,17.6433,17.5785,17.9627,18.0740,18.0740, &
      &          18.0257,18.0521,18.1770,18.5575,18.2839,18.2839,18.2839,18.5620, &
      &          18.7839,19.1024,18.9193,18.9753,18.9753,18.9333,18.6467,18.8975, &
      &          18.8837,19.1838,18.8975,19.4234,19.4522,19.0646,19.1903,19.5884, &
      &          19.2878,19.8830,19.8976,20.0381,20.0972,19.8369,19.7935,19.7611, &
      &          19.6471,19.6046,19.8004,19.9684,19.9540,20.1315,20.1605,20.2853, &
      &          20.6418,20.4836,20.6719,20.3731,20.3731,20.3731,20.4025,20.4247, &
      &          20.5054,20.3808,20.4229,20.8892,21.0599,21.2466,21.0448,20.9379, &
      &          21.0780,21.0040,20.8845,21.0534,20.8696,21.0129,21.5352,21.6272, &
      &          21.7044,21.6901,21.6747,21.5828,21.6287,21.7211,21.9232,21.8921, &
      &          22.0163,21.9240,21.8921,22.3455,22.3455,22.4227,22.4997,22.3728, &
      &          22.3571,22.3256,22.3413,22.5605,22.6564,22.5157,22.4679,22.3706, &
      &          22.2493,22.7824,22.7246,22.7337,22.9137,23.0197,23.0089,22.8555, &
      &          22.8241,22.9300,22.9930,23.3117,23.3117,23.3691,23.2847,23.0883, &
      &          23.5289,23.4483,23.4323,23.4576,23.5627,23.5466,23.7323,23.6011, &
      &          23.7647,23.9098,23.8936,23.8936,23.9098,24.0636,24.1128,24.1292, &
      &          24.1918,24.2639,24.2787,24.3116,24.3581,24.1496,24.2951,24.4237, &
      &          24.4237,24.5775,24.6653,24.6653,24.8027,24.7317,24.8027,24.8528, &
      &          25.0276,24.8938,24.8439,24.8938,24.9271,24.6534,24.8771,24.9772, &
      &          25.2184,25.2015,25.1433,25.3746,25.4424,25.3746,25.0101,25.1299, &
      &          25.3694,25.5398,25.6089,25.5751,25.4892,25.4723,25.5582,25.3753, &
      &          25.5582,25.8998,26.0364,26.0022,26.0359,26.0188,26.1216,26.1905, &
      &          26.1905,26.0708,25.9851,26.0022,26.1216,26.2583,26.1893,26.2410, &
      &          26.3604,26.2224,26.3085,26.2457,26.1946,26.1268,26.2794,26.3306, &
      &          26.3477,26.6487,26.4496,26.2961,25.9693,26.2624,26.0583,26.0640, &
      &          26.5396,26.1513,26.6537,27.0131,26.9801,27.2095,27.3533,27.4398, &
      &          27.3030,27.3701,27.3726,27.5599,27.6982,27.5480,27.5675,27.7559, &
      &          27.9379,27.9396,28.0080,28.0807,28.3502,28.4680,28.3461,28.6642, &
      &          28.6441,28.7815,28.9817,29.2331,29.0106,29.2123,29.3938,29.3096, &
      &          29.4262,29.7780,29.7587,29.8109,30.0507,30.0155,30.1502,30.3134, &
      &          30.1325,30.2937,30.6821,30.5199,30.6638,30.6911,30.5387,31.0110, &
      &          31.2701,31.3859,31.3787,31.6908,31.6175,31.8124,32.1589,32.0119, &
      &          32.2422,32.3945,31.9465,32.1132,32.3176,32.8913,33.1814,33.1445, &
      &          33.0310,32.5535,33.0105,33.2406,33.6245,33.1066,33.2613,33.7943, &
      &          33.6627,33.5857,33.8331,34.3492,34.3126,34.1925,34.2482,34.5514, &
      &          34.4767,34.3820,34.3428,34.3913,34.5786,34.7945,34.7354,34.9466, &
      &          34.5662,34.7930,34.8597,34.8156,34.8872,35.1077,35.6867,35.8769, &
      &          35.8968,35.9368,36.0170,36.0572,35.9859,35.9477,35.9881,36.6064, &
      &          37.0479,37.0955,36.8571,36.4021,36.3204,36.2728,36.3235,36.6178, &
      &          36.7089,37.2096,37.3299,37.5132,37.5406,37.4980,37.4980,37.8116, &
      &          37.8641,37.8400,37.8922,37.6541,37.9907,37.9486,37.9066,38.1153, &
      &          38.2249,38.2249,38.2920,38.3132,38.1721,38.0712,38.2842,38.0420, &
      &          38.2665,38.3684,38.1687,38.4965,38.3322,38.4318,38.5262,38.2418, &
      &          38.2404,38.4193,38.4091,38.1851,38.1293,38.0047,38.0047,38.1365, &
      &          37.4212,37.4994,37.8142,37.9474,38.1816,38.1995,38.1019,38.2842, &
      &          38.3933,38.4624,38.4252,38.6877,38.8149,38.7032,38.7440,38.7013, &
      &          38.8529,38.8529,39.1677,39.3201,39.4290,39.4728,39.5166,39.5060, &
      &          39.5696,39.5906,39.5266,39.5266,39.2070,39.3411,39.6609,40.2177, &
      &          40.0092,39.7459,39.8106,39.8754,40.0601,40.1886,40.2808,40.2154, &
      &          40.0653,40.1501,40.2565,40.2372,40.0653,40.1088,40.2372,40.2348, &
      &          40.1046,40.1263,40.1674,40.1954,40.1457,40.5791,40.4228,40.4260, &
      &          40.6633,40.8135,40.7694,40.7190,40.4822,40.5693,40.7410,40.7654, &
      &          40.4822,40.5226,40.7176,40.8830,40.8173,40.7299,40.8749,40.9581, &
      &          40.7622,40.9889,40.9497,40.9714,40.8056,41.0062,41.0813,41.0704, &
      &          41.0813,40.9666,41.0953,41.0246,40.9634,41.0513,41.4066,41.2846, &
      &          41.1223,41.1395,41.0073,41.0246,41.1243,41.2953,41.2025,41.1587, &
      &          41.1806,41.2680,41.3340,41.1587,41.2463,41.4223,41.4171,41.3285, &
      &          41.4166,41.5168,41.4117,41.4566,41.4957,41.4228,41.4501,41.2632, &
      &          41.3505,41.5109,41.6676,41.1695,40.9064,40.7394,40.5759,40.0707, &
      &          40.1614,39.5804,38.8631,38.3081,37.7465,37.9487,37.6564,37.5492, &
      &          37.6318,37.7428,37.9425,37.9487,38.0424,38.5389,38.5325,38.5120, &
      &          38.6787,38.6582,38.6798,38.6605,38.8023,39.0495,39.3002,39.3997, &
      &          39.4611,39.6458,39.8302,39.9564,40.0591,40.2826,40.3850,40.4241, &
      &          40.3578,40.3935,40.3935,40.4563,40.5144,40.5718,40.5509,40.5335, &
      &          40.9375,40.8532,40.7273,40.8702,41.1097,40.9465,40.7654,41.1097, &
      &          41.0841,41.1171,41.2736,41.1056,41.0033,41.1693,41.2550,41.1000, &
      &          40.9345,40.9530,40.9674,40.9601,41.0192,41.2416,41.2401,41.1330, &
      &          41.1635,41.2665,41.1477,41.0192,41.0656,41.0797,41.2416,41.3129, &
      &          41.1679,41.1549,41.1549,41.1508,41.1608,41.2042,41.2621,41.2592, &
      &          41.0985,40.9630,41.0463,41.0826,41.1085,41.1344,41.1315,41.2127, &
      &          41.3244,41.2980,41.3577,41.3114,41.2072,41.0656,40.9689,41.0785, &
      &          41.2794,41.3214,41.3214,41.2980,41.0797,41.0376,41.2516,41.1981, &
      &          41.0871,41.0551,41.0062,40.9975,41.0476,41.1200,41.1273,41.0785, &
      &          41.1144,41.1535,41.0756,41.0871,41.1852,41.1000,41.0856,41.1622, &
      &          41.1344,41.1377,41.1200,40.9818,41.0363,41.0233,40.8913,40.9630, &
      &          41.0597,41.0741,40.9704,40.8324,40.9215,41.0871,41.1200,40.9948, &
      &          40.8926,40.9459,40.9415,41.0376,41.0507,40.9086,40.5692,40.4425, &
      &          40.6520,40.8277,40.7894,40.5961,40.6608,40.7118,40.5607,40.3060, &
      &          40.3856,40.6608,40.8263,40.5548,40.4750,40.6161,40.7665,40.5434, &
      &          40.4071,40.5094,40.5932,40.4950,40.3146,40.3234,40.3009,40.2765, &
      &          40.3688,40.4171,40.3768,40.2936,40.3161,40.3248,40.2792,40.2851, &
      &          40.2792,40.1974,40.2313,40.1918,40.2382,40.2667,40.1903,40.0309, &
      &          39.9676,40.0731,40.0998,40.0099,39.9989,40.0707,40.1466,40.0846, &
      &          40.0099,39.9047,39.9791,39.9945,40.0677,40.1759,40.2894,40.3119, &
      &          40.3529,40.4850,40.5802,40.5248,40.3500,40.3644,40.6745,40.6889, &
      &          40.5831,40.6290,40.7392,40.6549,40.7206,40.7936,40.7794,40.7147, &
      &          40.6774,40.7606,40.8009,40.7909,40.8310,40.7462,40.8324,40.7521, &
      &          40.5961,40.6491,40.6334,40.6491,40.7291,40.7421,40.7706,40.6644, &
      &          40.5722,40.5109,40.6391,40.7492,40.6205,40.6464,40.6161,40.4694, &
      &          40.4794,40.5180,40.5751,40.5333,40.4809,40.5407,40.4923,40.3856, &
      &          40.4965,40.6933,40.6220,40.4210,40.4223,40.4909,40.4267,40.3358, &
      &          40.4086,40.3956,40.3826,40.4157,40.4835,40.5080,40.4794,40.3768, &
      &          40.2553,40.3414,40.4267,40.3161,40.3248,40.3473,40.3688,40.3349, &
      &          40.2540,40.3060,40.3488,40.2582,40.2807,40.3161,40.2084,40.1266, &
      &          40.1818,40.2367,40.3205,40.2655,40.2069,40.1845,40.1564,40.1818, &
      &          40.2127,40.1466,40.1112,40.0975,40.0170,39.9213,39.9396,39.9581, &
      &          39.9845,39.9801,39.9540,39.9606,39.8937,39.9213,40.0294,40.0155, &
      &          40.0280,39.9676,39.8415,39.9018,40.0243,40.0758,40.0324,39.9765, &
      &          39.8937,39.9061,39.8893,39.7956,39.8739,39.9481,39.7772,39.6222, &
      &          39.7716,39.9118,39.7636,39.7731,39.7772,39.6126,39.5863,39.6811, &
      &          39.7299,39.6461,39.6586,39.6769,39.5988,39.5609,39.4835,39.5499, &
      &          39.6112,39.5543,39.6071,39.5363,39.5031,39.5624,39.5055,39.4865, &
      &          39.4352,39.3490,39.4516,39.4652,39.4281,39.4931,39.5573,39.5250, &
      &          39.5155,39.4865,39.4821,39.5004,39.5499,39.4945,39.3410,39.3877, &
      &          39.4652,39.4586,39.4945,39.4223,39.3659,39.3007,39.2802,39.2676, &
      &          39.1586,39.1754,39.2289,39.2179,39.2165,39.2179,39.2676,39.2743, &
      &          39.1586,39.0529,39.1247,39.1989,39.2055,39.1811,39.1535,39.1535, &
      &          39.0954,38.9542,38.9313,39.0819,39.2399,39.2494,39.0807,38.9735, &
      &          39.0241,38.9572,38.8561,38.7782,38.7863,38.8888,38.8644,38.8998, &
      &          38.9323,38.8202,38.7825,38.7702,38.7045,38.7060,38.7318,38.6203, &
      &          38.4484,38.4040,38.4716,38.4876,38.4364,38.4269,38.4379,38.2907, &
      &          38.2086,38.1269,38.1781,38.2318,38.1647,38.1967,38.2570,38.2235, &
      &          38.1657,38.1737,38.1083,38.0255,37.9718,37.9308,37.9308,38.0067, &
      &          38.0546,37.9972,37.9198,37.8626,37.9105,37.9000,37.8561,37.8761, &
      &          37.7191,37.6637,37.7124,37.6862,37.7169,37.7550,37.6293,37.5646, &
      &          37.6254,37.6547,37.5460,37.4115,37.4669,37.5211,37.5076,37.5525, &
      &          37.4408,37.3461,37.3512,37.3119,37.2504,37.3581,37.4315,37.2494, &
      &          37.1626,37.2963,37.3092,37.2599,37.2389,37.1249,37.0325,36.9765, &
      &          36.9933,37.0287,37.0441,37.0546,37.0726,37.1044,37.1459,37.0900, &
      &          37.0014,36.9638,36.9425,36.9091,37.0127,36.9882,36.9015,36.9440, &
      &          37.0158,37.0168,36.9106,36.9075,37.0023,36.9689,36.8832,36.8537, &
      &          36.8234,36.7860,36.8947,36.8468,36.7370,36.7152,36.5722,36.5697, &
      &          36.7011,36.6364,36.5890,36.6689,36.5929,36.5456,36.5211,36.6173, &
      &          36.8158,36.7885,36.7450,36.6095,36.1515,35.7716,35.7865,35.9645, &
      &          36.3377,36.6105,36.4594,36.0541,36.1264,36.2819,35.8483,35.9845, &
      &          36.1898,36.0631,36.3517,36.3468,35.9215,35.8861,35.5487,35.6186, &
      &          35.9476,35.7123,35.8498,36.0048,36.1823,35.9655,34.9442,33.9911, &
      &          34.8471,35.8659,36.2257,36.0324,35.7587,35.6474,35.3593,34.8730, &
      &          35.1275,35.4091,35.4127,35.5597,35.7253,35.6424,35.5673,35.0846, &
      &          34.7362,35.0045,34.7387,34.8573,35.4152,35.5761,35.3405,34.7543, &
      &          34.8534,34.6337,34.1601,34.5959,34.7802,34.7127,34.9247,34.9874, &
      &          34.8854,34.7912,34.6801,34.6212,34.5353,34.1242,34.0939,34.2572, &
      &          34.1711,33.8898,33.5331,33.5121,33.4543,33.2211,33.3022,32.9827, &
      &          32.6088,32.5033,32.3632,31.5258,30.7931,30.6908,30.8378,29.9955, &
      &          29.8002,30.3832,30.2199,29.5419,28.7724,28.4189,28.0480,27.8820, &
      &          27.3542,26.4196,25.5588,24.7265,23.8012,22.6459,21.2961,19.8100, &
      &          18.1677,16.7541,15.5046,14.2797,13.0864,11.9555,10.9057,10.2654, &
      &          10.0085,10.0366,10.1985,10.4458,10.6491,10.8535,11.0517,11.0293, &
      &          10.9009,10.6372,10.2697,9.7807,9.4941,9.2698,8.9189,8.8037, &
      &          8.6601,8.4409,8.3017,8.1074,7.8713,7.6189,7.4670,7.3574, &
      &          7.1091,6.9436,6.9380,6.9765,6.9236,6.8210,6.7842,6.7063, &
      &          6.5671,6.3645,6.1833,5.9551,5.8479,5.8469,5.7683,5.5439, &
      &          5.4328,5.6819,6.0373,6.2095,6.3320,6.4695,6.5493,6.6416, &
      &          6.7197,6.7192,6.7532,6.8364,6.8288,6.8196,6.8169,6.8359, &
      &          6.8164,6.7995,6.8191,6.8642,6.8574,6.8418,6.8364,6.7939, &
      &          6.7546,6.7336,6.6535,6.5652,6.5693,6.5972,6.5798,6.5373, &
      &          6.5403,6.4680,6.3909,6.3618,6.3340,6.2556,6.1770,6.1272, &
      &          6.0578,6.0149,6.0066,5.9326,5.8249,5.7273,5.6362,5.5908, &
      &          5.5723,5.5378,5.5640,5.5659,5.5903,5.5989,5.6101,5.6592, &
      &          5.6711,5.6372,5.6440,5.6348,5.5937,5.5942,5.5998,5.5559, &
      &          5.4995,5.5134,5.4861,5.3984,5.3779,5.3960,5.3726,5.3076, &
      &          5.2573,5.2617,5.2348,5.1186,5.0588,5.0076,4.9429,4.9558, &
      &          4.9621,4.8616,4.7683,4.7458,4.7370,4.7026,4.6543,4.5864, &
      &          4.5954,4.6174,4.6055,4.6736,4.7224,4.6880,4.7219,4.7573, &
      &          4.7864,4.8472,4.8674,4.8481,4.8711,4.9448,5.0181,5.0210, &
      &          4.9717,4.9861,5.0166,5.0171,4.9927,4.9678,5.0066,5.0559, &
      &          5.0491,5.0185,5.0640,5.0515,5.0171,5.0371,5.0735,5.0481, &
      &          4.9990,4.9773,4.9856,4.9985,4.9927,4.9941,5.0090,4.9880, &
      &          5.0132,5.0754,5.0837,5.0837,5.1228,5.1540,5.1526,5.1650, &
      &          5.1831,5.2388,5.2524,5.2148,5.2114,5.2473,5.2768,5.2993, &
      &          5.3210,5.3330,5.3550,5.3721,5.3526,5.3606,5.3635,5.3679, &
      &          5.3721,5.3889,5.4272,5.4194,5.4314,5.4521,5.4536,5.4736, &
      &          5.5056,5.4736,5.4731,5.5027,5.5100,5.5119,5.4617,5.4761, &
      &          5.5683,5.5535,5.5010,5.5588,5.6123,5.5879,5.5774,5.5957, &
      &          5.6211,5.6362,5.6431,5.6435,5.6597,5.6362,5.6455,5.6665, &
      &          5.6689,5.7065,5.7173,5.7248,5.7507,5.7632,5.7522,5.7678, &
      &          5.7827,5.7822,5.7971,5.7803,5.7961,5.8459,5.8664,5.8396, &
      &          5.8545,5.8818,5.9282,5.9197,5.8943,5.9397,5.9895,5.9626, &
      &          5.9692,5.9785,6.0290,6.0603,6.0224,6.0295,6.0842,6.0923, &
      &          6.0642,6.1240,6.1889,6.2095,6.2243,6.2234,6.2607,6.2905, &
      &          6.2776,6.2785,6.3650,6.3804,6.3699,6.3996,6.4560,6.4980, &
      &          6.5224,6.5293,6.5552,6.5803,6.6124,6.6321,6.6474,6.6774, &
      &          6.7197,6.7580,6.8005,6.8254,6.8542,6.8891,6.9033,6.9416, &
      &          6.9795,6.9900,6.9958,7.0339,7.0875,7.1035,7.1186,7.1733, &
      &          7.2446,7.2627,7.2656,7.2849,7.3379,7.3699,7.3699,7.4092, &
      &          7.5034,7.5112,7.5373,7.5959,7.6189,7.6628,7.6799,7.6733, &
      &          7.6911,7.7446,7.8044,7.8533,7.8637,7.8877,7.9634,7.9634, &
      &          7.9670,8.0442,8.1045,8.1333,8.1916,8.2451,8.2634,8.2868, &
      &          8.3083,8.3327,8.3916,8.4419,8.4814,8.5442,8.5915,8.6020, &
      &          8.7046,8.7265,8.7131,8.7917,8.8352,8.8869,8.9624,9.0071, &
      &          8.9983,9.0195,9.0788,9.1548,9.2141,9.2285,9.2500,9.2744, &
      &          9.3188,9.3945,9.4309,9.4343,9.4721,9.5227,9.5698,9.6008, &
      &          9.6184,9.6567,9.6902,9.7109,9.7558,9.7812,9.7864,9.8098, &
      &          9.8291,9.8425,9.8510,9.8366,9.8486,9.8575,9.8575,9.8755, &
      &          9.8750,9.8969,9.8689,9.8301,9.8375,9.8789,9.8716,9.8415, &
      &          9.8769,9.9348,9.9079,9.9199,9.9812,9.9438,9.8535,9.8530, &
      &          9.8564,9.8381,9.8445,9.8305,9.7988,9.7644,9.7363,9.7414, &
      &          9.7593,9.7734,9.8266,9.9114,9.9831,10.0984,10.3252,10.5473, &
      &          10.6938,10.8100,10.9123,11.0444,11.1609,11.2312,11.3164,11.4206, &
      &          11.4780,11.5569,11.6516,11.7378,11.7815,11.8335,11.8957,11.9411, &
      &          11.9958,12.0373,12.0766,12.1196,12.1135,12.1445,12.1882,12.1809, &
      &          12.2153,12.1909,12.1196,12.0827,12.0891,12.0608,12.0681,12.1494, &
      &          12.3393,12.5666,12.8437,13.0600,13.2055,13.3715,13.5161,13.6013, &
      &          13.6992,13.7568,13.8896,13.9951,14.0061,14.0824,14.1677,14.2324, &
      &          14.2937,14.3789,14.4409,14.4702,14.5166,14.5844,14.6667,14.7019, &
      &          14.7304,14.7873,14.8750,14.9658,14.9946,14.9985,15.0405,15.1132, &
      &          15.1721,15.2224,15.2922,15.3491,15.4079,15.4411,15.4885,15.5559, &
      &          15.5847,15.6320,15.6814,15.7981,15.8837,15.8779,15.9082,15.9685, &
      &          16.0109,16.0656,16.1424,16.2038,16.2407,16.2975,16.3513,16.3972, &
      &          16.4272,16.4450,16.4631,16.5244,16.5866,16.6001,16.5896,16.6301, &
      &          16.7097,16.7727,16.7478,16.7307,16.7641,16.7695,16.7810,16.7841, &
      &          16.7836,16.8259,16.8364,16.8220,16.8188,16.8278,16.7990,16.7580, &
      &          16.7661,16.7939,16.7956,16.7607,16.7880,16.8469,16.8493,16.8493, &
      &          16.8689,16.8957,16.9331,16.9943,17.0388,17.0861,17.1408,17.2011, &
      &          17.2690,17.3144,17.3675,17.4211,17.4790,17.5417,17.5585,17.6335, &
      &          17.7399,17.7863,17.8313,17.8896,17.9404,18.0102,18.0537,18.0775, &
      &          18.1442,18.1925,18.1833,18.1872,18.2321,18.2609,18.2404,18.2663, &
      &          18.2849,18.3117,18.3720,18.3986,18.3610,18.3054,18.2385,18.2474, &
      &          18.2883,18.3059,18.3342,18.3872,18.4225,18.4687,18.4519,18.4255, &
      &          18.5007,18.5849,18.6342,18.6721,18.7094,18.7573,18.8022,18.8437, &
      &          18.8786,18.9494,19.0075,19.0461,19.0778,19.1467,19.2104,19.2194, &
      &          19.2109,19.2185,19.2587,19.2958,19.3203,19.2988,19.2778,19.3088, &
      &          19.3232,19.2744,19.2319,19.1965,19.1825,19.1596,19.0913,19.0534, &
      &          19.0544,19.0290,18.9836,18.9877,18.9792,18.9016,18.8332,18.8212, &
      &          18.7954,18.7714,18.7939,18.8156,18.8122,18.7939,18.7729,18.7792, &
      &          18.7812,18.7749,18.7749,18.8303,18.8974,18.9343,18.9223,18.9428, &
      &          19.0161,19.0566,19.0686,19.0954,19.1018,19.1237,19.1342,19.1281, &
      &          19.1481,19.2089,19.2104,19.1552,19.1486,19.1811,19.1467,19.0700, &
      &          19.0280,19.0002,18.9519,18.9113,18.8530,18.7792,18.7060,18.6528, &
      &          18.5534,18.4787,18.4384,18.3886,18.3361,18.2705,18.1950,18.1333, &
      &          18.0805,18.0475,18.0141,17.9499,17.8901,17.8481,17.8064,17.7863, &
      &          17.7460,17.6828,17.6250,17.5422,17.4628,17.4062,17.3273,17.2595, &
      &          17.2143,17.1662,17.0935,17.0756,17.1075,17.0875,16.9890,16.9260, &
      &          16.8881,16.8374,16.7956,16.7043,16.6091,16.6145,16.6569,16.7119, &
      &          16.7631,16.8459,16.8982,16.8737,16.7421,16.5383,16.3823,16.2822, &
      &          16.1569,16.0783,16.0527,16.0344,16.0278,16.0434,16.1157,16.1948, &
      &          16.2790,16.3784,16.4550,16.5681,16.6914,16.7425,16.7482,16.7497, &
      &          16.7221,16.6809,16.6030,16.5039,16.3852,16.2451,16.0712,15.8803, &
      &          15.6482,15.4157,15.1567,14.9084,14.6333,14.3549,14.0749,13.7902, &
      &          13.5174,13.2614,12.9680,12.7182,12.5053,12.3120,12.1245,11.9441, &
      &          11.7497,11.5652,11.3828,11.2182,11.0803,10.9836,10.8879,10.7448, &
      &          10.5483,10.3291,10.1352,10.0095,9.9138,9.8769,9.9497,10.0524, &
      &          10.1242,10.2158,10.3449,10.5066,10.7383,10.9875,11.3254,11.7551, &
      &          12.2158,12.6709,13.1369,13.5805,14.0002,14.3664,14.7133,15.0654, &
      &          15.3984,15.6699,15.8608,16.0249,16.1833,16.2866,16.3674,16.4111, &
      &          16.3889,16.3747,16.3679,16.3398,16.3010,16.2338,16.1130,16.0095, &
      &          15.9248,15.8125,15.6196,15.4008,15.1980,14.9812,14.7170,14.4174, &
      &          14.1032,13.7705,13.4380,13.1289,12.7983,12.4255,12.0627,11.7197, &
      &          11.4182,11.2358,11.2068,11.3274,11.5598,11.9162,12.2705,12.5378, &
      &          12.7561,12.9350,13.0652,13.1284,13.1433,13.1115,13.0671,13.0127, &
      &          12.9325,12.8173,12.6911,12.5901,12.4504,12.2885,12.1665,12.0344, &
      &          11.8684,11.6967,11.5063,11.3403,11.1525,10.9397,10.7646,10.5884, &
      &          10.3684,10.1472,9.9277,9.6965,9.4634,9.1946,8.9360,8.6767, &
      &          8.3747,8.0527,7.7517,7.4431,7.0967,6.7173,6.3259,5.9277, &
      &          5.5434,5.1555,4.7869,4.4624,4.1677,3.9485,3.7969,3.6648, &
      &          3.5203,3.4451,3.4065,3.3618,3.3208,3.2800,3.2197,3.1658, &
      &          3.1394,3.0891,3.0217,2.9939,2.9714,2.9424,2.9326,2.9216, &
      &          2.8877,2.8767,2.8743,2.8747,2.8647,2.8691,2.8706,2.8577, &
      &          2.8428,2.8447,2.8577,2.8518,2.8274,2.8249,2.8342,2.8467, &
      &          2.8289,2.8318,2.8508,2.8428,2.8328,2.8586,2.8767,2.8638, &
      &          2.8484,2.8457,2.8628,2.8594,2.8149,2.7810,2.7900,2.8174, &
      &          2.8303,2.8264,2.8039,2.7954,2.8005,2.8169,2.8279,2.8064, &
      &          2.7761,2.7402,2.7039,2.6787,2.6379,2.5771,2.5308,2.4805, &
      &          2.4490,2.4495,2.4226,2.3813,2.3484,2.3210,2.2930,2.2935, &
      &          2.2820,2.2302,2.2143,2.2163,2.2163,2.2217,2.2183,2.1997, &
      &          2.1904,2.1914,2.1763,2.1421,2.1431,2.1748,2.1848,2.2039, &
      &          2.2217,2.2302,2.2456,2.2681,2.3005,2.3245,2.3418,2.3579, &
      &          2.3564,2.3708,2.4341,2.4734,2.4758,2.4849,2.4934,2.4600, &
      &          2.4092,2.4172,2.4106,2.3752,2.3528,2.3159,2.2976,2.2986, &
      &          2.2656,2.2212,2.1843,2.1814,2.1680,2.1101,2.0666,2.0513, &
      &          2.0464,2.0293,2.0059,1.9880,1.9651,1.9805,1.9790,1.9700, &
      &          1.9585,1.9321,1.9126,1.9268,1.9311,1.9182,1.9126,1.9502, &
      &          1.9934,2.0224,2.0469,2.0857,2.1355,2.1531,2.1518,2.1704, &
      &          2.1643,2.1399,2.1289,2.0977,2.0618,2.0422,1.9819,1.9287, &
      &          1.9351,1.9006,1.8159,1.8005,1.7952,1.7717,1.7598,1.7456, &
      &          1.7014,1.6631,1.6121,1.5684,1.5435,1.5398,1.5408,1.5224, &
      &          1.4861,1.4451,1.4351,1.3752,1.3315,1.3296,1.3230,1.3359, &
      &          1.3401,1.3384,1.3401,1.3052,1.2483,1.2707,1.2866,1.2627, &
      &          1.2148,1.2344,1.2551,1.2200,1.2178,1.2488,1.2573,1.2537, &
      &          1.2417,1.2292,1.2095,1.1602,1.1340,1.2034,1.2205,1.1860, &
      &          1.1721,1.1958,1.2263,1.2058,1.1574,1.1360,1.1645,1.1976, &
      &          1.1780,1.1545,1.1570,1.1482,1.1382,1.1465,1.1167,1.0991, &
      &          1.1226,1.1248,1.1301,1.1355,1.1182,1.1211,1.1216,1.1182, &
      &          1.1611,1.1794,1.1770,1.1736,1.1804,1.1774,1.1880,1.1924, &
      &          1.1970,1.1824,1.1948,1.2085,1.1855,1.2053,1.2302,1.2197, &
      &          1.2388,1.2488,1.2637,1.2666,1.2129,1.1970,1.2378,1.2563, &
      &          1.2817,1.2866,1.2603,1.2666,1.2353,1.2168,1.1814,1.1636, &
      &          1.1799,1.1914,1.1726,1.1676,1.1565,1.1602,1.1440,1.1133, &
      &          1.1106,1.1230,1.1340,1.1641,1.1876,1.1785,1.1536,1.1096, &
      &          1.0889,1.1221,1.1240,1.1367,1.1082,1.0774,1.0793,1.0928, &
      &          1.0852,1.0713,1.0498,1.0305,1.0588,1.0503,1.0149,1.0359, &
      &          1.0339,0.9985,0.9836,0.9707,0.9812,0.9636,1.0015,1.0283, &
      &          0.9780,0.9421,0.9373,0.9785,0.9841,0.9687,0.9770,0.9746, &
      &          0.9492,0.9551,0.9687,0.9573,0.9431,0.9546,0.9573,0.9329, &
      &          0.9302,0.9282,0.9233,0.9182,0.9207,0.9067,0.8874,0.9148, &
      &          0.9187,0.8948,0.9053,0.9053,0.8953,0.9412,0.9526,0.8848, &
      &          0.8669,0.8823,0.8469,0.8589,0.8535,0.8257,0.8660,0.9248, &
      &          0.8774,0.8296,0.8376,0.8420,0.8474,0.8779,0.8799,0.8569, &
      &          0.8635,0.8735,0.8669,0.8621,0.8760,0.9033,0.8923,0.9087, &
      &          0.9326,0.9458,0.9536,0.9707,0.9936,1.0061,1.0234,1.0405, &
      &          1.0478,1.0469,1.0784,1.1301,1.1606,1.1924,1.1980,1.2334, &
      &          1.2798,1.3052,1.3550,1.4087,1.4292,1.4785,1.5598,1.6172, &
      &          1.6874,1.7895,1.8608,1.9690,2.0691,2.1201,2.1894,2.3000, &
      &          2.4321,2.5373,2.6255,2.7380,2.8254,2.9331,3.0471,3.2192, &
      &          3.4180,3.6467,3.9228,4.2021,4.4878,4.8420,5.2493,5.6565, &
      &          6.1301,6.6391,7.1833,7.7117,8.2063,8.6887,9.2400,9.8352, &
      &          10.4665,11.1360,11.8344,12.6035,13.4099,14.2605,15.1530,16.0066, &
      &          16.8775,17.7031,18.3261,18.7470,18.9825,19.1083,19.1696,19.0922, &
      &          18.8801,18.6711,18.5051,18.2968,18.0092,17.7666,17.5637,17.3283, &
      &          17.0861,16.9216,16.7507,16.5966,16.4492,16.3200,16.2587,16.1250, &
      &          15.9895,15.8574,15.7314,15.6037,15.4243,15.2329,14.9482,14.5490, &
      &          14.0217,13.2441,12.1809,11.0652,10.4980,10.9182,11.9480,12.9480, &
      &          13.6020,13.9729,14.2339,14.4309,14.5439,14.5984,14.6477,14.7395, &
      &          14.8693,15.0031,15.0962,15.1242,15.1237,15.1275,15.1367,15.0608, &
      &          14.9836,14.9406,14.8444,14.7285,14.6980,14.7500,14.8569,14.8923, &
      &          14.9094,14.9553,14.9482,14.9194,14.9582,15.0363,15.0713,15.0739, &
      &          15.1137,15.0730,15.0310,15.0124,14.9773,14.9716,14.9443,14.8051, &
      &          14.5400,14.1801,13.6757,12.9934,12.2028,11.4216,10.6377,9.8750, &
      &          9.2954,8.8567,8.4719,8.1428,7.8586,7.6264,7.4574,7.2527, &
      &          7.0078,6.8923,6.7685,6.6291,6.5115,6.3503,6.2512,6.1484, &
      &          6.0144,5.9092,5.7698,5.6477,5.5827,5.4717,5.3989,5.3620, &
      &          5.2966,5.2429,5.1841,5.1426,5.0818,5.0229,4.9726,4.8242, &
      &          4.7151,4.7041,4.6716,4.6152,4.5815,4.5654,4.4846,4.3787, &
      &          4.3428,4.3486,4.3188,4.2998,4.2744,4.2241,4.1980,4.1577, &
      &          4.0989,4.0994,4.0845,4.0520,3.9831,3.9250,3.8940,3.8935, &
      &          3.8672,3.8403,3.8088,3.7773,3.7331,3.7102,3.6807,3.6728, &
      &          3.6472,3.5959,3.5452,3.5107,3.4763,3.4714,3.4568,3.4204, &
      &          3.4031,3.4080,3.3293,3.2834,3.2710,3.3113,3.3264,3.2959, &
      &          3.2781,3.2700,3.2446,3.2212,3.2041,3.1843,3.1682,3.1204, &
      &          3.0981,3.0642,3.0261,3.0132,2.9748,2.9436,2.9436,2.9150, &
      &          2.8872,2.8608,2.8103,2.7815,2.7266,2.6580,2.6389,2.6658, &
      &          2.6077,2.5273,2.4963,2.4436,2.3843,2.3433,2.2876,2.2241, &
      &          2.2073,2.1753,2.0781,2.0063,1.9177,1.8269,1.7681,1.7034, &
      &          1.6182,1.5354,1.4416,1.3613,1.2632,1.1406,1.0688,1.0549, &
      &          1.0981,1.4009,2.0603,2.9538,3.6738,4.1199,4.3296,4.3645, &
      &          4.2060,3.9180,3.6643,3.6108,3.8562,4.3303,4.8415,5.1645, &
      &          5.2898,5.2663,5.0395,4.7131,4.3552,4.0908,3.9076,3.7451, &
      &          3.6118,3.5640,3.5168,3.4121,3.2900,3.2374,3.2002,3.1443, &
      &          3.0471,3.0361,3.0022,2.9241,2.8777,2.8921,2.8428,2.7830, &
      &          2.7153,2.7371,2.7651,2.7351,2.6992,2.6470,2.6016,2.5437, &
      &          2.491,2.459,2.3728,2.3713 /)
