0.2005652 1.0206012291096037e-06
0.20152520000000002 1.2298831021141078e-06
0.20230985 9.054495856919953e-07
0.20330965 1.930554877141985e-06
0.2044544 1.8911796775355674e-06
0.20550335000000003 2.475832070850612e-06
0.20661210000000002 3.95397631997158e-06
0.20768095000000003 3.747635730416258e-06
0.20872640000000003 5.4533112754425115e-06
0.20980795000000002 5.223352759316941e-06
0.2110196 7.3635167932270075e-06
0.21233285000000002 1.4255030343445704e-05
0.21345760000000003 1.6526961563136732e-05
0.21465765 1.124886235990098e-05
0.2160321 1.7974843754035178e-05
0.21734874999999998 2.2468871745902683e-05
0.2185737 2.2940027029315327e-05
0.21970805000000002 3.284592360014967e-05
0.2207161 4.9357983316139114e-05
0.2216609 4.350708090859791e-05
0.22266070000000002 5.9778802274894483e-05
0.22383775 0.00010088181574488165
0.2249372 0.00020212272513511263
0.22595630000000003 5.1836999724164566e-05
0.22710475000000002 9.43329778020683e-05
0.2282595 0.0001347540680810548
0.2293014 0.00022472303274009644
0.23020625 5.41694803478606e-05
0.23092640000000003 0.0001666699774895613
0.23160960000000003 0.0003792065242987424
0.23238625000000002 0.0002584220312675205
0.2333184 0.0006795824099827905
0.23437315000000003 0.0005290204652338999
0.23536790000000002 0.0002974725487504271
0.2363577 0.00048144865660405454
0.23743245000000002 0.0005459547825234936
0.23861055 0.0010140670730498565
0.23979195 0.0010907430908569376
0.24098345000000004 0.0017810662621640305
0.24219895 0.0015778721765398484
0.24337615 0.0030734825942592683
0.24441090000000004 0.003740473263980825
0.24543565 0.004553133486130182
0.24648040000000004 0.0022581535049885516
0.24760015000000002 0.002157227364581052
0.2486849 0.00046652621388053106
0.24954765 0.0021954704275540405
0.250226 0.0037993163402637526
0.25090510000000005 0.003833501382923732
0.25177805 0.0030319122521655236
0.25271735 0.002554236959125342
0.25368375 0.007468270443194759
0.2546335 0.006861746745057654
0.25554090000000007 0.016627064875894645
0.25657465 0.011829808485953127
0.25775275 0.0161563690318042
0.25906745000000003 0.01898601672884356
0.2603957 0.031312442210741
0.26171915 0.030014232267329535
0.26313410000000004 0.05315055642238034
0.2643162 0.04565247709159309
0.26539095 0.050183231488047514
0.2665132 0.05035333253667604
0.26754755 0.058333908982129784
0.2686157 0.07617678279850384
0.26983495 0.070694151909183
0.2711646 0.06663147336972955
0.27244425000000005 0.04166617706789074
0.27364900000000003 0.05777435727837285
0.27481374999999997 0.06887699607001171
0.27609340000000004 0.10770237969558563
0.27739225 0.1317576823210611
0.27867074999999997 0.13113762353118216
0.27983250000000004 0.0786138861445439
0.28099595 0.150601250968516
0.28226695 0.1416490883454896
0.28344575 0.11485551592599678
0.28453135 0.058361495119937046
0.2855461 0.03845502045923563
0.28661585 0.1609255140029048
0.2875806 0.2872661302667259
0.28833739999999997 0.44726957094163855
0.28900025 0.5625949647563229
0.28969075 0.7016614637855203
0.2904184 0.8518070894438328
0.2911577 0.7651267127438217
0.2919368 1.2996959406347526
0.2927759 1.04253929622529
0.29370910000000006 0.6820401071932033
0.2946089 0.6708021174217335
0.2953901 0.7243207570174122
0.29626260000000004 0.8875810513886956
0.2971673 0.48787505339385906
0.29800565 0.9032739668414724
0.29887325 1.0200951666474238
0.29978720000000003 0.5704302190708805
0.30061360000000004 0.7518456449856447
0.30122275 1.1805760702438464
0.3019816 0.48029395291120697
0.30280585000000004 1.2829277749684806
0.30345585 1.3927347562623913
0.30419070000000004 1.4520655806368572
0.305029 1.0512318345510514
0.3060782000000001 1.8966954240029446
0.30717575 5.111483959290564
0.30818300000000004 2.7925100372632103
0.30926025 2.4597679950880433
0.310275 4.096547377569339
0.3112619 15.13619794416419
0.3122745 34.58571345535183
0.31318425 16.01358472370568
0.31419895 37.23869217767378
0.31526605 140.67346905387393
0.3162555 155.23346144917235
0.31708464999999997 240.21570575555043
0.31801805000000005 105.26809352883237
0.3190528 31.536707212960202
0.3199324 26.15413550870316
0.3208717 165.42509565035056
0.32184205000000005 62.21252351146802
0.32278090000000004 29.735678368942462
0.32379995000000006 30.454337417641913
0.3249489 104.48773726041311
0.32617300000000005 346.3127178207902
0.32729070000000005 114.41681204252934
0.32837045 215.92407242300234
0.32950015 262.1301719818491
0.33054345 72.82501049365975
0.33151865 119.95213763129459
0.33248715 374.54309543198184
0.33339825 555.666814565848
0.33429050000000005 273.12271168009613
0.3352752 139.94192388693324
0.3362288 52.87525827390768
0.3370982 15.81349878880097
0.33799755 43.6336768958793
0.33895770000000003 30.195631890787958
0.3400189 67.60808155901155
0.3410835 32.66477184856382
0.34218685000000004 34.725995092998204
0.34334155 23.727224551327936
0.34447245000000004 12.88291903526004
0.34553245 26.014820174163184
0.34656655000000003 20.359269135339844
0.3476055 24.63761922337136
0.34873665 30.145720813768303
0.34975860000000003 29.39968472654184
0.35069970000000006 48.75789635750261
0.3517572 31.985625215312336
0.35288305000000003 54.32182353601048
0.3539361 213.49231094596064
0.354908 138.99590941461756
0.3560068 96.8013242362931
0.3570689 39.07896713445329
0.35819775000000004 25.481109523736993
0.35938495000000004 29.855547166883333
0.3603272 31.802884296199565
0.3610295 40.30674979611883
0.36169685 61.48136609363621
0.3624117 119.57347819951892
0.36311899999999997 104.59531904638355
0.36379880000000003 203.00277220781246
0.3644403 128.16525911400285
0.365111 104.21590085556865
0.3658233000000001 299.087521860333
0.36644075 270.9356537863537
0.36704805 174.20298894336005
0.3677028 86.72650693081175
0.3683476 88.77713360074195
0.3690093 144.8531453391159
0.3696748 165.33312132464096
0.3703521 74.01453172104982
0.37101445 70.72720630259319
0.3717028 41.4499624307914
0.3723941 43.85423675054895
0.37304590000000004 52.62443112796091
0.37368235 26.285404217940354
0.374324 42.581927098653736
0.37497590000000003 49.925101024341444
0.37562325 111.18968136838193
0.37628765000000003 153.99717655765377
0.3769618 221.75875693451337
0.3776127 290.1243480774843
0.37831000000000004 354.9766836819986
0.3790467 287.37548058728055
0.37970370000000003 198.027102811332
0.38034545 393.5029850627807
0.38107290000000005 298.44381461109487
0.3818089 145.99001553751785
0.38253225 81.55897267917555
0.3831454 196.24072923122824
0.38365115 229.588198336205
0.38422850000000003 230.37244457892126
0.38482505 212.41067733295688
0.38538165 116.03228774422253
0.38599805000000004 51.16835456912853
0.3866554 166.266907807111
0.38728969999999996 197.58285382358804
0.387925 115.61277641821711
0.38854995000000003 93.02649367430953
0.38917125 191.47056693793976
0.38985780000000003 110.91841488279401
0.39058590000000004 230.36554905003726
0.39129915 382.6663399778059
0.3919465000000001 171.18001846796025
0.3926113 115.94397758346814
0.39336859999999996 230.99105684920548
0.3941256000000001 182.73970241314416
0.39481720000000003 227.6709901107662
0.3954381 286.90326218132935
0.39610485 117.56796553821546
0.39678270000000004 295.1931988121404
0.3974281 527.9837100637836
0.3981049 681.0256203887702
0.39880220000000005 795.5974114747503
0.39950450000000004 985.5934851704762
0.40018430000000005 1126.710036064331
0.40086415 1164.4347787802865
0.40153400000000006 1437.7171005828197
0.4021738 894.2064008017584
0.40282115 380.59041843361234
0.4034285 200.16399516431846
0.4040051 781.4831767504913
0.40455840000000004 446.2419149650153
0.4051405 1402.3634593622742
0.40574920000000003 1708.2207586199256
0.40630775 1166.22134810248
0.40686760000000005 1629.290701328056
0.40743325 1501.9899361308771
0.4079823 1776.0377037888811
0.40849680000000005 1980.903640341831
0.40905330000000006 1617.7489151352725
0.40957435 1769.4685703830683
0.41008920000000004 1328.1664527627881
0.4106692 1347.9617263978391
0.4111832000000001 1031.241946764973
0.41173775 1149.1450443800416
0.41233115 1176.012944338082
0.4129022 1084.6704613469021
0.4134936 953.9301912980326
0.4141382 974.586105104396
0.41481140000000005 948.3094331213813
0.41544534999999994 921.1525807971641
0.4160952 867.3354851705834
0.416785 778.0026967990419
0.41740730000000004 647.2271390996534
0.41802715 642.4266233766481
0.41866085000000003 585.3620621399241
0.4192718 515.5652257180096
0.4198561 463.37437714746005
0.4204926 375.75004476726366
0.42119740000000006 293.10746018518245
0.42183115000000004 193.8218763554939
0.42237040000000003 101.21008282877409
0.42293315000000004 90.8861981509277
0.42351465 210.11199338407044
0.42402215 302.7721371088196
0.42456855000000004 387.75506816360326
0.42518025000000004 325.70528555995435
0.4258008 453.3552462569926
0.42641245 649.607418276586
0.42703175 590.0840478350646
0.42755675000000004 311.45298930183884
0.42802830000000003 730.6804595255312
0.4285706 716.1804389654151
0.42908175000000004 431.5481793089272
0.4296341 958.959258470628
0.43024130000000005 1100.8158659445548
0.430782 1086.371771927867
0.43130315 1450.5718652662092
0.4318722 1472.6539022537277
0.43246375000000004 1528.3169365775723
0.4330132 1928.2388191095288
0.43349555 2040.0607168490506
0.4340254 1806.0212534198142
0.43451515 1950.0333803943254
0.43502265000000007 1981.6275209387022
0.4356093 2344.822730564439
0.43623730000000005 2598.3219215493054
0.43683715 2966.5531304173614
0.43738205 1926.563769452275
0.43796440000000003 2078.898534370266
0.43858670000000005 2362.6491961779116
0.43923155 3073.587778774383
0.4398714 3371.879367612262
0.44056805 2375.100729656769
0.441241 4295.374472122437
0.44186335 4638.624526282674
0.44249075000000004 2088.1926099455777
0.44308555000000005 2998.0779645554794
0.4436579 2547.0189976402844
0.4442552 3732.3679056142
0.44483005 5668.7416271519405
0.44543895 2833.2299122047325
0.44614469999999995 2702.9669510007375
0.44676704999999994 3794.17496659739
0.44734285000000007 5092.680104533618
0.44795425 4923.32024297138
0.44855090000000003 4967.981934438256
0.4491689 6158.762976500536
0.44980860000000006 5961.250083050317
0.45047820000000005 6132.459699568226
0.45114905 5438.5603765628375
0.45178820000000003 6116.2329143463485
0.452473 6776.880416327205
0.45314785 5896.339540246858
0.4538052 7685.789736802094
0.4544549 6477.493405881395
0.45508250000000006 5556.910399138458
0.4557797 9220.283961785868
0.45647200000000004 9605.120966707227
0.45718430000000004 12819.7924261251
0.4579241 6727.920761658459
0.4586464 4240.953342764221
0.4593187 3076.289608833557
0.45995015 4845.793164562373
0.4606059 4060.2601069643315
0.46124490000000007 6823.9384452958075
0.46185230000000005 8877.58419393633
0.46249555 7571.754572374751
0.4631602 3777.417356548765
0.4638025 4594.200402101167
0.46444035000000006 5103.491476104852
0.46510515 6177.886776631312
0.4657845 8832.734991172318
0.4664593 9148.611828481466
0.4670612500000001 4317.308823441478
0.46758540000000004 6505.656606191584
0.46816045 5200.2504890878
0.46882120000000005 9292.109016262322
0.46947350000000004 13444.892600034931
0.47005395 13479.977304481188
0.47064570000000006 16505.76111924574
0.47128055 13277.972295705957
0.4719679 8596.771711546287
0.47272520000000007 14978.161081804941
0.47346 14628.385598722576
0.4741208 19155.936493989047
0.4747438500000001 20086.033327923848
0.47534695000000005 21581.77515085402
0.4759643 8225.209940451727
0.47664160000000005 2671.9591843583476
0.47729720000000003 3669.7984755529196
0.47791145 4991.612836198534
0.4786036 5183.545028948698
0.47933590000000004 5528.84981522848
0.48004320000000006 4780.4803085979775
0.4807505 1855.3667435401767
0.4815003 2552.143005825726
0.48227510000000007 4124.246132114912
0.4830399 5703.658764614978
0.4838097 8070.297733711643
0.4845345 8041.869013685099
0.48520430000000003 3666.440094806027
0.48580670000000004 5022.128910606404
0.48636655000000006 5649.115497521382
0.48693390000000003 10564.496704174988
0.48758770000000007 9277.004800474651
0.48834350000000004 17843.23510913526
0.48905580000000004 24121.06965479752
0.48971560000000003 21211.529232102886
0.49036795000000005 22741.106271741693
0.4910809 30723.632669090886
0.4918251 45866.399010210785
0.4925375000000001 39551.7815440491
0.49325969999999997 46623.08466319802
0.49396304999999996 23858.858462391494
0.49467700000000003 50791.43362221995
0.4953791 25988.596014893774
0.4960839 3322.381780603678
0.49677875000000005 5268.742068150667
0.49747360000000007 6053.338716946248
0.4981708 6839.559816954595
0.4988332 8674.74674590009
0.49946805000000005 7232.895895198987
0.5000904 5042.778271869596
0.5007552 4508.48845326867
0.5013825000000001 3552.2876961152833
0.50201735 5486.56670170721
0.5027272 7809.553068607843
0.5034495000000001 10692.537707105514
0.5040943 7179.031681079286
0.5047140999999999 8645.369906035827
0.50538895 6025.911571657333
0.5061362500000001 7385.094170494896
0.50690105 9021.35826983173
0.5076284 8444.782330772767
0.5083657 6228.177211183245
0.5091435 8693.143666749253
0.50987775 8810.25457569086
0.5105651 8076.453398183752
0.5112674 7494.977684835536
0.5119297 7402.333880272117
0.5126120000000001 5914.729599886628
0.5133018500000001 7734.756069555786
0.5139417 7088.94624468641
0.5145915000000001 6626.054732717087
0.5152888 7199.406128242389
0.5160286000000001 7032.799462607332
0.5167409000000001 3515.836526499174
0.5174382 2888.078953457644
0.5181655000000001 3683.800841051888
0.51885535 5465.328517957431
0.5195827 6012.509760188873
0.5203475000000001 6327.852391673659
0.52111475 4952.046192417482
0.521912 20292.73651609802
0.5226968000000001 19605.582315232255
0.5234691 27034.411771878837
0.5242364 17580.547500642948
0.5249787000000001 16238.277307585338
0.5257210000000001 23765.206837902337
0.5264558 11827.204981552966
0.5271856 11104.60116254955
0.5279503999999999 23191.563702902215
0.5287127 32348.591571462286
0.5294449999999999 27368.55057639891
0.5301973 37337.75112903371
0.5309273999999999 34007.23312166494
0.5316244 26093.696635822325
0.5323567 20478.193217764867
0.533094 15294.344025909882
0.5338163499999999 25174.54888927686
0.5345162 24715.43398328404
0.5352594500000001 40557.72598845848
0.5359580500000001 24192.40162998772
0.5366023499999999 22156.64047356165
0.5372954000000001 18428.527115392277
0.5380077000000001 31763.43006829001
0.5387223000000001 41480.23880175401
0.53946385 18756.78646347904
0.5401996 23749.849356246035
0.5409255 17729.211603676256
0.5416942 35571.34792254712
0.542484 30052.29510990484
0.5432038 13363.572879023322
0.5439210999999999 34300.48261680066
0.5447184 14689.757376845864
0.5454330000000001 8778.351813133751
0.5461081 11299.52138188073
0.5467879 16169.597764939817
0.54745675 14148.491123045504
0.548184 17400.952684789907
0.5489298 19066.708318760895
0.5496871000000001 14864.039583656326
0.5504519000000001 12465.765488442936
0.5512392000000002 16032.062603098359
0.552034 18790.943246688756
0.5527838 21656.738752071553
0.5534736 12458.262382375233
0.5541609000000001 22685.834335910706
0.5548907000000001 24688.244183115272
0.5556603500000001 23960.285330973486
0.5564395 26562.79704447462
0.5571976000000001 19645.06227308557
0.5579373999999999 17168.64925483509
0.5587072 18931.198066599576
0.55949995 14883.955767528241
0.5602867500000001 14141.64322637774
0.5610815 13800.498964959605
0.5618863000000001 12340.06466064944
0.5626911 14391.207758452665
0.5634734000000001 14166.569412184062
0.5642257 14449.515595454777
0.564948 17282.48648633019
0.5656653 17874.617535383397
0.56636625 14821.44995167617
0.5671049 15895.013274421726
0.5678672 17743.937468739765
0.56852455 18166.712441724732
0.5692067000000001 19499.612292818616
0.56997415 20364.898184016445
0.57072145 19949.844221421386
0.57146105 20288.206104464716
0.57218855 20781.247496102238
0.5728909 21130.83936320016
0.5736255 21655.223927914103
0.5743630000000001 20980.46025110481
0.5750802 21369.792535209814
0.5758301 18819.85247561626
0.5766049 17933.839983546924
0.57737145 18966.98727940366
0.578137 20207.913565636307
0.57890675 20468.0096597431
0.57964905 20844.66328356102
0.5803514000000001 21099.806129398577
0.5810887 19110.022204409255
0.5818709500000001 18802.288008053038
0.5826657 18928.207635439612
0.5834355 18586.206525244466
0.5841753000000001 16839.01509801189
0.5849076 14211.038413945867
0.5856699000000001 13872.720488940398
0.5864522 12905.962585086274
0.5872023 10867.816063613624
0.5879021 8486.195652305958
0.5885916 5551.428736640664
0.5892464500000001 3866.221097168861
0.5898713 5343.728577037179
0.5905811 8315.299115557269
0.5912834 10031.704980912074
0.5919557 11634.577940842595
0.5925805500000001 12460.836265408592
0.5932204000000001 14016.036866264247
0.5939327000000001 15508.676780646756
0.5945550500000001 15439.719094381313
0.5951624 15401.785995852399
0.5958597000000001 15380.744234040518
0.5965320000000001 17140.846790974236
0.5971988500000001 17726.825735193877
0.5979059000000001 18803.863190310967
0.5986514000000001 20733.552950427966
0.59942465 21326.737966749064
0.6001635000000001 21677.489401208924
0.6008858 22673.909085262374
0.6016306 24407.207182497015
0.6024204 26773.284278348987
0.6031877 27947.577308850967
0.6039075 28599.883349540243
0.6046664500000001 30557.33370250792
0.6054396 31717.554806657445
0.6061919 33337.637795531686
0.60692485 35693.03970400385
0.607604 39203.47533598385
0.6083163 43029.917260843606
0.6090536000000001 35863.21960129709
0.6097809000000001 37472.14659120316
0.6105032 36061.66981865594
0.61123055 40072.24810315997
0.6119778 38754.152287693825
0.6127275999999999 45599.077419984664
0.6134974 48218.13123387916
0.6142572 51430.52219130198
0.6149745000000001 39454.334691208285
0.6156643500000001 30028.743649805874
0.6163267 18233.032463768504
0.616994 22178.279715406414
0.6176963 21688.99856342571
0.6184486 20907.40661768362
0.6192484 17364.557470615793
0.6200457 19514.554703033034
0.6208113 22503.03894554975
0.62152225 17736.569732830132
0.6222533000000001 17262.69293037013
0.6230199000000001 16444.06103556519
0.6237622 17817.267799395788
0.6244445000000001 18812.892354219475
0.6251468 21871.41152247146
0.6258041 24549.023062368226
0.6264439 25473.614575395855
0.6271787 26388.093870842375
0.6279260500000001 25285.04511649695
0.62866085 29622.8946381443
0.62941565 28100.720251338604
0.6301486999999999 32010.53168244183
0.6308877500000001 34900.57027463547
0.6316325500000001 38795.36824004438
0.6323773500000001 34118.70703368232
0.6331106 38563.69560879484
0.6337695000000001 43904.84886118754
0.6344009500000001 45314.80019259921
0.6350679 39253.38479360812
0.6357505 30551.02684283124
0.63645875 32227.722112514133
0.637221 35080.3048640319
0.6379533000000002 32278.910200046903
0.6386951000000001 30469.518748390154
0.6394754 37964.69960366603
0.6402127 41953.826993329065
0.6409325 52374.316425381025
0.6416773 48146.41753178632
0.6424221000000001 41701.1047446607
0.6431519000000001 50197.58126938569
0.6438967 55123.77129652087
0.6446890000000001 64872.32244659211
0.6454213 61891.62102117875
0.6461211 63286.50736008309
0.6468459 87717.91785213405
0.6475832 62668.70415795703
0.64829555 43728.80556799398
0.6489929000000001 50398.89276674633
0.64965865 45432.217718810505
0.65031 51663.09620605743
0.6510406500000001 52792.683315962364
0.6517896000000001 53361.96369288548
0.6525344000000001 63517.71640563166
0.6532617000000001 78301.58986946422
0.6540090000000001 84192.28477116778
0.6546998500000001 70387.89056492689
0.6553611 67615.76658163086
0.6560734500000001 75507.3665241181
0.6567876500000001 63857.88745444336
0.6575168 52979.82990726331
0.6582594500000001 74963.28048903984
0.6590227 85759.11406286695
0.65975085 72239.34702053352
0.6604773 82775.58320885741
0.6612346 75994.21134486291
0.6619307000000001 73812.93877110469
0.66258245 63320.95134160408
0.6632965000000001 74082.88785864992
0.6640288000000001 70870.82126465788
0.6647511 65046.50794809099
0.6654584 38438.15320532894
0.6661932 47977.17164066501
0.666963 54876.97278088289
0.66762535 55064.39006725666
0.6682527 34725.01885952653
0.6689975 40023.15326460192
0.6697723 41652.53341837527
0.6704796 34779.338103200476
0.6711769000000001 36475.46530767129
0.6718717000000001 29614.179356848654
0.6724678000000001 32640.52781569838
0.6730714 36334.354891938914
0.6737951 39631.598363751815
0.6745610000000001 39726.12000516344
0.6752883000000001 36837.53353871191
0.6760155999999999 40074.50382033249
0.6767479000000001 46698.282352098526
0.6774477000000001 49865.02036485346
0.6780975 41227.40258419767
0.6787117500000001 34837.66487878067
0.6793747000000001 40659.53908909863
0.680057 42938.79472230229
0.68072625 46332.698040388444
0.6814197500000001 43683.731177292815
0.6821314 46512.763753818326
0.6828012000000001 50692.83631311721
0.6834785 49200.97410858505
0.68422835 52824.5436943325
0.6849731 46144.393653434796
0.6857054 43788.64777941745
0.6864792000000001 46518.97612246087
0.6872225000000001 49159.27445308677
0.687949 49522.37241920885
0.6887096 45726.08959470499
0.6894744 50797.02905301396
0.6902392 49794.32755909362
0.6909215500000001 59229.849305668315
0.69161885 53277.872395905295
0.6923374 61407.92102257315
0.693021 62516.200068995044
0.69375715 63794.80463370683
0.6944931000000001 74360.97825431087
0.6952354000000001 81679.17964824822
0.6959952 87334.88185800162
0.696745 80163.42133458305
0.6974373 91288.07600799002
0.6981071000000001 99473.82859392806
0.6988569 93672.91189799673
0.6996567 99521.44824956452
0.700439 102474.37272200288
0.7011863 110190.18883252073
0.70195355 128447.16138459748
0.7027433000000001 166239.25394290386
0.7035106 168147.54008189338
0.7042929 289413.85424955783
0.7050977 276214.5839469457
0.705905 57006.11661521322
0.7066623000000001 65806.4266648176
0.7074021 85176.94314012842
0.7081744000000001 92854.17997561826
0.7089442 55013.62257078254
0.70971145 45053.476816833805
0.71049185 55112.90103001648
0.7111710500000001 65169.33719239961
0.7117284 71164.62326724226
0.7123557 61461.535300783835
0.7130531 38133.67526428237
0.7137754000000001 39401.661748121165
0.7145301500000001 46432.48073448181
0.71530775 53657.342947503355
0.7160872 51309.72937778041
0.7168345 55705.16992378752
0.7175793 62376.75808057263
0.7183303000000001 74697.45333244468
0.71908245 87244.91872778127
0.7198637000000001 66719.00747426214
0.7206735 59640.448827919856
0.7214458 73299.70052042954
0.7222006000000001 84860.8279879569
0.7229429 88647.80576389634
0.7236427000000001 103156.63886014327
0.7243350000000001 111395.43386680199
0.7250523 145971.90145675288
0.7258070999999999 161203.31233868163
0.7265969000000001 188019.33435819275
0.7274042000000001 142164.6998148001
0.7281090000000001 152841.54910627718
0.7287988000000001 203242.4116633465
0.7295911 257128.20526509924
0.73039335 265899.69746142335
0.73115065 307864.0791143455
0.7318954500000001 315114.1076868595
0.7326777 346823.18017011485
0.7334725 437655.09346079105
0.7342298 245637.09568156677
0.7349721 267351.1420109309
0.7357469000000001 291456.8730121723
0.7365267 352067.24422932527
0.737274 388689.16452815384
0.7380313000000001 284296.5031882912
0.7388261 280850.191610374
0.7395934000000001 309146.01530604734
0.74036565 247829.27541064966
0.7411329 256561.93603705283
0.7418827000000001 199924.94308208462
0.74261915 235574.42889416777
0.74329985 262815.1873768589
0.7439796999999999 237080.823119229
0.7447104 175667.76831667972
0.7454593 184811.099959437
0.7462091 198760.79299818986
0.7469414000000001 213547.6589103117
0.7476787 192008.39311361944
0.748416 205501.81306756154
0.7491283 231321.2788435526
0.7498756 262912.87112804805
0.7505749500000001 237875.66146083843
0.7512856000000001 203114.10503774445
0.7520125 230146.22133476654
0.7526873000000001 259837.1270657874
0.7533996000000001 257492.6075455956
0.7541419 284401.31908513536
0.7548592000000001 298601.3338370656
0.7555689999999999 325070.6775993988
0.7563213 343497.522826324
0.7571086 299375.331200313
0.7578534000000001 315132.8856505184
0.7585741 286937.7033703002
0.759293 173850.88458668962
0.75994535 196874.45684237726
0.7605827000000001 198661.25892647638
0.7612925000000001 199643.49924496494
0.7620548 210169.49638064715
0.7627396 144361.283397857
0.7634325000000001 124830.59824197747
0.7641717000000001 114170.22878425938
0.7648615000000001 103092.27156937095
0.76551385 86446.24088919788
0.7661937000000001 51405.83657961076
0.76695095 59027.81851641771
0.7677107000000001 81643.51893713052
0.76843555 89072.34764106356
0.7691343 82703.50836778895
0.7698516 50398.0828013742
0.7706200000000001 81462.02282746638
0.77141225 105583.88873657044
0.7721645 127887.84104708709
0.7728643500000001 155789.13309688956
0.7736091500000001 186180.6972442339
0.77434895 182171.57464383938
0.77509625 157481.52319994246
0.775841 160862.82794294707
0.7765408500000001 190254.97814277073
0.7772507 204492.93535501548
0.7779630000000001 216916.4116101357
0.7787053 194712.2596778103
0.7794786499999999 222517.34428114974
0.7802324 188240.5160662694
0.7809597 296409.0746848446
0.78170695 336206.41809721146
0.7824942 278979.6521115866
0.783294 244499.29626152376
0.7840338 251285.2329660476
0.7847261000000001 299454.18444956734
0.7854783999999999 335029.4054089531
0.7862407 310681.56691488187
0.7869605 326579.6888798854
0.7877003 405952.3174032353
0.7884801 446278.3079025154
0.78925555 457108.71412511077
0.7899897 450710.4946839785
0.7906920000000001 387487.2094884846
0.7913918 315324.9148351389
0.7921064500000001 361591.87984922674
0.7928389 380031.01262084075
0.7935912 425998.88432047376
0.794316 379927.04327339656
0.7950333 345666.6272787336
0.7957605999999999 518424.6703999662
0.7965029 542593.7642073571
0.7972824000000001 495135.74497026415
0.7980025000000001 486182.8149080849
0.7986923000000001 490401.0363038195
0.7994221 510250.4827106459
0.8001944000000001 568070.553263318
0.8009642 526598.2307282457
0.8017215 583876.0868611368
0.8025038 625100.4689922361
0.8032836000000001 636416.445375305
0.8040534000000001 687217.9149781332
0.80473285 526345.8221360471
0.805373 630241.4430120849
0.8060603500000001 702683.9999999992
0.80677515 717828.1202433059
0.8074899500000001 689976.6129055403
0.8081098 815195.9700763987
0.80875485 878564.5260941081
0.8094919 947995.8520003973
0.8102217 975551.3144547992
0.81096215 966645.6586383928
0.8117013 936605.1252466001
0.8124020500000001 1023040.3779910981
0.8130959 1181610.5341526605
0.8138432 1219860.7703777927
0.814593 1242907.3403804807
0.8153048500000001 1296994.6306764148
0.8160301000000001 1175543.9887639987
0.8167823999999999 1243051.8112896036
0.8175247000000001 1026075.5361368825
0.81821455 482265.98176936916
0.8189019 683167.1824631235
0.81959325 357671.62201106834
0.820289 712569.6732427162
0.8210138 830381.9570831645
0.8217136 939933.685129795
0.8223909 1059239.2629533492
0.8230957000000001 1119899.072019879
0.82378035 1216577.459851063
0.8244652000000001 1240285.2642972937
0.8251752000000001 1115847.1431345697
0.8258725 1165607.8049452975
0.8266178 1134416.0184623364
0.8273796 1039542.6527629101
0.8281219000000001 995144.0814687521
0.8288267000000001 982386.3955745407
0.8294815 985941.2640196331
0.8301588 901755.249007117
0.8308461 974333.5197116139
0.8315709 989625.468261076
0.8323232000000002 939426.2922561934
0.8330680000000001 944937.0415137465
0.8338303 963215.0777476936
0.8345426 937041.6132670636
0.8352349000000001 924183.8233079724
0.8359499 1029865.3221628184
0.8367045000000001 962350.0440733676
0.8374518 887814.4117481523
0.8381891000000001 802885.8953578314
0.8389289 715192.5453648438
0.8396832 907887.874500423
0.8404484999999999 1051765.0458233482
0.8411833 911422.7604081635
0.8419181 941247.0841444741
0.8426904 789406.4652678047
0.84346585 449697.4050397017
0.8442075 383500.0553528602
0.8449273000000002 273891.41272190737
0.8456821000000001 211759.54680183379
0.8464693999999999 225987.46641715567
0.8472592 239463.6351865408
0.84806895 286958.7389222045
0.8488787000000001 321789.2883527729
0.849651 320235.0341307995
0.8503708000000001 341367.49098326586
0.8511281 295464.1429799338
0.8519204 254283.26240698577
0.8526952000000001 304476.7414719584
0.85346 293435.76743892074
0.8542086000000001 322917.21119881154
0.8549821 386890.0669110605
0.85576685 431347.13650452445
0.8565041500000001 423856.8256796238
0.8572265 471042.28987640457
0.8579663000000001 461418.75993545656
0.8587063500000001 403267.2338654449
0.85945585 391598.25831444963
0.8601414000000001 402447.391408516
0.8608205000000001 438387.7428550822
0.8615528000000001 461913.03250873083
0.8623225999999999 522699.10132137337
0.8631099 434570.51542333054
0.8638647 472092.58948714123
0.8646045 513711.19944935286
0.86528135 462951.398206446
0.8659494 460228.2759598029
0.8666564000000001 493539.131109004
0.8673687000000001 435698.99829880975
0.8680705 453623.2800388592
0.8687332999999999 424434.9490825978
0.8694051500000001 486668.39660748525
0.8700568500000001 449356.3249881034
0.8706678000000001 527828.814897473
0.8713025999999999 513911.05083001556
0.8719899500000001 540229.980419647
0.87272975 617385.9934591078
0.873487 614335.9781820867
0.8742268 607874.2275779723
0.87489415 576276.0805133935
0.8755765 711639.1522973668
0.8762738000000001 767427.1177355704
0.87693455 704616.9566053883
0.8776584000000001 792396.1597758147
0.8783832 841019.5259230133
0.8791230000000001 941156.5214155167
0.8798628 979436.5190196029
0.8806026 964757.1931265186
0.8813574 969803.5052719305
0.8820697000000001 925134.2601466165
0.8827794999999999 893258.7506803186
0.8834743 1167155.6550843066
0.8841916000000001 1203468.4360730713
0.8849664 1234550.3234165162
0.8857237 853413.3663401313
0.8864110000000001 770268.1174586685
0.8871158000000001 510738.8104000448
0.8878731 682949.052363062
0.8886129 690677.5885475744
0.8893527000000001 718486.9651578665
0.89003755 823429.4881875523
0.8907224 931514.5565250784
0.8914597 954390.3473235907
0.8921854 961593.4314875855
0.89288745 1085747.2879594434
0.8935856 893935.5474889415
0.8942914000000001 766204.3837896704
0.8950012 840656.3845198394
0.895731 942472.8459318739
0.8964708000000001 968988.7307330861
0.8971906000000001 1050470.4816255283
0.8979104 1063833.6825994153
0.8986502000000001 1214321.1774973003
0.8993724999999999 1247133.1928010762
0.9000948000000001 1120698.6216432173
0.9008321 1328657.836780143
0.90151765 1180217.4956341202
0.9022217000000001 1109227.669004564
0.9029739999999999 1158941.7042159885
0.9037213000000002 1300316.196630605
0.9044686 1343882.726168164
0.9051559 1246708.6549705768
0.9058057500000001 1226592.113076333
0.9064398 1365821.7319585893
0.9070904 1306514.6638490157
0.9077952 1468611.9831640937
0.9085025 1368852.1371009643
0.9092091499999999 1396787.0280274772
0.9098921500000001 1592524.3850936214
0.9106119500000001 1488609.4242930505
0.9113817 1723963.5699530991
0.9121365 1607053.4882523317
0.9129113000000001 1689538.9831860429
0.9137036000000001 1608145.4880740999
0.9144509000000001 1729567.979443021
0.9151632000000001 1642904.5562124774
0.9159205 1755690.5541231476
0.9167303 1873796.4242756667
0.9175051000000001 1662924.6162059903
0.9182449000000001 1810553.7976637562
0.9189997000000001 1904643.8642230725
0.9197545 1890691.9817396721
0.9204843999999999 1633079.9312417817
0.9211916 1299186.1593216246
0.9218664000000001 1280152.693117287
0.9225537 1108531.9152210297
0.9232253 921900.066222947
0.9238658500000001 1038880.1981357458
0.92451715 1063610.558355229
0.92518975 959779.9852418697
0.9258478000000001 1090950.5888284035
0.9264105 1139088.9389439987
0.9269982000000001 1169145.6513219394
0.9277141500000001 1029711.6005203513
0.9284249 1102801.5468652812
0.92913705 851262.9211865703
0.9298792 851593.0306335922
0.930574 869480.3495882313
0.9312638 943143.4442095383
0.9320186000000001 895664.5673003886
0.9327384000000001 957903.3025162183
0.9334607500000001 1030839.4880936153
0.9341908999999999 1133441.3209279664
0.9348429 981179.6743614
0.9355372 1100987.9566012889
0.936275 976721.7806124133
0.9370498 1018329.8054738457
0.9377896000000001 994068.7869737406
0.9384594 1099271.8558087982
0.93907765 1040648.0667369231
0.9397304 1072849.8870622548
0.9404688000000001 1156575.637956357
0.9411736500000001 1260261.8437544068
0.94191345 1212734.8056952392
0.9427032000000001 1276993.0186498647
0.9434086500000001 1262899.2795649297
0.9440453500000001 1238797.5819658334
0.94476895 1203680.1415731462
0.9455425 1307091.2641654343
0.9462504500000001 1275000.3339452147
0.9469571000000001 1347456.2485025625
0.9476894 1457407.6767366698
0.94844845 1452805.9218610818
0.949154 1532745.4290403118
0.9498588 1496236.9466531877
0.9506161 1527667.999463018
0.9513534 1460453.6408491505
0.9520732000000001 1569132.1686388399
0.9527955 1584039.270945544
0.9535528000000001 1547340.1019492934
0.9543101 1389483.2097205098
0.9550449 1565597.3448558813
0.9557622000000001 1649227.760636418
0.9564745 1648749.9438467145
0.9572029500000001 1724234.4688810937
0.9579390999999999 1759184.5367885788
0.9587139 1760276.7366225815
0.9594712000000001 1610560.5593121818
0.9601710000000001 1370810.9624176028
0.9608883 1741344.1709185697
0.9616231000000002 1761316.62969501
0.9623404 1840656.6927304168
0.9630277 1693653.2120627712
0.9637675000000001 1113236.2818484423
0.9645248000000002 1396880.3240346534
0.9652421 1687969.6203049235
0.9658917500000002 1902568.0783288868
0.9665792000000001 1811098.4008395667
0.9673665 1262183.2486446209
0.9680905 1648523.8899318597
0.9688136 1631254.7736600707
0.96946595 1904883.254813862
0.9700933 1760056.8813373412
0.9708031000000001 1404783.6509713617
0.971512 1850081.4100273612
0.9722002000000001 1798891.4309715696
0.9728725 1202715.783938267
0.9735723000000001 1699674.9528036034
0.97420715 1259435.7871554543
0.9748695 1660091.6579495575
0.9755943 1711183.827000704
0.9763391000000001 1825409.5800193409
0.9771214 1510207.6058719412
0.9778687000000001 1661269.2263197664
0.9785416 1150832.6209340217
0.9791958000000001 1724696.9049000503
0.9799206 1884913.597687423
0.9806579 1977873.2883323755
0.9813577 1685595.7930341142
0.9820561000000001 1825554.5435395883
0.9827623000000001 1768018.0859814123
0.98341215 1644765.2364023325
0.984102 1807062.9937564419
0.9848967500000001 1837290.9604763738
0.9856715 1912051.7743017206
0.98635885 1913143.917799307
0.9870112 1874637.388114458
0.9877172000000001 2022595.7447805833
0.9884233 2020205.359061977
0.98907365 2053121.0505712295
0.9897429 1402111.3493239419
0.99043025 867561.6430582745
0.9910376000000001 893937.9933612082
0.99165565 851137.7083514476
0.9923522 841660.3201606985
0.9930545000000001 1086869.8334278162
0.99379295 1333162.0309894334
0.9945290999999999 1294336.707973525
0.9951864500000001 1427857.2160662077
0.9958391 1313554.718339561
0.9965061 1625390.186288229
0.9971234000000001 998488.5959143926
0.9977782000000001 1355168.8416110696
0.9985430000000001 1129164.7176605216
0.9993353 1186178.2451269687
1.0000576 1404753.1917604378
1.0007749000000001 1167728.0987272123
1.0015097000000002 1382108.7085086936
1.00218205 1172962.1569235057
1.0028319 1330074.854679279
1.0034792000000001 1140548.7273369485
1.0041706000000001 1413131.4739046297
1.0048888 1184145.2278195003
1.0055661 1024782.6878336399
1.0062359500000002 1058328.5803821217
1.0069233 1336600.8472107658
1.0076231 1475121.5417978428
1.0083579 1453170.980444312
1.0090976999999999 1241731.586785466
1.0098325000000001 1651933.4807743374
1.0105545500000002 1431508.1988158717
1.0112423000000001 1332640.6401205626
1.0119394000000002 1446761.0410754562
1.0125717 1500192.3624955271
1.01320655 1453711.0230315805
1.0139139000000001 1281852.0738667878
1.0146187 1419647.2263057297
1.0153210000000001 1471437.536982595
1.0160708 1312883.6627902917
1.0168241 1388167.412387801
1.01751245 1684302.6508384533
1.0182020999999999 1242991.2854112608
1.0189225 1527711.6330560045
1.01964845 1497828.7967506258
1.0203911 1532805.234213574
1.0211744 1584630.4982491888
1.0219317 1273635.5896108625
1.0226264999999999 1484703.4300539487
1.0232788 1597018.2510155262
1.0239486 1803756.2444348927
1.0246709 1535171.3171992502
1.0253932 1159152.1678645557
1.0261155000000002 1070579.380303074
1.0268728 1304196.724544792
1.0276651 1174354.645802335
1.0284399 1244262.2118688114
1.029162 1374992.2258246592
1.0299151500000001 1210091.8696951014
1.0307018000000001 1640425.7063996214
1.0314866 1341513.799450286
1.0322539000000002 1380300.5461863698
1.03301865 1480197.1613816551
1.0338009000000001 1284009.6156710442
1.0345757 1291022.1527316174
1.03528055 1368984.8670107913
1.03596785 1687030.1920232393
1.0366977 1465206.2804906457
1.03740645 1863837.6258004901
1.0381423 1428124.4893521338
1.0388518 1430201.9122592665
1.03953995 1305742.1408673725
1.04020435 1792115.481561024
1.0408940000000002 1638024.4056896623
1.0416588 1570498.1579633746
1.0424111 1266912.8561364303
1.0431859 1524429.1408937024
1.0439782000000002 1857698.3534237097
1.044753 1728741.2929595693
1.04552775 1878277.994100739
1.0462646 1680863.800426132
1.04701485 1374692.5133583806
1.0478021 1545153.9163254583
1.0485594000000003 1744368.3888961978
1.0492992 1660681.358216574
1.0500464999999999 1718994.1682026319
1.050769 1668211.1192394835
1.0514786 1549209.608941218
1.0522309 1409941.0929725238
1.0529937 2047712.1096846606
1.0537305000000001 1730027.1747007242
1.0544578 1748247.0921051686
1.0552101 1796391.2957910453
1.0559574 1749645.4681543978
1.0566716 1533140.4132901435
1.0573869999999999 1683535.0268530673
1.0581343 1817357.7698077622
1.0588762 1666245.0806920282
1.0598072 1896244.8142011273
1.0615457000000001 1717844.9726765428
1.06385155 1896899.024208833
1.0661071500000001 1670284.7085068142
1.06829655 1789836.4669548632
1.0704834500000002 1853937.1266981354
1.07283745 1835030.9568333218
1.0749651500000001 1910958.7975205889
1.0770541500000002 2001150.136092944
1.0795234500000002 1929247.9332629163
1.0820174 2000119.0638421145
1.0845047 1983535.703026869
1.0869215 2074608.7041195643
1.08938085 2105034.210556592
1.09179015 1977213.9036205043
1.09385715 2152961.652217124
1.0958737 2000077.0578404563
1.09818845 1973296.7349858647
1.1005435000000001 2045502.4255475325
1.1029112 1838571.8416164431
1.10548645 1760380.9915203326
1.10833565 1858418.406677311
1.11121485 1849582.8233002548
1.1140341 1921626.972881157
1.1169433 1985632.0945432864
1.11965255 1910675.3330988132
1.12231185 1958888.903654573
1.12490115 2043979.091472743
1.1273738500000001 2069823.926191471
1.12949985 1910117.1670493917
1.13143935 2074385.644572592
1.1338132 1983876.052488188
1.136408 1849183.6709989007
1.1389766000000001 1327011.3915746547
1.14134665 1457631.7012679817
1.1437759500000002 1990070.2676285836
1.1464229000000001 2048926.527943269
1.1490583 2158748.8006354375
1.1517938 2160079.920840293
1.1545030500000002 2069064.7974055947
1.15712715 2163549.5100588743
1.1596739500000002 1953211.1395124143
1.1618613 2056473.8622551006
1.1639861500000002 2030663.808522119
1.1659809 2011929.2612369556
1.1679994 1517846.537180903
1.1705887000000001 1731061.331348582
1.17338795 1975597.3676508
1.17561735 1627348.4009446446
1.17773675 1082228.2203041543
1.1802153 1883113.359198584
1.1826892500000001 1950276.7364685342
1.1853346500000002 2033908.144357527
1.1881339 1849746.857072324
1.1907432 2103559.5705545787
1.1934225 2060415.9333043012
1.1964516500000002 1750854.9961527898
1.19927085 1889993.431797855
1.2020701000000003 1962348.5104898147
1.20521925 2068968.1226411725
1.2083884 2073196.9322263242
1.2112776000000003 2012050.251370741
1.2140368500000003 2127457.2185499324
1.2167961 2147374.674348086
1.2194053500000002 2084479.2935568711
1.2219625500000002 2123288.7597781555
1.2247896500000002 2168950.9505491536
1.2275817500000001 2182721.1464893306
1.2299825 2164945.3378082146
1.23245185 2125468.465713392
1.2351911000000002 2133710.6124078617
1.2378403500000001 2119573.3620448885
1.2404296499999998 1937005.4953137643
1.2430189500000002 1499485.6814788203
1.2456682 1998937.9643161504
1.24851285 2008655.337445427
1.2510870500000002 1679653.3714393943
1.2533241 1673476.3889989543
1.25575545 2023674.711678476
1.25841475 2026077.6113163785
1.26108245 2082608.160729792
1.26369335 2028116.8548040863
1.2662911000000001 2076965.3099690713
1.26894185 2066101.3942503175
1.271666 2145142.077268001
1.2742983 2051826.1138155735
1.2769733 2118451.2823816426
1.27973895 2135068.1335900854
1.28220825 2012750.7013118735
1.28474755 2016995.7704362816
1.2875668 2047858.5080304954
1.2903460500000001 1947125.974885074
1.2931048500000002 2059876.2244120303
1.2959345 2072008.7232921345
1.2989237 2091895.8921149378
1.30200285 2099387.0972396154
1.3050320000000002 2115213.379262783
1.3080612 2030370.3701270553
1.31114035 1968415.1961611325
1.3141196000000002 1909730.7734996239
1.3167488500000002 2051852.522170241
1.3194781 2064944.533534154
1.32242125 2011036.6290834965
1.3252765000000002 1981588.8522538778
1.3281857000000001 1910993.7590161068
1.33103595 1685276.9312997598
1.3337341999999999 1506935.0752347189
1.3364335 1244752.0007043022
1.3392527 1364080.832065322
1.34200195 1263361.6820658594
1.3446812000000001 1347760.8004593402
1.3474805 1221484.8062396182
1.3503897 1258488.20558708
1.3531403000000002 1207845.1171432813
1.3558103000000001 1256574.9492362272
1.3583375000000002 1211642.9985679856
1.36081685 1222451.1406383573
1.3635561 1287287.6823586554
1.36629485 1313610.033698402
1.3689528000000002 1301583.6499123913
1.3715891 1253875.787468505
1.3741631500000002 1329216.0401622602
1.3766076000000003 1343763.9280223446
1.3792043999999999 1362573.3948010982
1.382057 1328446.124840994
1.38485265 1329276.1151361149
1.3876183000000002 1357104.3590756934
1.3903349 1214502.7376628318
1.39295805 1221219.9093409306
1.3955552500000001 1198894.986633299
1.3982566 1125688.8213581177
1.40098585 1179968.1304855316
1.4036951000000002 1193805.3244139792
1.4065642999999999 1201710.1252350127
1.40934355 1124655.8697934474
1.41179955 1086652.0329873539
1.4141770500000002 1106705.6016379688
1.416766 1052610.0236146534
1.4194833500000001 1087897.3813333437
1.4222875000000001 1037183.0205184591
1.4249662 1044628.2097645053
1.42750745 987601.8531249175
1.4300879499999999 1132668.4413902464
1.4327771999999999 1009893.6492900965
1.4356764000000002 1094653.6315285782
1.4385472 1090389.0280830169
1.4410849 1043694.4923665114
1.44355425 1107657.2510650237
1.44609355 1065699.5260199169
1.4488428 1105831.4782316005
1.45149975 1168859.5940169946
1.4538278 1133859.5788756602
1.45640075 1078335.0365126808
1.4591063000000002 1191163.5170888938
1.4618275 1070473.7675753492
1.4645215500000002 1176182.113735596
1.4671278500000002 1086952.1382048207
1.4698871 1063846.1710499967
1.4725088 1141602.796455205
1.4748447000000002 1078981.7030593313
1.4771309000000001 1116123.270387474
1.479657 1122167.8011695272
1.4824736 1129172.2314207824
1.4850029 1101664.715234231
1.4874722500000002 1131097.582374203
1.49016145 1143607.872400842
1.4929608 1128599.975144339
1.49578 1135099.348232774
1.4985792 1171574.0852441806
1.5013999500000001 1118438.6341591761
1.50402775 1204029.0761926316
1.5068128500000002 1162407.4614702978
1.5097162000000002 1197224.1346250353
1.5126454 1188095.6001219067
1.5155346 1134085.2323279923
1.5183338000000002 1155680.4673210534
1.5210275000000002 1265384.4583634797
1.5237843500000001 1223001.2818193429
1.5267715000000002 1208127.0447267056
1.5296607500000001 1262648.8378650115
1.53263565 1212047.765624513
1.5355291500000001 1255441.177057909
1.5383084 1264516.2483158146
1.5411776000000001 1236556.2532579838
1.54392685 1275891.6822880313
1.5468860500000001 1279797.431714203
1.5500552 1274254.9812452253
1.5532243500000003 1312516.9467030945
1.55639345 1279022.5429931092
1.5594226 1299841.3822503218
1.5624118 1330007.317534188
1.5654709500000001 1302244.2921034405
1.5685101000000001 1352621.4052081623
1.5715792 1344865.0259603807
1.57468845 1362121.9922413556
1.5776476500000003 1356828.9060683544
1.5806768500000001 1373412.115307943
1.5839159500000002 1364884.1606578329
1.58681515 1401735.5850424166
1.58949565 1383833.0683069828
1.59251355 1390646.8069405095
1.5957527 1417811.2358861428
1.5988519 1400737.6245301485
1.6019510500000003 1422724.524868754
1.60512015 1405322.3954024368
1.60828925 1429010.7433033853
1.6114584 1417253.1716465182
1.61462755 1418737.411401855
1.6177267 1424406.2122381486
1.6206159 1413346.433502429
1.62364505 1438922.893130035
1.6267442 1439639.4040346846
1.6297034000000001 1442675.2540949923
1.6325926499999999 1443710.3404008476
1.6355518500000001 1447071.935333945
1.6383710500000002 1448132.7779079487
1.6410503 1437147.5542407103
1.6440795500000003 1460302.7128654458
1.6471087 1461008.4076500852
1.6499979 1437249.2227779524
1.6530270500000002 1450969.7932095332
1.6561962000000001 1463596.671422363
1.6594353500000003 1436745.9398299458
1.6624645 1446556.1203859248
1.6652437500000001 1465685.1518500508
1.6679819500000002 1438270.302428939
1.67058225 1435737.755328817
1.6733115 1437668.4727443785
1.6760907500000002 1438048.974534984
1.6786883000000001 1449827.0762742877
1.6814793 1435612.119398458
1.68453965 1437461.572196666
1.6875085000000003 1401449.1147032755
1.6903669 1405122.0930116968
1.69346605 1384772.7975516338
1.6964252000000002 1349297.6476362683
1.6991245 1348283.5731236525
1.7019537000000002 1353030.5427144042
1.7049029 1308373.1152657752
1.7077721000000001 1281005.4340525053
1.7106413000000003 1261826.739695149
1.71374045 1230476.3647939982
1.7168547500000002 1186263.2294567141
1.71987135 1163336.1439142593
1.722858 1189648.1153163142
1.7259571500000002 1128555.8665736737
1.7291767500000002 1165786.555495204
1.7322853999999999 1092414.6699120982
1.7353246000000002 1051299.1191330736
1.73842375 1075654.0235646097
1.7415229 1040715.9356405947
1.7445521000000002 1006401.9023563248
1.74765125 1000055.1563621298
1.7508903500000002 970513.6187289231
1.7540395000000002 940330.5386788131
1.7571886500000002 882708.2427203084
1.7603577499999998 936294.8674138072
1.76352685 894319.9158972154
1.7666960500000002 861486.7781732121
1.7697952 866363.6748846554
1.77261445 841318.1410737698
1.77543365 796590.2725786495
1.7783928 814928.7812939503
1.78140205 767162.7390885738
1.78425615 780301.8726029589
1.7869905000000004 726391.4013922734
1.7899397000000001 771930.2559579494
1.7927589000000002 741499.7675976786
1.7955781000000002 730357.0484022931
1.7985172999999999 758232.8093699404
1.8013868000000002 671440.8916754638
1.8038573000000002 742631.1788355202
1.8063052000000002 666171.0800229791
1.8091044500000004 703076.1216497156
1.8121336500000003 688976.2426589995
1.8151478 750539.319646178
1.8176721 649546.7348852793
1.8202014 636393.6964286577
1.8230906 749624.1664876922
1.8260798 647101.7333509165
1.829069 718630.1488654092
1.83216815 660524.3588567228
1.8351973000000001 687151.1392645136
1.83804765 630341.2935724537
1.84103575 673788.0720560692
1.8440749 601523.7399641047
1.8470441 573436.2456700109
1.85014325 649187.3991745631
1.8533024 585951.8862608739
1.8562016 566161.6590246599
1.8590508000000001 518650.9426513243
1.8618775000000003 575355.7602837386
1.86472925 571465.7907343466
1.8674785 589444.5726804907
1.8698789000000002 623851.0833544433
1.8721272 551257.110691772
1.8741490500000002 628622.5772031039
1.8762871 590343.0224864247
1.8785055 568389.4883929468
1.881084 628924.1695112897
1.8838640500000001 624421.7231274656
1.8864825500000002 652652.2141885394
1.88935415 619302.5328380717
1.8924216999999999 567448.0136093275
1.8954287500000002 647730.4715834325
1.8983273 631029.1738691165
1.9012419 642777.5392757636
1.9042791000000001 625575.7302456411
1.9072076500000001 651821.0077147014
1.9100369000000001 601688.6227770968
1.9129461 662442.0136109707
1.9159752500000002 630985.2908531064
1.91886445 637108.4582669704
1.9216837 626521.1623421976
1.9247828500000002 595413.1787303613
1.92767205 638408.4439104344
1.93056675 507831.2402942983
1.9338003499999998 600531.1762450113
1.9370395 595327.0456860658
1.9402086500000002 554550.8732327935
1.9431778000000002 549524.4960478565
1.9460717500000002 485116.1870190355
1.94915615 506211.7876407053
1.95224535 544952.3754181511
1.95521455 543431.6122354136
1.9583336500000001 615643.9802553077
1.9614828 560223.831920658
1.9646319500000002 573572.8187534728
1.9678710500000003 571666.8655764097
1.971024 584133.1607328501
1.9741793500000002 497811.6316414446
1.9773385 432824.3383719709
1.98008775 493058.3760592266
1.9829069500000003 518330.02097199997
1.9860761 484801.8626891658
1.9892452500000002 505092.39837684773
1.99248435 538415.6409898521
1.9957234499999998 524425.8816238361
1.9988526000000002 531561.0160074272
2.00198175 548469.676935316
2.00522085 532076.2685864512
2.00845995 536667.2814119796
2.01169915 522731.0266024586
2.01493825 541418.0441686596
2.01817735 514399.9648982956
2.0214164500000003 556134.0150961576
2.02465555 545373.3872389242
2.0278946500000004 526010.0445215778
2.0311338 549898.0635279508
2.0343729500000003 530598.1857414071
2.03761205 558577.9077199787
2.04085115 562427.8868705834
2.04409025 522733.6824123209
2.04732935 554358.7262895257
2.05056845 558197.9588229179
2.0538076 543957.1349564176
2.05704675 578820.3953697991
2.06028585 557251.9165106731
2.0635249499999997 540427.2590593142
2.06676405 574732.6822435625
2.0700031500000002 570004.9718633592
2.0732422500000003 554542.0150960858
2.07646145 578570.8697617453
2.07966055 566465.4157217124
2.08287965 577438.9754840482
2.0861187500000002 571274.8473811944
2.08935785 581230.4697616044
2.09259705 584712.8271301783
2.0958361500000002 574428.9153907007
2.09907525 592648.99610325
2.1023143500000003 591297.9670308239
2.1055534500000004 591107.020542471
2.1087925500000004 596741.0550151384
2.1120317 590612.7197931566
2.11527085 597676.2257525576
2.11848995 597061.0129850891
2.1217090499999998 602877.7111933443
2.12494815 612332.5040656207
2.1281872500000003 588046.9047435828
2.1314264000000005 613395.9597447399
2.1346655500000002 613641.550612123
2.1379046500000003 604094.8451720388
2.1411437500000003 595212.0945966454
2.14438285 630761.5640360632
2.14762195 610368.9086404007
2.15086105 601081.3388051611
2.1540802 612702.7077845271
2.15729935 618064.4712497024
2.16053845 613870.855650302
2.16377755 609980.9956737099
2.16701665 620560.3328372613
2.17025575 611576.0064588264
2.1734948999999997 611603.1599471696
2.17673405 600667.4381578164
2.1799731500000004 612020.733960353
2.1832122500000004 603115.0277838162
2.1864513500000005 604006.9118467965
2.18969045 607958.3528888115
2.19292955 601160.3871313651
2.19616875 604566.7513270361
2.19940785 606104.2349728362
2.20264695 590770.2413856369
2.20588605 566754.4192569297
2.20912515 574496.3979626836
2.2123642500000003 600666.5466540525
2.2156034 591239.4077227184
2.21884255 587273.9063698263
2.22206165 588321.2655089664
2.22528075 596535.6956674765
2.22851985 580398.9177841315
2.23175895 587606.7251235679
2.2349781 574977.1394134824
2.23819725 585218.901030997
2.24143635 576621.7994384631
2.24467545 580609.6264612892
2.24791455 575351.2041974956
2.25115365 574760.2828388808
2.2543528000000004 568417.1720558272
2.25755195 570763.5176582949
2.26079105 570544.2593661275
2.26403015 556884.2967537186
2.2672492500000003 564785.0586964755
2.2704084499999997 552649.0541556781
2.2735875500000002 562465.063223027
2.2767467000000003 559075.4537299897
2.27986585 544105.798575064
2.2830249499999997 550223.1735239439
2.2862241 559229.8074834109
2.28946325 551824.8266393071
2.29270235 460492.19404126366
2.29594145 446635.9259304487
2.29918055 464722.77032008866
2.30241965 489367.1128686774
2.30565875 467855.0453958965
2.3088979 487129.959514667
2.3121370500000005 477738.89563067706
2.31537615 475210.2636617803
2.31861525 479060.17530910776
2.32185435 422278.75804666406
2.32509345 428355.1111350008
2.32833255 427026.2064986929
2.33157175 444867.5957013075
2.33481085 441946.2812280066
2.3380499500000003 438442.4926666916
2.3412890500000003 447799.21099379286
2.3445281500000004 439311.24453071185
2.3477672500000004 455964.77078025945
2.3510064 414427.1549767176
2.35424555 395398.2415851076
2.35748465 408036.27840500453
2.36072375 417479.23891563964
2.36396285 419760.46158443764
2.36720195 407592.8978245024
2.37044105 426073.0588506366
2.3736802 419275.6226681369
2.37691935 415243.0277070164
2.38015845 414389.4600503109
2.38339755 384138.4769107592
2.3866366500000002 367826.96650912374
2.38987575 397874.6687889505
2.39311485 388830.6842532855
2.3963539999999997 389543.4691489105
2.3995931500000003 379945.4810530127
2.40283225 375283.4082569103
2.4060713500000004 370614.85878004425
2.4093104500000004 354921.4925593473
2.4125096 350392.2974019391
2.4157087500000003 347741.66163967847
2.4189478500000003 359778.87304776476
2.4221869500000004 342541.9299346392
2.42542605 329625.0223527968
2.42866515 343765.3284341981
2.43190425 321892.4654045577
2.4351434000000003 311877.5250521698
2.43838255 334897.90566413465
2.44162165 308030.09718944586
2.44486075 316779.4121383769
2.44809985 305891.69364241476
2.4513389500000002 290986.7522015724
2.4545780500000003 289879.9081801623
2.45781725 316115.2807216618
2.4610563500000002 286871.9712343813
2.46429545 310427.9857783068
2.46753455 281816.0943051802
2.47077365 282009.4305789952
2.47401275 254282.13707775896
2.47725185 288774.9179221549
2.4804910500000004 260832.8947715842
2.4837301500000004 304980.60782121087
2.4869692500000005 260127.25810809043
2.49020835 247426.21868000072
2.49344745 288309.7001625893
2.49668655 249594.9519038775
2.5016052 259859.52651776708
2.5089382000000002 249595.75762783288
2.517036 250098.43285304133
2.5251338 240045.91560299124
2.5332316 240903.47279634755
2.5413294000000004 235544.9938204082
2.5493272 236447.27518558176
2.557325 234817.6181055039
2.5654228000000003 224406.9012616951
2.5735206 233860.84182847236
2.5816184 237364.7199998871
2.5896662 230909.45133453555
2.5977140000000003 231850.73935295444
2.6057618000000002 231567.61583912183
2.6138096 242509.41915608812
2.6219073500000003 235567.42501562784
2.63000515 231036.49307167355
2.6381029000000003 239395.86837552165
2.6462007 235477.5820282814
2.6542485 248354.71853177212
2.6622963000000004 238381.78608398893
2.6703941 228538.85019882373
2.6784919 220332.77306758455
2.6865397 217713.57681602024
2.6945875 201359.37951349193
2.7026853 210799.11852278406
2.7107331 201817.12515842117
2.7187809 203040.76648113466
2.7268787000000003 196352.52008518562
2.7349764500000004 197196.69840569102
2.7430243 198930.24250105795
2.7510720500000003 192033.3739748615
2.7591199 204032.62230672396
2.76716765 183497.1760189972
2.77526545 194221.11300121094
2.7833132000000003 184836.24599269292
2.7913111 192484.92726582548
2.79935885 185504.44062066198
2.80745665 188525.8944266389
2.8155544 179282.84031271745
2.8236521999999997 179482.04620879472
2.8317500000000004 185334.62961782087
2.8398478000000003 180271.09057659932
2.8479456 180307.77762708798
2.85604335 176331.40067748594
2.86414115 177548.36849601736
2.8722389 174841.99430275723
2.8803367 179834.4461265605
2.8884345 165119.2237045594
2.8965323000000005 179414.78914553756
2.9046301000000003 167550.6784260819
2.9126779000000003 173718.88506610866
2.9207257 165846.74523797492
2.9287735 164726.2455459821
2.9367713 171120.40290265757
2.9448191 157094.78378826767
2.9529169 167640.98785622529
2.9610146999999998 166491.63665652627
2.96911245 159601.7740282642
2.9772102500000006 166768.00684241304
2.985308 155393.97599352134
2.9934058 168159.74087483625
3.0015036000000004 161896.7702385998
3.0096014 153091.49634871486
3.0176992 167344.23643805573
3.025697 155153.20352990166
3.0336948 160907.96289182684
3.0417926 159160.96395959854
3.0498904000000002 152736.2913062475
3.05798815 165936.44434012217
3.06608595 156272.66893111178
3.0741837000000003 156945.29560740778
3.0822815 161075.68853555463
3.0903293 151900.78796068946
3.0983771 158698.97483983616
3.1064749000000003 158105.79852230515
3.1145727 152279.78900439086
3.1226705 162561.23240016084
3.1307183 149655.04453391125
3.1387661 158300.79508579592
3.14686385 157941.3760202203
3.15496165 150668.9440332804
3.1630594 156886.24930655456
3.1711572 155516.2499754462
3.1792550000000004 155013.46462849114
3.1873528 158107.78821277453
3.1954506 150365.7168131294
3.20354835 154488.04564477797
3.21164615 158101.50835818716
3.2196939 152459.04977136425
3.22774175 155868.72505738
3.2358395 156915.51655048612
3.2439373 152840.4188860772
3.2519351000000003 157517.03892900902
3.2599329500000005 161969.5158633695
3.2680306999999997 155840.66498319097
3.2760285500000004 151815.06631311637
3.2838764 154556.34890033508
3.2918241999999998 155785.18125138665
3.2999220000000005 156556.92603525255
3.3080198000000003 154220.93012836695
3.3161176 153531.9997483935
3.3242154 159472.551602889
3.33231315 160854.42860561708
3.34041095 151781.0627281274
3.3485087 157830.3725913773
3.3566065 152045.6601720758
3.3647042999999996 155740.98030757584
3.3728021000000004 154245.2334740624
3.3808999 152381.96088268445
3.38899765 158298.44994907043
3.39709545 153928.81830516367
3.4051932000000003 153494.43403127263
3.413291 150732.40791624493
3.4213888 154319.78677066482
3.4294866000000006 153436.10630722597
3.4375844000000004 154969.21972802703
3.4455822 150052.8531040046
3.45358 151611.15804879967
3.4616778000000004 150466.2848535771
3.4697756 157791.33582071794
3.4778733500000003 149532.9089025091
3.48597115 150149.75205763977
3.4940689000000003 146645.88614718174
3.5021667 154134.87247723385
3.5102645000000003 153927.70295048424
3.5183623 145633.1304401137
3.5264601 148502.26340238596
3.53455785 148610.1651509036
3.5426556500000004 147426.78113455971
3.5507534000000005 149811.2299761949
3.5588512000000003 145887.46625408222
3.566949 147601.62658202928
3.5750468 145644.748977636
3.5831446000000002 147268.9150445444
3.59124235 148527.56026241253
3.5993401499999997 141382.59939001634
3.6073879 149960.425756097
3.6153858000000003 141469.63293074106
3.6234335500000006 144778.16357376098
3.6315313500000004 144486.03814573705
3.6396291000000005 143867.60659933492
3.6477269000000003 143373.35960566576
3.6558247 141118.66056909962
3.6638725 140943.6270409336
3.6719203 141153.18313532832
3.6799681 140437.06957802322
3.6880159 142620.5033260551
3.6961137 138829.45933380167
3.7042115 140049.4630286657
3.7123092499999997 142598.39681137944
3.7204070500000004 140268.9849282637
3.7284547999999997 140698.22833570046
3.7365026500000003 135992.42373307765
3.7446004000000004 137875.90621579328
3.7526982 139287.1314465196
3.760796 138263.51653207318
3.7688438000000004 135846.431521658
3.7768916000000003 139504.7077309173
3.7849894 137297.48664056012
3.7930872 137048.02042883114
3.8011849500000006 136586.41745522345
3.8092827500000004 132783.94063293847
3.8173805000000005 135509.08815876918
3.8254783000000003 131114.60081248888
3.8335761 132570.3634846264
3.8416739 133227.16562139418
3.8497717000000002 128960.89918751556
3.85786945 135129.7890324945
3.8659672500000006 129829.57098935399
3.874015 128613.19235690837
3.88206285 131014.43442934351
3.8901106 125430.81621746812
3.8981584499999995 128017.608417098
3.9062561999999996 127395.56836815104
3.9143540000000003 124748.95242273425
3.9224518 125243.99021822243
3.9305496 123017.11363558426
3.9386474000000007 124504.0074069094
3.946745150000001 122318.38674103784
3.9548429499999997 121060.98864833008
3.9629407 119891.32659736475
3.9710385000000006 117894.76271202127
3.9791363000000004 115705.83871044256
3.9872341000000002 116430.03660496966
3.9953319 115009.61217752156
4.00342965 113255.46201135736
4.01152745 113459.99793807414
4.0196252 111342.84495631058
4.027723 109115.41212474326
4.0358208 109273.80411092301
4.043868600000001 107978.45341211415
4.0518164 108567.21230215028
4.0598142500000005 101551.76718029728
4.067912 107062.91553548627
4.0760098 99367.6035328578
4.0841076 97428.20704484546
4.0922054 99095.37774614438
4.100303200000001 98810.05249084473
4.10840095 98277.466497914
4.11649875 95381.0228543068
4.1245965 95932.60229019051
4.132694300000001 93980.30078733203
4.1407921000000005 93271.68196138869
4.1488899 96473.42749086332
4.1569877 89191.11407312818
4.16502975 89402.22394448453
4.1730333 89599.94522664638
4.1810811 88608.70743205676
4.1891789 88671.89195181362
4.19727665 90317.01148422409
4.205374450000001 87087.1361703294
4.2134722 83359.12119836081
4.22157 85974.28904550536
4.2296678 85788.1760849527
4.2377656 85192.27000049132
4.2458634 79730.69458382008
4.2539112 79925.46704751866
4.261959 81227.32818675443
4.27005675 81206.9821919141
4.27815455 79765.64798041657
4.286252300000001 81315.84541654398
4.2943001 74272.07595989307
4.3023479 71942.93203686933
4.310445700000001 71971.12354868893
4.3185435000000005 69854.95240555884
4.3266413 68431.59653403648
4.3347391 66875.51403508052
4.34283685 65334.22476465281
4.35093465 65360.925276461014
4.3590324 62714.56751393004
4.3671302 61899.204550311275
4.375228 61183.17244593262
4.3833258 59026.03368026248
4.3913736 59136.33888516322
4.3994214 57775.704764478716
4.4075192 56469.565973024735
4.41561695 56763.875758801034
4.42371475 56415.03457662506
4.4318124999999995 52905.03365878186
4.4399103 54671.48264869239
4.4480081 53675.89997361408
4.456105900000001 52533.58051130443
4.464103700000001 53491.92784984612
4.472101500000001 51924.930077437784
4.480099300000001 50747.922271567724
4.4880971 52074.71993667107
4.496194900000001 50041.28080831559
4.504292700000001 50970.95537630067
4.5123905 50031.31109624845
4.5204883 49258.23973281085
4.52858605 48583.248219739464
4.53668385 50003.52819875322
4.5447816 49444.210799233864
4.5528794 48275.79761223248
4.5609772 47827.66483161339
4.569075 47080.589157810886
4.5771728000000005 47358.70972409139
4.585270550000001 47336.01619598038
4.59336835 49150.674707586644
4.6014661 48492.41616141943
4.6095639 47295.93412209217
4.6176617 46605.381011439655
4.625759500000001 46615.09958271076
4.633857300000001 47034.95193549554
4.64195505 45868.45187046678
4.65005285 46033.334817189
4.658150600000001 47816.331383317476
4.666148450000001 48400.95091659294
4.67414625 46452.81263301492
4.6822440499999995 46104.01661696057
4.690341800000001 46895.71036107883
4.6984396 45637.75886435746
4.7065374 45410.81608716584
4.7146352 44790.57963929037
4.722733 46044.58419757525
4.730830750000001 45314.56395731777
4.738928550000001 45815.94174675214
4.7470263 43886.1687762307
4.7551241 44320.87774491414
4.7632219000000005 42746.46269177081
4.7713197 43744.961291393534
4.7794175 41944.30054124948
4.78751525 43818.17496471099
4.79561305 43989.53268100346
4.8037108 42264.699995705
4.8118086 41036.83575014173
4.819906400000001 42216.258126116336
4.8280042000000005 43933.979595104065
4.836102 41440.4320835078
4.84419975 40769.78771739611
4.85229755 40917.225180726586
4.8603453000000005 41423.22949874587
4.868343100000001 42016.25713859783
4.87639095 39901.72244130358
4.8844887 39678.00570521998
4.8925865 39967.694497902376
4.9006843 40643.45249085739
4.9087321 40005.2288880205
4.9167799 38578.39675924512
4.9248277 39056.40170046495
4.932875500000001 37504.15548859567
4.9409733 40121.61609023229
4.9490711 37726.77142602802
4.95716885 37269.164291146546
4.96526665 37281.49899726284
4.9733644 39659.47227227034
4.9814622 38275.02712818496
4.98951 37602.96713573937
4.997557800000001 36801.456099194154
5.005655600000001 37656.05276270923
5.013753400000001 35462.85072412393
5.0218512 36118.77281044873
5.029899 36079.527114863886
5.0379468 35880.483806672084
5.04604455 37091.63584324189
5.054142349999999 35494.09005302011
5.0622401 35904.8624720791
5.0703379 37657.74782333892
5.0784357 34177.4975484181
5.0865335 36370.452405557975
5.0946313000000005 35439.02230295458
5.102729050000001 35213.14281392164
5.1108268500000005 35250.54188175874
5.1189246 35088.268892828484
5.1270224 33767.09231080856
5.1351202 35000.71223704668
5.143218000000001 33142.76280836242
5.1513158 36535.49937222532
5.15941355 32837.31091964788
5.16751135 33543.84247149635
5.175609100000001 34079.10901777163
5.183706900000001 33215.60449201069
5.1918047000000005 34585.013053830495
5.251188450000001 32443.939052219168
5.3860266 30134.37020132838
5.54398335 27239.490895665138
5.701940200000001 25128.772498477934
5.85889725 23226.157341067923
6.016854050000001 21911.67436496471
6.178809800000001 20742.750584055426
6.33876605 19248.098537430164
6.496722850000001 15868.496168228365
6.6566791 13925.100431068804
6.8176351 12838.206492759022
6.976591600000001 12058.847213717416
7.1355481 11275.932564616993
7.2965041 10407.03274722407
7.4544609 9782.673347651247
7.6124177 9016.684751014722
7.7743734 8504.673254878344
7.9343296500000005 7824.153012632404
8.0942859 7270.315346438398
8.2562416 6839.149769154638
8.4181973 6441.757768604171
8.5791533 6089.743296599785
8.73810985 5763.769468546421
8.89706635 5502.393631050505
9.0570226 5189.254235688715
9.2149794 4927.771162120841
9.3739359 4682.910989433339
9.5358916 4423.096451897279
9.69584785 4178.597985794823
9.8558041 3936.4967347384277
10.0177598 3755.112100442794
10.1797155 3554.5759879512757
10.341671250000001 3287.228901043529
10.5026272 3078.686295270119
10.661583749999998 2936.5670540368433
10.820540300000001 2768.4506819876156
10.9794968 2569.968188046277
11.13645385 2443.9134805338667
11.29441065 2308.6865540561284
11.455407600000001 2202.7648646556263
11.617322350000002 2058.858241526054
11.77627885 1918.6216213984692
11.9352354 1855.3903334624138
12.0971911 1750.230108241279
12.2591468 1663.4922646257849
12.4211025 1555.9239034883042
12.5830582 1459.8011370012762
12.7450139 1405.8297793721354
12.9069696 1344.641355361641
13.067925599999999 1292.3590071323931
13.2278818 1215.516725818551
13.388837800000001 1171.0726145221358
13.550793500000001 1117.5163800809976
13.712749200000001 1066.4685261703517
13.874704900000001 1032.1302561443256
14.034661150000002 993.0879886660758
14.1946174 926.262574798988
14.3565731 900.5581689532779
14.5185288 854.3060283985652
14.680484500000002 827.8769621838279
14.842440200000002 783.1501757468669
15.004395950000001 764.0042844120065
15.166351650000001 729.9874334968789
15.327307600000001 702.4453418695176
15.4882636 666.5235939839974
15.6502193 647.8909595794335
15.812175 622.2554653478786
15.9741307 597.9859602335953
16.1360864 571.9282165543397
16.2980421 559.2294227125915
16.45799835 529.5617063919906
16.6179546 508.1297379092652
16.7799103 501.7109428978706
