 Wavelength    Flux  
0.20000000000000004 4.3284020173838764e-15
0.2002583221197802 2.3463574738741292e-15
0.2005169778911482 1.6213878790683386e-15
0.20077596774505196 8.016460626980995e-15
0.20103529211299606 1.0571512208070262e-15
0.20129495142704232 9.542510853196073e-15
0.20155494611981073 6.840083088449918e-15
0.20181527662447996 5.731189529943547e-15
0.20207594337478824 8.956216305374634e-15
0.202336946805034 3.6034924629056974e-15
0.20259828735007662 5.143060815498443e-16
0.20285996544533713 1.1562919809048864e-14
0.203121981526799 6.317487693151722e-15
0.20338433603100875 1.2059831010663967e-14
0.2036470293950768 1.2172979055501758e-14
0.20391006205667817 4.722136614930435e-15
0.2041734344540531 8.985791190860505e-15
0.20443714702600793 1.4910989277589416e-14
0.20470120021191576 1.1161374075236555e-14
0.2049655944517172 4.012393314552899e-15
0.20523033018592104 1.6083444968928054e-14
0.2054954078556051 1.2222590696044968e-14
0.20576082790241687 1.0019179048150242e-14
0.20602659076857424 1.1711634639975948e-14
0.20629269689686633 1.0479809978208955e-14
0.20655914673065415 3.591294208581406e-15
0.2068259407138714 7.932940750684116e-15
0.20709307929102505 2.779265767737991e-13
0.20736056290719634 3.9899553264544346e-15
0.20762839200804134 1.9138332092964006e-14
0.20789656703979165 1.3830761062477425e-14
0.20816508844925535 5.1779955657470085e-14
0.20843395668381753 9.411006894173615e-15
0.2087031721914412 6.4443301307564556e-15
0.20897273542066788 5.238248765667471e-14
0.20924264682061852 1.2004212558919148e-13
0.2095129068409941 1.2907255438732079e-14
0.20978351593207645 9.521705227376352e-14
0.210054474544729 4.7935539567092415e-15
0.21032578313039751 1.7897714746354886e-14
0.21059744214111087 1.0669070760273638e-13
0.21086945202948174 1.5411953467698136e-14
0.21114181324870743 9.643130149463139e-14
0.2114145262525706 1.4652268041378173e-14
0.21168759149544 1.629466232385648e-13
0.2119610094322713 4.584986180781456e-14
0.21223478051860775 9.540068200900798e-14
0.212508905210581 4.2181029565752077e-13
0.21278338396491178 1.2882629968663606e-14
0.21305821723891086 2.377013173124577e-14
0.21333340549047955 3.5278313029272385e-15
0.21360894917811066 5.391779536981721e-13
0.21388484876088917 1.197940874916721e-14
0.21416110469849303 3.557985603369608e-15
0.21443771745119392 3.898893629936831e-13
0.214714687479858 4.059303946658108e-14
0.21499201524594666 6.174695741449799e-16
0.21526970121151737 7.079693467276239e-14
0.2155477458392244 2.597045036117542e-13
0.21582614959231952 2.865457743404723e-14
0.21610491293465292 7.509315824046479e-15
0.21638403633067385 2.8333353075227675e-14
0.21666352024543148 6.887857880901349e-16
0.21694336514457566 2.6406124759629575e-14
0.21722357149435761 2.7236309210879886e-15
0.2175041397616308 1.6345652331767827e-13
0.21778507041385176 2.27038757011845e-14
0.21806636391908063 6.189607495672086e-14
0.21834802074598228 7.534186298163112e-14
0.21863004136382683 1.9533311914689685e-14
0.21891242624249047 1.5309119869037497e-12
0.21919517585245638 1.1386997085526096e-14
0.21947829066481533 6.200302280836253e-14
0.21976177115126666 2.4716027629977094e-13
0.22004561778411885 3.0110739327046904e-14
0.2203298310362905 4.430737090945843e-13
0.220614411381311 9.413860298338226e-13
0.22089935929332136 4.861410058113822e-14
0.22118467524707502 1.6044034097021625e-13
0.2214703597179386 1.7380084093469962e-14
0.22175641318189265 4.3413097664774214e-14
0.22204283611553263 8.381059576028494e-15
0.22232962899606945 5.694063967993375e-13
0.22261679230133047 1.2638769314331217e-12
0.22290432650976016 3.215160604324578e-14
0.22319223210042102 6.624932820654295e-13
0.22348050955299428 5.3559885330252886e-12
0.2237691593477807 1.1880523669874567e-14
0.2240581819657014 1.040495629620777e-12
0.22434757788829876 2.5112976942096503e-13
0.224637347597737 5.63147772012194e-13
0.22492749157680322 1.0145075779451221e-12
0.225218010308908 4.741461812713713e-12
0.22550890427808634 1.4622597189486662e-12
0.22580017396899843 7.598767520347707e-17
0.22609181986693044 8.199895347061766e-14
0.22638384245779536 3.551181946423545e-13
0.22667624222813373 8.937856001246758e-13
0.2269690196651146 2.0223292753331806e-13
0.2272621752565362 2.5130184754665193e-13
0.2275557094908268 2.7367524604022823e-13
0.22784962285704555 2.378976966172618e-13
0.22814391584488328 3.031495725839901e-12
0.22843858894466326 1.2009894950785714e-12
0.22873364264734214 9.46141139375227e-14
0.22902907744451065 1.4178248825868348e-13
0.22932489382839447 8.59750309326795e-14
0.229621092291855 3.5563890975434257e-12
0.22991767332839036 1.7647761711874762e-15
0.23021463743213594 1.238791737231574e-12
0.2305119850978654 2.1923668295235682e-13
0.23080971682099147 6.080066356252936e-13
0.23110783309756677 5.362199377423412e-13
0.2314063344242846 5.369651266698573e-13
0.23170522129847979 2.2035989003975926e-13
0.23200449421812958 3.934671593888634e-14
0.23230415368185434 9.196546500212751e-13
0.2326042001889185 3.1105434284604133e-12
0.23290463423923136 6.132288820622996e-12
0.23320545633334788 6.522007589151644e-13
0.23350666697246955 2.4347466386036782e-12
0.2338082666584452 1.1122896025281909e-11
0.23411025589377188 5.837783224024936e-12
0.23441263518159566 1.3095626620149462e-13
0.23471540502571248 5.289223541144907e-13
0.235018565930569 1.5469267950978592e-13
0.23532211840126338 5.039715666477906e-12
0.23562606294354627 1.1587307537277893e-12
0.23593040006382143 6.27412448209838e-12
0.23623513026914678 5.099888236934213e-12
0.2365402540672351 5.092042545272114e-13
0.23684577196645507 1.0686572756029083e-11
0.2371516844758318 1.656505096018251e-12
0.23745799210504795 5.7190646337765676e-12
0.23776469536444456 1.2529374879189673e-12
0.2380717947650217 1.0061099978644204e-11
0.23837929081843953 1.814178459281025e-11
0.2386871840370191 5.862189827089609e-14
0.2389954749337431 1.0323736669225014e-12
0.23930416402225688 1.2152687629939892e-12
0.23961325181686913 6.947077467921556e-12
0.23992273883255288 5.678468388706199e-12
0.24023262558494632 1.0121871059420484e-11
0.24054291259035362 5.07555410424082e-12
0.2408536003657458 3.7619535022048097e-11
0.24116468942876162 2.5114940706958543e-12
0.24147618029770843 4.762831024061354e-13
0.24178807349156306 1.2947527325236877e-11
0.24210036952997258 3.23501281510869e-12
0.2424130689332553 6.408174289416394e-12
0.24272617222240156 6.702743404363853e-11
0.24303967991907466 1.9025045509301582e-11
0.2433535925456116 2.5875603903201666e-12
0.2436679106250241 2.63431682998324e-12
0.2439826346809994 7.151236776889078e-11
0.24429776523790114 4.9474984249536454e-11
0.24461330282077018 1.4090492232682408e-11
0.24492924795532564 6.0875226499378724e-12
0.24524560116796554 9.10081826299523e-11
0.2455623629857679 5.719296725414167e-11
0.24587953393649145 2.8620679290952563e-12
0.24619711454857662 5.9518160296813545e-12
0.24651510535114637 4.597092225031826e-13
0.24683350687400707 2.782305577331132e-11
0.2471523196476494 2.1819982064272856e-11
0.24747154420324924 2.0205987090035205e-11
0.2477911810726685 2.5502253622331134e-11
0.24811123078845612 9.871894859508437e-12
0.2484316938838488 2.0627777083310607e-12
0.24875257089277208 2.765262000573775e-12
0.24907386234984102 6.256333831384499e-13
0.24939556879036126 2.3874958243500556e-11
0.2497176907503298 3.242255281234308e-11
0.25004022876643595 1.475952958826071e-11
0.2503631833760623 5.940061678410556e-11
0.2506865551172853 4.216289341997576e-12
0.25101034452887677 1.0436876967479653e-11
0.25133455215030404 5.618725225712884e-11
0.25165917852173136 1.4681345308582302e-11
0.25198422418402067 4.242342782005602e-12
0.2523096896787326 2.9535701253694795e-12
0.252635575548127 2.2255563955590664e-11
0.25296188233516437 1.2324575145472715e-11
0.2532886105835064 7.111237513442862e-11
0.2536157608375169 3.481098695382728e-11
0.25394333364226296 6.935707666034667e-11
0.2542713295435155 7.571162436830472e-11
0.2545997490877505 1.556835549864535e-12
0.25492859282214975 1.806341542136544e-11
0.2552578612946017 1.13970029415142e-10
0.25558755505370256 1.5351560202570703e-10
0.2559176746487571 1.7980039019027875e-10
0.2562482206297795 5.578067733879611e-11
0.25657919354749437 4.9959456737629436e-11
0.25691059395333776 1.6721495851251016e-10
0.2572424223994578 2.7072380499063783e-10
0.25757467943871587 1.0375653160580886e-10
0.2579073656246874 2.2791151299595869e-10
0.25824048151166284 9.93737885084963e-12
0.25857402765464854 1.2214592424249494e-10
0.2589080046093678 1.4417065143304614e-10
0.2592424129322615 1.9613627610188637e-10
0.25957725318048946 3.5725237761692144e-10
0.2599125259119309 4.0425504305059644e-10
0.26024823168518585 2.9436651925230865e-10
0.26058437105957566 3.451244935812336e-10
0.26092094459514414 5.195495707165478e-10
0.2612579528526584 1.0117089311799758e-10
0.26159539639361007 1.0242167369624244e-10
0.2619332757802157 1.4457011826478326e-10
0.26227159157541824 5.087756985111929e-10
0.26261034434288766 4.876306578791275e-10
0.2629495346470219 1.8769642430378987e-10
0.2632891630529481 3.064605506118101e-10
0.26362923012652295 4.90688101671832e-10
0.26396973643433447 3.980901375633305e-10
0.2643106825437021 3.575424659663045e-10
0.2646520690226783 2.6745779602670544e-11
0.264993896440049 5.174932175103265e-10
0.265336165365335 3.1853084881084267e-10
0.26567887636879256 2.998141171918676e-10
0.26602203002141456 1.1572286773100424e-10
0.2663656268949313 7.436963180200409e-10
0.2667096675618117 3.795829690377158e-10
0.2670541525952639 2.1486635459989685e-10
0.2673990825692364 1.4619537929239614e-10
0.2677444580584192 7.108375209236092e-10
0.2680902796382444 5.660554456248464e-10
0.2684365478848874 9.078766894523874e-10
0.2687832633752679 3.551646385738731e-10
0.26913042668705056 3.627045334941871e-11
0.26947803839864626 6.306539047810313e-10
0.26982609908921296 7.722996118093095e-10
0.27017460933865667 7.641413710561721e-10
0.27052356972763236 7.485689248098463e-10
0.2708729808375451 6.974980286689235e-10
0.2712228432505507 6.135658109674578e-10
0.27157315754955713 4.0044446018248135e-10
0.2719239243182251 3.15522673602874e-11
0.2722751441409692 1.5406678532726097e-10
0.2726268176029589 4.947561710664598e-10
0.2729789452901195 5.53308289083765e-10
0.27333152778913306 3.480303063138134e-10
0.2736845656874392 2.3874152071397737e-10
0.2740380595732367 6.131825194286561e-10
0.2743920100354837 1.2386129237186475e-10
0.27474641766389923 7.261727994869282e-10
0.275101283048964 4.167932153334733e-10
0.27545660678192124 1.5486893587350313e-10
0.27581238945477804 6.012121429428823e-10
0.276168631660306 8.010193567492828e-10
0.2765253339920424 3.700581404906878e-10
0.2768824970442911 7.467595869253635e-10
0.2772401214121236 5.022153487948778e-10
0.2775982076913801 1.1928209192088137e-09
0.27795675647867013 9.9205329124715e-10
0.2783157683713741 4.3341858042646684e-10
0.2786752439676438 1.0274652474185655e-09
0.2790351838664037 1.1740149597812772e-09
0.27939558866735176 5.367585427080988e-10
0.2797564589709607 5.063910500998561e-10
0.28011779537847853 1.0753595458686428e-10
0.2804795984919301 1.0412655584742624e-09
0.2808418689141177 9.072687480469161e-10
0.28120460724862234 1.0671633892097169e-09
0.2815678140998044 1.1673916784684003e-09
0.28193149007280505 1.0410382621022798e-09
0.282295635773547 9.565932659740625e-10
0.28266025180873555 9.481252970623746e-10
0.28302533878585967 8.927102713840682e-10
0.283390897313193 7.738193866206024e-10
0.28375692799979474 6.187288364033131e-10
0.28412343145551083 5.105441219062908e-10
0.2844904082909748 3.5105958711119e-10
0.2848578591176091 1.9378078512355872e-10
0.2852257845476256 2.6012391235218493e-13
0.28559418519402713 2.2131371747196023e-10
0.28596306167060814 4.5597393547274115e-10
0.2863324145919561 6.764257964514608e-10
0.2867022445734519 1.153206187337433e-09
0.28707255223127165 1.5036740553041332e-09
0.28744333818238704 1.2259355916218824e-09
0.28781460304456685 2.4719207920010677e-09
0.28818634743637767 3.000250000388598e-09
0.288558571977185 3.5854978392422814e-09
0.2889312772871544 2.2022107674295907e-09
0.28930446398725246 4.4566682086456205e-09
0.28967813269924775 1.6025497411863252e-09
0.2900522840457119 5.969612406532543e-09
0.29042691865002074 7.179915508720965e-09
0.2908020371363552 7.775167015333529e-09
0.2911776401297025 2.1454412964071484e-09
0.2915537282558569 9.470562954699418e-09
0.29193030214142124 1.0692648196187323e-08
0.29230736241380745 1.1627583094457464e-08
0.29268490970123784 8.386856799052984e-09
0.2930629446327463 8.577729141125085e-09
0.29344146783817904 6.76904525319751e-09
0.2938204799481959 3.656096360765779e-09
0.2941999815942711 2.1201200530156974e-09
0.2945799734086947 6.7993202316144084e-09
0.29496045602457327 5.832554326103537e-09
0.29534143007583125 2.402615221043589e-09
0.2957228961972117 8.481837820098171e-10
0.2961048550242777 1.0889162286085192e-08
0.29648730719341304 2.887237041807006e-09
0.2968702533418236 3.800524739948296e-09
0.29725369410753827 2.018049311742538e-09
0.29763763012941 9.316057961357686e-09
0.2980220620471169 8.264270578680529e-09
0.2984069905011632 6.337986359029992e-10
0.29879241613288066 1.0701789863354287e-08
0.2991783395844291 6.812328295815047e-09
0.29956476149879785 3.7490743869503845e-09
0.2999516825198069 3.1370976837669295e-10
0.3003391032921076 2.526778002695688e-09
0.3007270244611841 1.2667705257519358e-09
0.30111544667335405 1.014284099173698e-08
0.3015043705757701 5.3854012948622e-09
0.3018937968164207 2.0227182668517036e-09
0.30228372604413123 3.028284795640528e-09
0.3026741589085651 5.326442980791159e-09
0.30306509606022475 1.4982419834758334e-08
0.30345653815045304 1.371542692784066e-08
0.3038484858314339 5.125914363367994e-09
0.30424093975619376 1.1258924295541512e-08
0.3046339005786024 6.565045922023494e-09
0.30502736895337423 5.512205058802796e-09
0.30542134553606926 1.930683072557559e-09
0.30581583098309423 4.835323408627642e-09
0.3062108259517036 1.7389761976645077e-08
0.306606331100001 3.116537086038396e-08
0.3070023470869399 5.1850762000482805e-08
0.30739887457232484 4.994369254504353e-08
0.3077959142168126 2.405467773007991e-08
0.30819346668191344 1.996633978324865e-09
0.3085915326299918 2.6861959265902286e-08
0.30899011272426774 1.6352855129246485e-08
0.309389207628818 7.260135197957792e-09
0.3097888180085769 2.80344904046256e-08
0.3101889445293377 9.96548840561316e-10
0.3105895878577537 4.8398845723182307e-08
0.310990748661339 1.747945940448496e-07
0.3113924276084701 2.3225739673412096e-08
0.31179462536838665 3.201985950773949e-07
0.3121973426111928 4.3534963193253354e-07
0.31260058000785806 2.5919650779473674e-07
0.3130043382302188 3.6595633394334416e-07
0.31340861795097885 2.2553294714948645e-10
0.3138134198437112 4.697784523788279e-07
0.31421874458285864 9.998405512677526e-07
0.31462459284373523 4.592037297186048e-07
0.31503096530252706 1.674645207193649e-06
0.31543786263629375 2.314237959001971e-06
0.3158452855229694 4.177621484671697e-07
0.31625323464136373 2.8021449325938596e-06
0.31666171067116317 2.427160982431148e-06
0.31707071429293215 1.924158855102178e-06
0.31748024618811393 2.859565454992665e-06
0.31789030703903215 1.8995955876194726e-06
0.3183008975288916 1.25962182645929e-07
0.3187120183417796 3.4411461790506195e-07
0.3191236701626669 1.0683940931193788e-07
0.31953585367740917 1.9757272634292277e-07
0.3199485695727477 5.955390767943872e-09
0.320361818536311 5.223250227044599e-07
0.3207756012566157 1.3591605240200927e-06
0.3211899184230675 7.494038461015314e-07
0.32160477072596283 7.650853493272498e-07
0.32202015885648955 1.2478897914750464e-06
0.32243608350672837 2.5640914915858e-07
0.3228525453696537 7.056453122152748e-07
0.32326954513913525 2.195196961005242e-08
0.32368708350993886 1.2120923980344194e-07
0.3241051611777276 6.145920088603912e-07
0.3245237788390632 3.3164926603532616e-07
0.32494293719140704 4.025181052459822e-08
0.32536263693312145 3.7302060327663926e-06
0.3257828787634706 6.835264737034043e-06
0.3262036633826219 4.7424938105185876e-06
0.3266249914916472 2.62699770586393e-06
0.32704686379252373 1.0888475962862786e-06
0.32746928098813544 1.8695360831099508e-07
0.3278922437822741 8.973071828548558e-07
0.3283157528796407 1.561105795962444e-07
0.32873980898584615 1.2341602126837742e-06
0.3291644128074129 1.3304214907156824e-07
0.32958956505177595 2.706916238601219e-06
0.3300152664272839 4.4744282150408683e-07
0.33044151764320046 2.547882479017202e-07
0.3308683194097053 1.5756529275559884e-06
0.33129567243789537 2.5011222495103786e-06
0.33172357743978614 9.445313426782786e-07
0.3321520351283127 8.088010447548044e-07
0.3325810462173309 7.135680253402456e-06
0.33301061142161875 6.927860525027198e-06
0.33344073145687736 2.98150230260339e-06
0.3338714070397323 5.010865370268048e-06
0.33430263888773476 8.20108186990783e-07
0.3347344277193627 4.326735263350436e-06
0.335166774254022 1.0798451203123426e-06
0.3355996792120479 1.3796527428134585e-06
0.3360331433147059 3.2020550901736835e-07
0.3364671672841931 6.002596854006662e-07
0.3369017518436396 5.1005257773841874e-08
0.33733689771710906 2.302792823260153e-07
0.3377726056296008 1.7860263944972427e-07
0.3382088763070504 3.771973904073261e-07
0.33864571047633085 5.52363272672659e-07
0.3390831088652544 3.69320027923106e-08
0.33952107220257305 2.4135788236552e-07
0.33995960121798 1.1992095239679927e-06
0.3403986966421113 8.807975290900887e-07
0.34083835920654626 6.331114131285012e-07
0.3412785896438094 6.471731083727665e-08
0.3417193886873713 1.534532202711659e-07
0.34216075707164983 4.3744606080981283e-07
0.3426026955320115 4.4537606244966024e-07
0.34304520480477263 3.2645973079863396e-07
0.3434882856272006 1.292055109861537e-07
0.34393193873751493 4.766377959606445e-08
0.34437616487488887 1.5200091594357245e-08
0.34482096477945007 2.024592712891994e-07
0.34526633919228245 5.9229843459434755e-08
0.3457122888554269 2.212051398185102e-07
0.3461588145118828 7.667961847661989e-09
0.3466059169056093 2.465156952951801e-08
0.3470535967815263 3.3053139894275347e-07
0.347501854885516 4.322843271927605e-08
0.34795069196442385 3.636259551554328e-07
0.34840010876606 1.2261401423140603e-07
0.3488501060392004 2.1329334685853482e-07
0.3493006845335883 1.0723253657525468e-08
0.3497518449999352 6.444477742063466e-08
0.35020358818992225 2.6100851700826196e-07
0.35065591485620146 2.82856796964295e-07
0.35110882575239705 2.3921462889477865e-07
0.35156232163310647 9.392050553718307e-08
0.35201640325390193 1.533984664239682e-07
0.35247107137133166 2.2364980364205793e-08
0.3529263267429208 3.093550724588266e-07
0.3533821701271731 1.1691837966581218e-06
0.3538386022835719 2.866032361630616e-06
0.35429562397258163 1.7857362548622333e-06
0.3547532359556488 7.42698967104289e-07
0.3552114389952035 1.8738367233330289e-06
0.3556702338546605 1.6962462323760542e-06
0.35612962129842074 2.9614118330855256e-07
0.3565896020918723 2.065848896062327e-07
0.357050177001392 1.671326480341203e-07
0.35751134679434643 1.9422442733913917e-07
0.35797311223909334 7.254254440006227e-08
0.35843547410498283 3.0987517412812176e-07
0.3588984331623589 2.1557205951564141e-07
0.3593619901825603 1.6257342947302416e-08
0.3598261459379222 2.70054977640776e-07
0.36029090120177726 2.3015248686881937e-07
0.360756256748457 2.185421589312178e-07
0.36122221335329313 4.735273872884198e-07
0.36168877179261866 6.513457629275989e-07
0.3621559328437694 8.965390502140713e-07
0.36262369728508526 1.3799427875912415e-06
0.36309206589591125 2.7845210012621606e-07
0.36356103945659923 3.0438277018260015e-07
0.3640306187485088 2.5974090640953566e-06
0.3645008045540088 5.848712982300195e-07
0.36497159765647863 5.046899576910792e-07
0.3654429988403095 1.3088326944477362e-06
0.3659150088909058 3.876167140888126e-06
0.36638762859468615 9.6249099602583e-07
0.3668608587390852 1.6603148053034877e-06
0.3673347001125544 1.6418607699103355e-06
0.3678091535045639 4.862469163753714e-07
0.3682842197056031 1.969451858226963e-07
0.3687598995071828 2.2118847256272724e-07
0.3692361937018359 5.709723554843161e-07
0.369713103083119 1.7050789389379387e-06
0.3701906284456137 8.299192688955075e-07
0.37066877058492775 2.710443605183661e-07
0.3711475302976968 6.1507195478576e-07
0.3716269083815852 2.998406513534119e-07
0.3721069056352876 1.0201154076701859e-07
0.3725875228585303 4.085108219484977e-07
0.37306876085207263 2.3056970502925582e-07
0.373550620417708 1.7316407404919173e-07
0.3740331023582654 3.4435563020421194e-07
0.37451620747761116 8.08582258101711e-08
0.3749999365806494 2.641872321654271e-07
0.3754842904733241 9.595719305311804e-07
0.3759692699626202 1.0270850738613838e-06
0.3764548758565649 8.803493994173439e-07
0.37694110896422917 2.487974439154925e-06
0.3774279700957288 2.960663417822311e-06
0.37791546006222604 1.8790240784493152e-06
0.3784035796759309 1.63894742236955e-06
0.3788923297501024 3.0287211822799176e-06
0.37938171109904983 1.8231734219472736e-06
0.3798717245381345 6.41240284445234e-07
0.3803623708837707 3.3622796279676935e-06
0.3808536509534272 4.1859780920312326e-07
0.38134556556562876 5.457956669410853e-07
0.38183811553995717 9.794441243627426e-07
0.38233130169705287 3.992987925494386e-07
0.38282512485861636 1.003674770166736e-06
0.38331958584740927 1.252391572641044e-06
0.38381468548725606 1.2349296511752663e-06
0.3843104246030452 2.283545695540382e-06
0.3848068040207306 1.7847224700954757e-06
0.3853038245673329 9.438451778490471e-07
0.3858014870709411 3.1890947700690326e-07
0.38629979236071366 5.80235337156407e-07
0.3867987412668799 1.4709089355375852e-06
0.38729833462074176 9.830637365456249e-07
0.38779857325467454 1.011914707074717e-07
0.3882994580021289 1.0196038691544271e-06
0.3888009896976319 5.886470513979338e-07
0.3893031691767885 1.542777879533983e-06
0.3898059972762829 6.277837403779694e-07
0.39030947483388007 1.311941937146435e-06
0.3908136026884269 2.449608957254331e-06
0.39131838167985394 3.4361191268719062e-06
0.3918238126491764 1.744865621916702e-06
0.39232989643849575 3.3745528482153244e-07
0.3928366338910014 3.7889013191757774e-07
0.39334402585097156 1.757483614618777e-06
0.39385207316377496 1.8591369148119927e-06
0.3943607766758724 2.3513299883861914e-07
0.3948701372348177 3.384088480057004e-07
0.3953801556892596 1.986881087310463e-06
0.39589083288894295 8.190022005356528e-07
0.39640216968471 8.06719317435115e-07
0.396914166928502 1.2981441941866485e-06
0.3974268254733608 1.882025712303106e-06
0.3979401461734297 4.188644175369193e-06
0.39845412988395545 8.508743032919008e-06
0.39896877746128934 7.468802961494324e-07
0.39948408976288885 1.0437091425984418e-05
0.4000000676473189 8.683736078110064e-06
0.4005167119742532 1.6020814133686394e-06
0.40103402360447604 1.5116034586284851e-05
0.40155200339988345 1.287832577415415e-05
0.4020706522234846 6.991379413337611e-06
0.4025899709394034 5.713084473305123e-06
0.40310996041287994 4.599380404679707e-07
0.40363062151027174 2.571495866910146e-06
0.4041519550990553 8.586185752366897e-06
0.40467396204782774 4.030999661950693e-06
0.40519664322630794 1.614091042845553e-05
0.40571999950533805 2.7342928649605648e-06
0.4062440317568852 4.931710063757332e-06
0.4067687408540426 1.9129321055684394e-05
0.40729412767103124 1.359705173312173e-05
0.4078201930832012 1.729460249621154e-05
0.40834693796703325 1.770279289497174e-05
0.4088743632001402 5.36185736427644e-06
0.4094024696612683 1.8575366896741034e-05
0.40993125823029897 1.3035988097395617e-05
0.41046072978825 1.2831353991114477e-05
0.41099088521727706 5.524533975507322e-06
0.41152172540067533 1.2978882376096497e-06
0.41205325122288083 1.0064607563214698e-05
0.41258546356947184 5.017715164379441e-06
0.4131183633271706 8.446369895824235e-06
0.41365195138384453 9.7599144319133e-06
0.4141862286285079 8.571826157979867e-06
0.4147211959513233 8.186341711854358e-06
0.4152568542436028 2.5334012385626664e-06
0.4157932043978101 7.259564497218699e-06
0.41633024730756124 6.700942212603538e-06
0.4168679838676267 5.855046983895459e-06
0.41740641497393255 4.938119252390008e-06
0.41794554152356206 4.0893118023176935e-06
0.41848536441475725 4.061674864373859e-06
0.41902588454692025 3.4163572041049755e-06
0.4195671028206148 2.9707453501617534e-06
0.42010902013756807 2.5250947371618087e-06
0.4206516374006716 2.0275417490227774e-06
0.4211949555139833 1.5859060755887474e-06
0.4217389753827287 1.1080311338999788e-06
0.4222836979133026 5.665981195603197e-07
0.4228291240132705 3.2554076538107823e-07
0.42337525459137 9.198009839556174e-07
0.4239220905575125 1.506333906782088e-06
0.4244696328227848 2.0461373718379226e-06
0.42501788229945026 2.384935262823086e-06
0.4255668399009506 1.6437341751033628e-06
0.4261165065419074 3.625580450881079e-06
0.42666688313812356 4.161092268490304e-06
0.42721797060658473 2.9108078876879327e-06
0.4277697698654611 3.6238557826642852e-06
0.4283222818341087 4.64190656921434e-06
0.42887550743307107 1.9559785217080928e-06
0.4294294475840806 5.806858787392811e-06
0.4299841032100603 8.230552073830396e-06
0.4305394752351253 1.016678588450967e-05
0.4310955645845842 1.2773190310861032e-05
0.4316523721849408 1.4063328344840618e-05
0.43220989896389556 1.1765484251768166e-05
0.4327681458503472 1.7842878825748617e-05
0.43332711377439415 1.5102978274412257e-05
0.43388680366733623 1.2865763768493625e-05
0.43444721646167617 1.0693653862682336e-06
0.43500835309112107 2.3560205158844724e-05
0.435570214490584 1.120055578083817e-05
0.4361328015961855 1.527831338262734e-05
0.43669611534525543 3.80908489826881e-05
0.4372601566763342 3.4033950734615314e-05
0.4378249265291744 1.6705689369168473e-05
0.43839042584474247 6.211370284219579e-06
0.4389566555652202 1.6856413058962444e-05
0.4395236166340063 1.6147150848917358e-06
0.440091309995718 2.4200675203665537e-05
0.4406597365961926 3.2287397827573946e-06
0.4412288973824891 2.1269793847970726e-05
0.4417987933028897 6.471086005195291e-05
0.44236942530690126 4.656592874519222e-05
0.44294079434525735 1.707313403487391e-05
0.4435129013699192 2.1095962652749943e-06
0.4440857473340779 5.094267602758e-05
0.4446593331921554 7.606120469282332e-05
0.44523365989980657 3.311457170623673e-05
0.44580872841392055 4.0342643751585785e-05
0.4463845396926225 1.4578841849263568e-05
0.44696109469527495 1.0922255604369269e-05
0.44753839438247967 5.4073355332503366e-05
0.4481164397160792 5.03212415054714e-05
0.44869523165915814 1.7465336114608063e-05
0.44927477117604536 3.258869982271764e-05
0.4498550592323151 7.619676282757118e-05
0.45043609679478874 5.535279386018056e-05
0.45101788483153643 5.1502798447223624e-05
0.45160042431187863 9.005684105149038e-05
0.452183716206388 7.845296920724747e-05
0.4527677614868905 5.05841247665263e-05
0.4533525611264676 3.156585033682762e-05
0.4539381160994574 6.489503182069382e-05
0.45452442738145654 4.548796441928718e-05
0.45511149594932176 5.1413651796864905e-05
0.45569932278117153 6.705403230123478e-05
0.4562879088563876 5.096627068283467e-05
0.45687725515561683 2.988459394325125e-05
0.45746736266077254 7.441238754076758e-05
0.4580582323550364 2.475126242443132e-05
0.45864986522285994 5.980535599563397e-06
0.4592422622499662 9.110171395855683e-06
0.4598354244233515 1.0685251280836947e-05
0.46042935273128677 4.6855472651447614e-05
0.46102404816331954 7.388931587148444e-05
0.46161951171027543 1.0030547212911865e-05
0.4622157443642599 1.2612495294115748e-05
0.4628127471186596 2.5085291188490747e-05
0.46341052096814445 6.061024021359244e-06
0.4640090669086691 1.564094929049867e-05
0.4646083859374744 6.698558606813335e-06
0.4652084790530895 8.722703350412132e-06
0.46580934725533296 8.831081590482938e-05
0.466410991545315 6.237320596770025e-05
0.4670134129254388 7.039704697299003e-05
0.46761661239940217 0.00020462452872551355
0.4682205909721993 2.9873575095668783e-05
0.4688253496501226 0.0002414334644718204
0.4694308894407641 0.00015682876007543198
0.4700372113530173 7.99252538569432e-05
0.4706443163970786 0.00014567580361530045
0.4712522055844495 0.00025698961763219994
0.4718608799279378 0.00016465994351285917
0.4724703404416594 2.1161800715978737e-05
0.47308058814104015 4.4526239984079586e-05
0.47369162404281734 8.573464054969951e-05
0.4743034491650416 0.00016391635528856138
0.4749160645270784 0.0003258991175244513
0.47552947114960986 0.0001033828723758448
0.47614367005463637 3.1143849583660655e-05
0.47675866226547853 6.768575542193213e-06
0.4773744488067784 1.690872109321231e-05
0.47799103070450166 0.0001003597456865979
0.47860840898593915 2.025316768268365e-05
0.4792265846797084 7.147437381271186e-06
0.4798455588157558 4.6427046326883086e-05
0.4804653324253577 1.6627273764805833e-05
0.4810859065411227 3.7250598376899808e-06
0.48170728219699305 1.948922806496956e-05
0.4823294604282464 2.909366031521752e-05
0.48295244227149764 2.175029956458426e-05
0.4835762287647006 0.00022879618307319047
0.48420082094714956 7.923348065655776e-05
0.4848262198594814 4.5595748143734965e-05
0.48545242654367693 1.7768719576857277e-05
0.48607944204306286 6.98677850450019e-05
0.48670726740231346 1.1724977235973073e-05
0.4873359036674524 0.00011812700550873
0.48796535188585416 9.027736881203862e-05
0.48859561310624633 0.0001432877414178143
0.4892266883787108 0.00019623897344441465
0.4898585787546859 0.00017973643898562002
0.49049128528696795 8.883730464090246e-05
0.4911248090297131 0.00023458587424605849
0.49175915103843904 0.00016297308292969137
0.49239431237002673 0.0004317380854480062
0.49303029408272236 0.00017156366735283324
0.49366709723613883 0.0004466021901341864
0.4943047228912576 0.0001223560748952023
0.4949431721104307 0.0006538394066694597
0.49558244595738216 7.747786574611238e-06
0.4962225454972099 6.065455818606916e-06
0.4968634717963876 2.5960856863664575e-05
0.4975052259227665 1.5918684123411864e-05
0.4981478089455769 2.4806076558776455e-05
0.49879122193543024 9.231577259431528e-05
0.49943546596432076 8.223225502873735e-06
0.5000805421056272 7.399533006673506e-05
0.500726451434115 2.3424419233437202e-05
0.5013731950259372 1.0777978922997986e-05
0.5020207739586375 1.1359324607360237e-05
0.5026691893111509 1.476053249646077e-05
0.5033184421638061 0.00016632333485503125
0.5039685335983272 3.843810574278414e-05
0.5046194646978353 8.217076299682121e-05
0.5052712365468507 4.108351240552369e-05
0.5059238502312943 8.232178554346701e-06
0.5065773068384898 3.9540608689695494e-05
0.507231607457165 2.2548420933840696e-05
0.5078867531774541 1.908101089765072e-05
0.5085427450908995 5.741363543707255e-05
0.509199584290453 3.007470274787563e-05
0.5098572718704785 1.4988397197535363e-05
0.5105158089267531 1.8742423625185516e-05
0.5111751965564693 1.217368794558407e-05
0.5118354358582369 9.651147094397775e-06
0.5124965279320843 7.870077849398615e-06
0.5131584738794613 1.724479960150494e-05
0.5138212748032398 8.556396624465083e-06
0.5144849318077164 0.00011040936544853227
0.515149445998614 6.311765832880335e-05
0.5158148184830837 5.477554675556685e-05
0.5164810503697066 4.689011567673673e-05
0.5171481427684955 4.7953159087309e-06
0.5178160967908972 8.90574633304586e-06
0.5184849135497939 5.9406507783100535e-06
0.5191545941595049 5.7887548279245806e-05
0.5198251397357894 3.242373871393531e-05
0.5204965513958473 3.5094115278650917e-05
0.5211688302583215 4.9024729122200214e-05
0.5218419774432999 5.9125613607562575e-05
0.522515994072317 0.0001546510218839095
0.523190881268356 9.431887496958217e-05
0.5238666401558505 0.00020235587616799098
0.5245432718606864 0.00024903921030083865
0.5252207775102038 0.00011825686883585846
0.5258991582331989 0.0002038555640628811
0.5265784151599259 2.8953315025202595e-05
0.5272585494220988 0.00010169197182576077
0.5279395621528935 0.00011401119077768907
0.5286214544869493 0.00014980522623472822
0.529304227560371 0.000327223941974397
0.529987882510731 0.00013169147602807075
0.5306724204770709 0.0005106029607844213
0.5313578425999034 7.680683517962562e-05
0.5320441500212145 0.0002240447114110767
0.5327313438844651 4.4835174090505385e-05
0.533419425334593 8.917881958922168e-05
0.5341083955180147 5.697856926267191e-05
0.5347982555826277 0.00011914299038324634
0.535489006677812 0.0001600428084521945
0.5361806499544318 8.04149780784642e-05
0.5368731865648385 0.00014000038545477749
0.5375666176628714 0.00010978584457206995
0.53826094440386 0.0004947895788887491
0.5389561679446264 0.00021345325115119482
0.5396522894434866 6.84700509183639e-05
0.540349310060253 0.0001402236227503487
0.5410472309562355 0.00012200088596807879
0.5417460532942445 0.0002409832889917829
0.5424457782385921 6.590606741532887e-05
0.5431464069550941 0.00010834679810215698
0.5438479406110722 0.00032827935504016194
0.5445503803753559 0.00016855996791228757
0.5452537274182842 7.53580719966937e-05
0.5459579829117078 5.0022286330244714e-05
0.5466631480289911 0.0002223061585480431
0.5473692239450139 0.0001649354498159028
0.5480762118361733 8.929145086368158e-05
0.5487841128803863 0.00016376293503208132
0.5494929282570911 0.0002728153330739252
0.550202659147249 4.706763259495982e-05
0.5509133067333469 5.206413918117117e-05
0.5516248721993993 9.43597887668203e-05
0.5523373567309493 6.755989429964121e-05
0.5530507615150719 6.374975426767005e-05
0.5537650877403749 0.00015329741548215152
0.5544803365970017 0.00014308705872440513
0.5551965092766324 4.356219828993823e-05
0.5559136069724869 8.388138406519365e-05
0.5566316308793258 0.0001166241571037615
0.557350582193453 5.6823478712777726e-05
0.5580704621127176 0.00014681549646355417
0.5587912718365159 9.928538680901668e-05
0.5595130125657932 0.00010422384074209989
0.5602356855030461 6.966813120380101e-05
0.5609592918523243 0.0001279382657599559
0.5616838328192327 3.247323864724301e-05
0.5624093096109333 6.866306670264704e-05
0.5631357234361473 5.9473124503199333e-05
0.563863075505157 0.00013399806319413848
0.5645913670298083 8.000992257132474e-05
0.565320599223512 9.037988564475837e-05
0.566050773301246 0.0001048235563501008
0.566781890479558 7.48084986958026e-05
0.5675139519765664 8.270506577899224e-05
0.5682469590119634 6.656081274120844e-05
0.5689809128070165 9.948032294846481e-05
0.5697158145845702 0.0001771032887066732
0.5704516655690491 0.00012882648459930262
0.5711884669864588 9.15572063967829e-05
0.5719262200643883 9.341069634596283e-05
0.5726649260320128 0.00011045289174430683
0.5734045861200945 0.00015142766867584618
0.5741452015609856 0.000133918699740172
0.5748867735886298 9.970238353777295e-05
0.5756293034385648 0.0001269872663449529
0.5763727923479239 0.00010307977929549912
0.5771172415554386 0.00013652371204706936
0.57786265230144 0.00010066837697339447
0.5786090258278614 7.47052744152621e-05
0.5793563633782405 0.00011784381388941804
0.5801046661977204 0.0001538268379734399
0.5808539355330532 0.00015343433525323217
0.581604172632601 0.00011644959159393475
0.5823553787463382 0.00010695843077307619
0.5831075551258539 0.00011260285960883651
0.5838607030243536 0.00011023258705572601
0.5846148236966615 7.470668938690523e-05
0.5853699183992227 4.275530278032786e-05
0.5861259883901049 4.742488664239534e-05
0.5868830349290007 6.43547147602418e-05
0.5876410592772301 4.068242193295868e-05
0.5884000626977419 3.0071834947673406e-05
0.5891600464551162 1.6982095147090227e-05
0.5899210118155666 2.5916036189004295e-05
0.5906829600469419 3.4370105855318046e-05
0.5914458924187286 4.4938404493138334e-05
0.592209810202053 6.149141593193616e-05
0.5929747146696831 5.5319001236957046e-05
0.5937406070960306 7.689108736900753e-05
0.5945074887571536 8.526938799196999e-05
0.5952753609307583 0.00010153456347584841
0.596044224896201 9.042893441754919e-05
0.5968140819344906 8.685336790196444e-05
0.5975849333282904 0.00010002520100766935
0.5983567803619207 0.00012077721130522893
0.5991296243213603 0.00013397308797712796
0.5999034664942493 0.00010184582687758681
0.6006783081698907 9.719557295097603e-05
0.6014541506392527 0.00017412058334988068
0.6022309951949713 0.00015018329696565088
0.6030088431313516 0.00010744613130258706
0.6037876957443711 0.00014853137412234135
0.6045675543316804 0.00023861421796532613
0.6053484201926067 0.00019162767813012813
0.6061302946281554 0.00019516074270546787
0.606913178941012 0.00023397423600075214
0.6076970744355448 0.0002161583604215341
0.6084819824178068 0.0002902807382888666
0.6092679041955378 0.00016308827915168515
0.6100548410781669 0.0002610697849127045
0.6108427943768142 0.00018963503084696776
0.6116317654042935 0.0002488125242530789
0.6124217554751141 0.0002115104956732817
0.6132127659054832 0.00033459344206313756
0.6140047980133081 0.00033413971699404254
0.614797853118198 0.0002864674891353022
0.6155919325414669 0.0001517478959376388
0.6163870376061353 8.877488700225015e-05
0.6171831696369325 0.00019690303197807306
0.6179803299602988 0.00010920611989553066
0.6187785199043878 9.593317273213062e-05
0.6195777407990685 9.583440179310243e-05
0.6203779939759276 0.0001651693356976728
0.6211792807682718 0.00020215034289517914
0.6219816025111297 0.00010725748160671532
0.6227849605412543 7.822969191852077e-05
0.6235893561971254 6.623229398741792e-05
0.6243947908189514 6.593388798363104e-05
0.6252012657486716 7.299985642554508e-05
0.6260087823299588 0.00011413683951124732
0.6268173419082212 9.013931635920816e-05
0.6276269458306047 9.332583301078626e-05
0.6284375954459953 0.00023133678451809354
0.6292492921050211 0.0002072074472414121
0.6300620371600548 0.00010282306336354321
0.6308758319652158 0.00019898677652153523
0.6316906778763725 0.0003258802404602857
0.6325065762511444 0.00019169134029635576
0.6333235284489048 0.00019607760444097688
0.6341415358307828 0.00042563170714551575
0.634960599759665 0.0001716122225924407
0.635780721600199 0.0001974882973030638
0.6366019027187947 0.00011638995737371877
0.6374241444836267 0.00013167553855730817
0.6382474482646371 0.00022231608952842934
0.6390718154335371 7.814996543550281e-05
0.6398972473638099 0.00014355315847609494
0.6407237454307124 0.00029442861285816223
0.6415513110112782 0.00026710230225298525
0.6423799454843191 0.00020636693289640141
0.643209650230428 0.00018057914233744114
0.6440404266319809 0.0001594930030078499
0.6448722760731393 0.0001763897156902235
0.6457051999398528 0.00023874666902762355
0.6465391996198605 0.0004213331034553035
0.6473742765026943 0.00012640504295752603
0.648210431979681 0.00015396590721379692
0.649047667443944 0.0003212398791601388
0.6498859842904064 0.00016398175406474343
0.650725383915793 0.0002201763921708369
0.6515658677186326 0.00024267928919309413
0.65240743709926 0.00024086494820648995
0.6532500934598191 0.00033027246207817607
0.6540938382042647 0.0011783250263888616
0.6549386727383651 0.00048386973576586577
0.655784598469704 0.0003724586235224041
0.6566316168076834 0.00039811604633566784
0.6574797291635256 0.00037841523388728226
0.6583289369502757 0.0005339181114537493
0.6591792415828038 0.0002999300571593378
0.6600306444778076 0.0004696544096114904
0.6608831470538145 0.0005798734430759437
0.6617367507311841 0.0006399997970910335
0.6625914569321106 0.00015514733266967293
0.6634472670806253 0.0007323214510244064
0.6643041826025985 0.0008898123920490842
0.6651622049257422 0.00020940575695818625
0.6660213354796125 0.00017750436820689148
0.666881575695612 9.959487982487064e-05
0.6677429270069922 0.00029087128774215194
0.6686053908488555 8.726987288068229e-05
0.6694689686581581 0.00013051017460102084
0.6703336618737122 0.0003237422499932195
0.6711994719361883 0.00025184285975295194
0.6720664002881177 0.00010946888671766349
0.6729344483738949 0.00010521877477857804
0.6738036176397803 9.503177220505445e-05
0.6746739095339015 0.00020290881723377118
0.6755453255062573 0.00027091635891496416
0.6764178670087191 0.0002731243866843074
0.6772915354950335 0.00031603282374318423
0.6781663324208247 9.881627579883852e-05
0.6790422592435972 0.00022168503423370718
0.6799193174227377 0.00016301487067473628
0.6807975084195184 0.00026755828567945924
0.6816768336970983 0.0001082785123207574
0.6825572947205266 0.0004425445513124058
0.6834388929567448 0.00015491508506779324
0.6843216298745888 0.00022818005402352258
0.6852055069447919 0.00013250232708230127
0.686090525639987 0.000332110899482807
0.686976687434709 0.0002334476781229451
0.6878639938053974 0.00036835724773269545
0.6887524462303988 0.0001453671252595766
0.6896420461899688 0.000262778878065738
0.6905327951662755 0.00018719797336689019
0.6914246946434008 0.000259900053027852
0.6923177461073441 0.0001562719340914931
0.6932119510460234 0.0004217762059787421
0.6941073109492792 0.00025805131214507766
0.6950038273088759 0.0002622756066261047
0.6959015016185046 0.0005513586067045922
0.6968003353737862 0.0003223976589695471
0.6977003300722725 0.0005912943998992042
0.6986014872134505 0.00026804853097247194
0.6995038082987433 0.0003611439742928157
0.7004072948315134 0.00043929271498573504
0.7013119483170653 0.0006366729455519664
0.7022177702626474 0.000928011397653917
0.7031247621774551 0.00040946427933884563
0.7040329255726332 0.0021892810011085624
0.704942261961278 0.0009640716863539997
0.7058527728584403 0.0008197775022898185
0.7067644597811278 0.0007153547190362279
0.7076773242483075 0.0008998906865604598
0.7085913677809085 0.00037294696785937346
0.7095065919018239 0.00019702855644545506
0.7104229981359143 0.00011696128706931857
0.7113405880100095 0.00014153856907308745
0.7122593630529116 0.0007306189150454573
0.7131793247953971 0.00013056390430246683
0.7141004747702199 9.736178619167593e-05
0.7150228145121131 0.0005834644340446498
0.7159463455577929 0.00018966096262742896
0.7168710694459597 0.00014952820187553214
0.7177969877173015 0.0003045577686588588
0.7187241019144962 0.0004185624468265952
0.7196524135822144 0.0004226202513660033
0.7205819242671219 0.00011995903839747443
0.7215126355178816 0.0005587601135158813
0.7224445488851574 0.0009859611239409777
0.7233776659216156 0.0007997600485233425
0.7243119881819281 0.0006771067849637648
0.7252475172227748 0.0008088256696701929
0.7261842546028463 0.00038072972817951355
0.7271222018828462 0.000378548458125187
0.7280613606254942 0.0006343778305883189
0.7290017323955282 0.001957566849056563
0.7299433187597074 0.0022676181291633535
0.7308861212868143 0.002372629454194539
0.7318301415476578 0.0012929970364952846
0.7327753811150759 0.001782254439683801
0.7337218415639377 0.002451382520993897
0.7346695244711468 0.0018593398734758075
0.7356184314156431 0.0010958040393729256
0.7365685639784064 0.003180485245191616
0.7375199237424581 0.0018502882342895776
0.7384725122928644 0.001235516258855162
0.7394263312167387 0.001978916417926531
0.7403813821032447 0.0016462383226996842
0.741337666543598 0.0010337091555022541
0.7422951861310702 0.0015793118655963057
0.7432539424609902 0.0013014623847384386
0.7442139371307476 0.0014697968425339371
0.7451751717397954 0.0012910011027297483
0.7461376478896523 0.0012765418421864343
0.7471013671839055 0.001520744374798708
0.7480663312282135 0.0011548454632089816
0.7490325416303087 0.0015570746522564172
0.75 0.0022251473717848176
0.7535957271382807 0.0011716732495549759
0.757208693281432 0.002090674238646607
0.7608389810784641 0.0019403256913791637
0.7644866735746316 0.0006390051143985543
0.7681518542133332 0.0005868038430770204
0.7718346068380205 0.000530282172501031
0.7755350156941161 0.0010851200553434754
0.7792531654309404 0.0008647849308252709
0.7829891411036486 0.0008923185832153113
0.7867430281751759 0.0012916294927793118
0.7905149125181926 0.0014570203026526376
0.7943048804170689 0.002492688850011364
0.7981130185698482 0.002063769942382777
0.8019394140902305 0.003895038899387391
0.8057841545095653 0.0029797747232183213
0.8096473277788541 0.0032007572284008475
0.8135290222707618 0.005571693008048688
0.817429326781639 0.005018209639838848
0.8213483305335527 0.0052303215764244945
0.8252861231763274 0.004106506775096889
0.8292427947895962 0.005741206478511751
0.833218435884861 0.004998086095536913
0.8372131374075636 0.006230049087352211
0.8412269907391656 0.0017062437854552634
0.8452600876992389 0.0009954420303650065
0.8493125205475665 0.0027304758000859927
0.8533843819862523 0.0017377201140117125
0.8574757651618429 0.0018447556670618764
0.8615867636674567 0.0025814563046388313
0.8657174715449267 0.0029357745027000738
0.8698679832869504 0.002578248576455903
0.8740383938392522 0.0021529382122286696
0.8782287986027549 0.003910337124999153
0.8824392934357623 0.0018860811460128769
0.8866699746561519 0.002853161464766551
0.8909209390435783 0.0061499484077782805
0.8951922838416869 0.0022289590837977005
0.8994841067603389 0.00444024807766423
0.903796505977846 0.007488009609404682
0.9081295801432163 0.00551308792255193
0.9124834283784115 0.004952675445999145
0.9168581502806137 0.006740457262010968
0.9212538459245041 0.006579175199679008
0.9256706158645523 0.0038158314981364635
0.9301085611373165 0.00402682668969058
0.9345677832637547 0.004447816049927753
0.939048384251547 0.0024196691703010286
0.9435504665974296 0.006515893878256658
0.9480741332895386 0.004962981057085108
0.9526194878097667 0.007575320993809783
0.9571866341361303 0.007185882144616565
0.9617756767451473 0.006950085561307438
0.9663867206142284 0.004891067622218389
0.9710198712240772 0.007678310957949402
0.975675234561104 0.007195473330719087
0.9803529171198504 0.008469426892363088
0.9850530259054243 0.0077850277333172575
0.9897756684359491 0.0014057986007896092
0.9945209527450225 0.004702634303188438
0.9992889873841879 0.006953871097438121
1.0040798814254177 0.0029678586989127227
1.0088937444636084 0.0024480939063807328
1.0137306866190876 0.006889520948491402
1.0185908185401331 0.007002846541254943
1.023474251405504 0.007537353081406853
1.0283810969269844 0.006246155482140039
1.033311467351938 0.007400168337277596
1.0382654754658767 0.007252908520681338
1.04324323459504 0.006541056077117224
1.048244858608988 0.006187797419121694
1.053270461923206 0.00899996505001679
1.0583201595017218 0.007238274935375228
1.0633940668597348 0.00730472364412756
1.0684923000662605 0.008493116075776812
1.0736149757467832 0.007665244519762035
1.0787622110859263 0.00802505671771002
1.0839341238301308 0.008521826543023591
1.08913083229035 0.008189190334570832
1.0943524553447561 0.008915392009438416
1.099599112441459 0.0071031330152845455
1.1048709236012393 0.006286068452464031
1.1101680094202928 0.008549177875749372
1.1154904910729908 0.006193278380999889
1.120838490314651 0.007356838898512223
1.126212129484323 0.008314071469379248
1.1316115315075865 0.00866907544151473
1.1370368198993641 0.007239030705395028
1.1424881187667462 0.006369008080543152
1.1479655528118298 0.00794869505044752
1.1534692473345722 0.007952120011878313
1.1589993282356565 0.007641107512293792
1.164555922019371 0.008569126712405725
1.170139155796505 0.007424963304102441
1.1757491572872547 0.00690361657404186
1.1813860548241462 0.007644014982045855
1.1870499773549694 0.008229359836694487
1.1927410544457302 0.007577028460643729
1.198459416283613 0.00797627958428555
1.2042051936799583 0.0085682005880232
1.2099785180732563 0.008108731736503188
1.2157795215321532 0.007435148298283133
1.221608336758472 0.006132151813185524
1.2274650970902483 0.008613468362156314
1.2333499365047813 0.008205326534545683
1.2392629896216973 0.006801739112126589
1.24520439170603 0.007237959510864419
1.251174278671315 0.00677102874873689
1.2571727870826979 0.008193842091895378
1.2632000541600594 0.006526807353593356
1.269256217781154 0.008401949567839021
1.2753414164847634 0.00832378851929805
1.281455789473867 0.008140561518888931
1.2875994766188243 0.00813846930139884
1.2937726184605767 0.00808503510431858
1.2999753562138607 0.008144740235960048
1.30620783177044 0.007891754206049708
1.3124701877023488 0.006001133911993615
1.3187625672651564 0.008211328000435636
1.3250851144012417 0.006220668377335048
1.3314379737430875 0.005371294458844852
1.337821290616588 0.0059784663684424155
1.3442352110443743 0.002824101164398915
1.3506798817491539 0.004342566778591058
1.3571554501570673 0.005489818921449844
1.363662064401061 0.005617870688010428
1.3701998733242755 0.005444491152653728
1.3767690264834498 0.005959264610082482
1.3833696741523442 0.006073671754446953
1.3900019673251762 0.005344416743217709
1.3966660577200758 0.0025082586536876836
1.4033620977825552 0.005028896580881645
1.4100902406889968 0.004387620956803756
1.4168506403501568 0.004110990671847649
1.4236434514146867 0.003963198792234439
1.43046882927267 0.004975645970046317
1.4373269300591769 0.0056379455533227246
1.4442179106578377 0.005037884743202173
1.4511419287044287 0.005328573651572081
1.4580991425904812 0.0056694924831685286
1.4650897114669033 0.003973725437745645
1.4721137952476195 0.0037864521293160948
1.4791715546132318 0.003520379262200518
1.4862631510146926 0.003796715743126786
1.4933887466769993 0.0044688586274836675
1.5005485046029052 0.0031068791431609895
1.5077425885766482 0.003974139074062684
1.514971163167697 0.004836326998990145
1.5222343937345166 0.005253445530800278
1.5295324464283504 0.005289187693285496
1.5368654881970214 0.005047350936870392
1.5442336867887507 0.004407746954695492
1.5516372107559953 0.005599340737600401
1.559076229459304 0.005271954932403332
1.5665509130711908 0.005515120709129249
1.5740614325800286 0.005374241201345577
1.5816079597939605 0.005552179292481693
1.5891906673448297 0.005275051711366055
1.5968097286921286 0.0052358900388916356
1.604465318126967 0.005151573878851842
1.6121576107760593 0.004958091157879801
1.6198867826057304 0.005492696159748915
1.6276530104259406 0.005006965400435432
1.6354564718943307 0.005017694420362614
1.643297345520287 0.005457908881010741
1.6511758106690229 0.005465796101389682
1.659092047565683 0.005403709857805062
1.6670462372994665 0.005277370311450275
1.6750385618277683 0.005562827138043887
1.6830692039803425 0.0053162529556894725
1.6911383474634847 0.005402890728080029
1.6992461768642335 0.00515453317809866
1.707392877654594 0.005157388735653192
1.7155786361957803 0.0044022028007782085
1.7238036397424783 0.004854311761105861
1.7320680764471306 0.004490111509607902
1.7403721353642378 0.004022428658641606
1.7487160064546867 0.0028824462073766062
1.7570998805900933 0.004268793428331457
1.76552394955717 0.00393787281376234
1.7739884060621127 0.002637105450995549
1.7824934437350097 0.0033667912503460395
1.7910392571342704 0.0022927280788217733
1.7996260417510754 0.0030665563542778833
1.80825399401385 0.0019883455388109024
1.8169233112927567 0.0020610354508576443
1.8256341919042098 0.0022856528252237136
1.834386835115414 0.0030045483914554263
1.8431814411489198 0.001857455548831097
1.8520182111872059 0.0033531018109796344
1.8608973473772803 0.002338716174744133
1.8698190528353054 0.0016113930064326281
1.8787835316512442 0.002542162565782296
1.8877909888935285 0.0028860049318334548
1.89684163061375 0.002473761927841682
1.9059356638513747 0.0031030733594146044
1.915073296638478 0.0026510549617579787
1.9242547380045036 0.00231744259961341
1.9334801979810476 0.0012866567063107954
1.9427498876066593 0.0017827680312222933
1.9520640189316716 0.001500049277009415
1.96142280502305 0.0022928788179922346
1.9708264599692682 0.0015738206992570295
1.9802751988852059 0.0023792348749332387
1.9897692379170668 0.0021190251008722308
1.999308794247326 0.0013948949760044227
2.0088940860996973 0.0015487336221856763
2.018525332744124 0.0020197136955690622
2.0282027545017973 0.0016843660684180797
2.037926572750194 0.0022612888284617395
2.0476970099281426 0.002211811020127516
2.057514289540909 0.0020695530861686135
2.0673786361653126 0.0024714670365585767
2.0772902754548603 0.0016624510953642915
2.0872494341449133 0.0024175883856455242
2.097256340057868 0.0022703375029417936
2.107311222108371 0.001978424333374705
2.1174143103085554 0.002241023236861889
2.1275658357733027 0.0023051466023293913
2.1377660307255275 0.002242716019787159
2.1480151285014935 0.0022877503185647886
2.158313363556147 0.002495587322223361
2.168660971468484 0.002334827524758735
2.1790581889469367 0.0022027198682955944
2.189505253834789 0.002263126466668922
2.2000024051156175 0.0023478685264677725
2.21054988291876 0.0022481377545013146
2.2211479285248057 0.00208199157643883
2.231796784371116 0.002278161428227289
2.2424966940573703 0.001958709873498999
2.2532479023511387 0.0022456076186420505
2.264050655193483 0.0018611578502638303
2.274905199704578 0.002269305425102933
2.2858117841893697 0.002158282013320884
2.296770658143252 0.0019760057767191194
2.307782072257775 0.0019937564119376027
2.318846278426381 0.0020578913580932725
2.329963529750166 0.0015511643836221072
2.341134080543669 0.0017738605874710414
2.3523581863406884 0.001708508638826011
2.3636361039001312 0.0017063995838055884
2.374968091211883 0.0014718031462170457
2.386354407502711 0.0015304666087436038
2.3977953132421947 0.0016668251649437275
2.4092910701486843 0.0011032622817184442
2.420841941195286 0.0013821955958200215
2.4324481906158777 0.0013328264419024433
2.444110083911157 0.0007960375716736339
2.4558278878547095 0.001236420941244184
2.467601870499117 0.0011771671093408983
2.4794323011820847 0.0009437549210883255
2.491319450532605 0.001068818692008651
2.503263590477147 0.0009645493221348148
2.5152649942458787 0.0007734772193625215
2.5273239363789144 0.001047583073617999
2.5394406927326 0.0009571132178825229
2.5516155404858174 0.0009778877596351117
2.5638487581463285 0.0007839832497003286
2.5761406255571475 0.0009572908419970106
2.5884914239029375 0.0008420394214643768
2.6009014357164504 0.0006446240222764564
2.6133709448849824 0.0010996619443599935
2.625900236656872 0.0008877459126317915
2.638489597648025 0.0010181441064004684
2.6511393158484706 0.0010052206482954148
2.663849680628949 0.0009360508000661592
2.676620982747533 0.0006540757695606296
2.6894535143562757 0.0010851624893867253
2.702347569007896 0.0006513679124416172
2.7153034416624937 0.0009208561611845662
2.7283214286942967 0.0007602024960323176
2.741401827898442 0.0007740721525454949
2.7545449384977845 0.0006956487612752336
2.7677510611497445 0.0007634081119557118
2.7810204979531865 0.0008847547747108704
2.7943535524553265 0.0008253281985623736
2.8077505296586787 0.0008253498942291529
2.821211736028033 0.0005347842716724044
2.8347374794974622 0.0006078564593419261
2.8483280694773696 0.0007663107300258347
2.861983816861565 0.0006393276094486638
2.8757050340343775 0.0006424471793524272
2.8894920348778004 0.0007023335257567079
2.903345134778675 0.0005318034358729272
2.9172646506359 0.0006584569249072126
2.931250900867685 0.0006206280185152883
2.945304205418831 0.0007399672070692632
2.9594248857680525 0.0005487222561193401
2.9736132649353317 0.0005974290664087338
2.9878696674893046 0.00043712979147558827
3.0021944195546872 0.0006914729605276388
3.0165878488197375 0.0006850206097979079
3.031050284543749 0.000500886910886441
3.045582057564585 0.0005199489170230021
3.060183500306246 0.0007014245551365931
3.0748549467864725 0.0007483827468216924
3.089596732624388 0.0007068734062253345
3.1044091950481763 0.0005629001749515777
3.1192926729027923 0.000605138890875156
3.1342475066577213 0.000552277868818174
3.1492740384147586 0.0006151160499066107
3.1643726119158395 0.0005068516447991555
3.1795435725509034 0.0005430101740068274
3.194787267365793 0.0006019494603296863
3.210104045070193 0.0005172296568616508
3.2254942560456112 0.0004905969381567173
3.240958252353387 0.0006408987429912676
3.2564963877427493 0.000573421833879376
3.272109017658909 0.0005820700877686593
3.2877964992511868 0.0005596767543560985
3.3035591913811895 0.0005385147232120763
3.3193974546310105 0.00044729114763907593
3.335311651311486 0.0005373358025218399
3.3513021454704788 0.0005449693606520494
3.3673693029012073 0.0005689688477872217
3.3835134911506137 0.0005294090146333035
3.3997350795277725 0.000495253215910755
3.416034439112336 0.0006145813366906765
3.4324119427630264 0.0005883878799467985
3.448867965126162 0.0005977066388277621
3.4654028826442294 0.0003992798906532123
3.482017073564496 0.0005106136233628734
3.4987109179476596 0.00037749247714365477
3.5154847976765438 0.0005568492537482138
3.5323390964648356 0.0005948952104652791
3.5492741998658603 0.0005497680296216494
3.5662904952814025 0.0005343247506512936
3.58338837197057 0.0005286221723032439
3.6005682210586953 0.0005379553470944955
3.6178304355462845 0.0005587866938185782
3.635175410318007 0.000492331559381267
3.6526035421517284 0.0005504519400761365
3.6701152297275876 0.0004927096622709998
3.687710873637119 0.0004951640454032279
3.7053908763924124 0.0005548277167361488
3.7231556424353216 0.0005453979035651713
3.7410055781467184 0.0004947380765102342
3.758941091855786 0.0005368151174886876
3.7769625938493654 0.0005344678054489033
3.795070496381332 0.0004952707704340652
3.8132652136820346 0.0005130561527105724
3.8315471619677655 0.0005113758501110776
3.849916759450285 0.0004944364428922009
3.8683744263463873 0.0004806698431477979
3.8869205848875135 0.00046845869798232964
3.9055556593294094 0.0004759029624624681
3.9242800759618315 0.00047815431684223724
3.943094263118298 0.0004594682802186375
3.9619986511858882 0.0004166610960600056
3.980993672615089 0.00043182795477258963
4.000079761929683 0.0003880724966033453
4.019257355736694 0.00035873348649550303
4.03852689273637 0.00040991143899580824
4.057888813732221 0.00029783689561672087
4.077343561641103 0.0003763015746145623
4.096891581503353 0.00037117889761969407
4.11653332049296 0.000284963451066365
4.136269227927804 0.0003349865908691307
4.156099755279931 0.00031076683815295137
4.17602535618588 0.000274078982753429
4.19604648645706 0.00029838567263907494
4.216163604090182 0.0003179734016593984
4.236377169277727 0.00031912894716734413
4.25668764441848 0.0002682628299159807
4.277095494128106 0.00032936974518432027
4.2976011852497775 0.00030164105537925235
4.318205186864858 0.0002650743629320554
4.338907970303623 0.00027572249029338884
4.359710009156054 0.00023619254556688272
4.380611779282662 0.00021150959415314023
4.4016137588253805 0.00017743314734513924
4.422716428218497 0.00020238346729626678
4.4439202701996505 0.00010416039697591066
4.465225769820868 0.00012882958143916812
4.486633414459661 0.00019928539597294137
4.50814369383018 0.0001772920290416863
4.529757099994412 0.00019081035528382845
4.551474127373438 0.00015905211080969456
4.5732952727587435 0.00016625119845553777
4.595221035323583 0.00018378330017941848
4.617251916634397 0.00018482816137156818
4.639388420662292 0.00018242820418551195
4.661631053794558 0.00020403467519640483
4.683980324846266 0.00016417655385642238
4.706436745071897 0.0001678090408779978
4.729000828177038 0.00019628096716310607
4.751673090330143 0.00018324487378026754
4.774454050174326 0.0001406469469927927
4.79734422883924 0.00020025474942977643
4.820344149952989 0.00017611376789564826
4.843454339654107 0.00014901327320923383
4.866675326603597 0.00015315059507349122
4.890007641997023 0.0001593722301877805
4.91345181957666 0.0001512925102240209
4.937008395643709 0.00013537168601239445
4.960677909070557 0.00015226150494420824
4.98446090131311 0.00014174841928925162
5.008357916423177 0.0001349206926257584
5.032369501060916 0.0001483544437761616
5.0564962045073445 0.00013269805617729973
5.0807385786768915 0.00011920433686492916
5.105097178130036 9.833800953997309e-05
5.129572560085985 0.00012649567628625715
5.154165284435427 0.00013724359685568028
5.1788759137533305 0.00011911549623090648
5.203705013311826 0.00012622587920600744
5.2286531510931225 0.00010029898790568908
5.253720897802513 0.00012330265848776618
5.278908826881421 0.00011306380990670362
5.304217514520523 0.00011167022511333324
5.329647539672928 0.00011231382737741526
5.355199484067426 0.00011998150554703566
5.380873932221783 0.00012186348047272699
5.406671471456126 9.21948353650724e-05
5.432592691906369 9.002252453390202e-05
5.458638186537719 8.756010917097031e-05
5.484808551158237 9.952530517294405e-05
5.511104384432469 0.000110179107740361
5.537526287895138 0.00010019329325658965
5.5640748659649075 7.732317798679966e-05
5.590750725958208 9.350574840134322e-05
5.617554478103128 0.00010334543793112182
5.644486735553375 8.36460221798576e-05
5.671548114402301 0.00010239449897733112
5.698739233696996 9.221988898744092e-05
5.726060715452448 8.288929664214867e-05
5.753513184665774 8.673311184998912e-05
5.781097269330519 9.222774513997e-05
5.808813600451015 0.00010159418144380446
5.836662812056822 9.086944117551009e-05
5.864645541217231 8.444984333530519e-05
5.892762428055834 9.217871654580622e-05
5.921014115765167 8.295545632269321e-05
5.949401250621433 6.884010890491107e-05
5.977924481999274 8.88183453522518e-05
6.0065844623866305 9.13146249394584e-05
6.035381847399669 7.506559956491361e-05
6.0643172957977765 7.258690762974877e-05
6.093391469498636 7.49535422086232e-05
6.122605033593362 7.357705362267063e-05
6.151958656361717 6.563424739770435e-05
6.181453009287397 6.281693187137114e-05
6.2110887670734 7.29685984790006e-05
6.240866607657446 7.039692048840672e-05
6.270787212227504 6.839588437353993e-05
6.300851265237357 7.863655868058234e-05
6.331059454422269 7.867151096424787e-05
6.361412470814716 7.305412250046678e-05
6.39191100876019 6.696256687048066e-05
6.422555765933088 7.136356819858237e-05
6.45334744335267 5.3007543098667576e-05
6.4842867453990936 6.366397876729645e-05
6.515374379829527 5.669988812855883e-05
6.546611057794343 5.032211011321647e-05
6.57799749385338 5.431003388547087e-05
6.609534405992302 5.0412703721734915e-05
6.641222515639004 4.756637076476559e-05
6.6730625476801295 5.365940088815281e-05
6.7050552304776465 4.49263634066097e-05
6.737201295885512 5.0879030417877756e-05
6.769501479266411 4.559601975064847e-05
6.801956519508584 4.5682988507396754e-05
6.83456715904272 3.919492967675486e-05
6.867334143858949 3.7470390510876517e-05
6.900258223523903 4.228594322258724e-05
6.933340151197861 4.5106678322899984e-05
6.966580683651985 4.557874742221701e-05
6.999980581285625 4.377600958631215e-05
7.0335406081437135 4.277353724171696e-05
7.067261531934249 4.868779032311247e-05
7.101144124045853 4.209992835031643e-05
7.135189159565416 4.247280977414984e-05
7.169397417295838 3.473634549509881e-05
7.203769679773824 3.554791112786121e-05
7.238306733287806 3.954481650665048e-05
7.2730093678959165 4.06095369945054e-05
7.307878377444066 3.768704329294315e-05
7.342914559584106 3.445577599019732e-05
7.37811871579207 3.163957161898179e-05
7.413491651386511 3.952346748583106e-05
7.449034175546921 3.4356776541267786e-05
7.484747101332247 3.6271580718941656e-05
7.520631245699485 3.6442280770481674e-05
7.556687429522369 3.686593613767536e-05
7.592916477610153 3.2842056492810425e-05
7.629319218726471 2.9886135810399254e-05
7.665896485608313 3.174589307420848e-05
7.702649114985049 3.246721608234914e-05
7.73957794759759 3.0367917877312865e-05
7.77668382821761 3.424068772809137e-05
7.813967605666878 2.902221112389837e-05
7.8514301328366685 2.7031301011719493e-05
7.8890722667072755 2.645670632181976e-05
7.926894868367619 3.0214836988165634e-05
7.964898803034935 2.8474041835723754e-05
8.003084940074578 2.967440526001231e-05
8.041454153019895 2.6270524955554457e-05
8.080007319592234 2.6836703788718298e-05
8.118745321720986 2.503213071619169e-05
8.15766904556379 2.6240990267061954e-05
8.196779381526783 2.6017287854568596e-05
8.23607722428499 2.5245424555551495e-05
8.275563472802775 2.547223992917947e-05
8.315239030354402 2.1318906850361926e-05
8.355104804544718 2.227879888357161e-05
8.395161707329892 2.314845867570399e-05
8.435410655038293 2.228249103875045e-05
8.47585256839144 2.2070447094500555e-05
8.516488372525082 2.1319398428823117e-05
8.557318997010336 2.1769379199845397e-05
8.598345375874969 2.3946849254264447e-05
8.639568447624761 2.089558198222565e-05
8.680989155264971 1.9575453437740034e-05
8.722608446321914 1.8918109116710446e-05
8.764427272864628 1.960097272555682e-05
8.806446591526663 1.9134288318182148e-05
8.84866736352796 1.6810446538411024e-05
8.891090554696834 1.986072192226863e-05
8.933717135492076 2.2097348345268723e-05
8.97654808102516 1.4957084841136686e-05
9.019584371082525 2.079729149028445e-05
9.06282699014801 1.711417078077145e-05
9.106276927425366 1.910286339828598e-05
9.14993517686089 1.5878716758728832e-05
9.193802737166154 1.539416634243276e-05
9.237880611840858 1.9553958979839082e-05
9.282169809195782 1.6887332842391286e-05
9.326671342375855 1.580373574147471e-05
9.37138622938333 1.6060219358131054e-05
9.416315493101063 1.682153822100277e-05
9.461460161315939 1.4900550344922749e-05
9.506821266742346 1.724170785176911e-05
9.552399847045825 1.6148004898077805e-05
9.5981969448668 1.5356140711738184e-05
9.644213607844426 1.5788346933427074e-05
9.690450888640562 1.4669809720323594e-05
9.736909844963844 1.3808501467399102e-05
9.783591539593884 1.5167102397238198e-05
9.830497040405579 1.4162965652266802e-05
9.877627420393544 1.4642235370338611e-05
9.924983757696651 1.3419121613114374e-05
9.972567135622711 1.4349996444588e-05
10.020378642673224 1.3302226809743667e-05
10.068419372568302 1.2740794726029775e-05
10.116690424271683 1.3132453024951981e-05
10.165192902015866 1.3532848203721556e-05
10.213927915327382 1.2256132452921047e-05
10.262896579052162 1.1228685825153267e-05
10.31210001338105 1.2040402580961385e-05
10.361539343875423 1.1156507089812438e-05
10.411215701492937 1.1675663962305191e-05
10.461130222613402 1.1433665344005272e-05
10.511284049064788 1.1502474325093223e-05
10.56167832814932 1.0422118003455346e-05
10.612314212669743 9.2484970657461e-06
10.663192860955688 1.1032591403589326e-05
10.714315436890168 9.906870244398892e-06
10.765683109936202 1.0270855258951228e-05
10.817297055163571 9.130909822030307e-06
10.869158453275698 9.490848029587512e-06
10.921268490636654 9.077767002143855e-06
10.973628359298297 9.105439388952006e-06
11.026239257027544 8.804774331103486e-06
11.079102387333766 8.276436849590046e-06
11.132218959496333 8.16787228907272e-06
11.18559018859226 8.449239916412156e-06
11.239217295524002 8.411641068766613e-06
11.293101507047401 7.993965052121818e-06
11.347244055799733 8.786138302997342e-06
11.401646180327912 8.551058630804293e-06
11.456309125116817 6.845622635888497e-06
11.511234140617772 8.341177724065457e-06
11.566422483277135 7.5472287251214e-06
11.621875415565054 7.099231707038369e-06
11.677594206004335 6.796643248752984e-06
11.73358012919948 6.86865529077578e-06
11.789834465865818 7.13961582350298e-06
11.846358502858818 7.358463923872994e-06
11.903153533203527 6.464922811388796e-06
11.960220856124144 5.919633828942189e-06
12.01756177707374 6.564586875198548e-06
12.075177607764124 5.96958737264055e-06
12.133069666195853 6.1123910820988705e-06
12.191239276688373 6.195453405462404e-06
12.249687769910324 5.522036503141271e-06
12.308416482909958 5.770501996917282e-06
12.367426759145774 5.6916141439548255e-06
12.426719948517185 4.858632621299526e-06
12.48629740739545 5.650628741634672e-06
12.54616049865467 5.416959969975492e-06
12.606310591702988 5.340558376834557e-06
12.666749062513896 5.063533328742512e-06
12.727477293657726 4.275238044210616e-06
12.788496674333269 4.695240832891233e-06
12.849808600399552 4.60847304904548e-06
12.911414474407778 4.861050185261654e-06
12.973315705633395 4.7865470359215755e-06
13.035513710108367 4.466417623195257e-06
13.098009910653523 4.2155157057575755e-06
13.160805736911131 4.490803751532705e-06
13.223902625377601 4.038774320154492e-06
13.287302019436336 4.099468580982441e-06
13.35100536939076 3.745619360796712e-06
13.415014132497493 3.7170580496090024e-06
13.479329772999682 3.952612922174269e-06
13.543953762160495 3.9118871394620664e-06
13.608887578296788 3.6649320299586718e-06
13.674132706812903 3.897856845099732e-06
13.739690640234688 3.814379107304412e-06
13.805562878243586 3.800782404421502e-06
13.871750927710973 3.8757762680439815e-06
13.93825630273263 3.781683705253387e-06
14.00508052466336 3.0285066619782182e-06
14.07222512215181 3.698412417508589e-06
14.139691631175433 3.1506800900336803e-06
14.207481595075617 3.03164813871361e-06
14.275596564592998 3.5542365908045586e-06
14.344038097902937 3.032192824762679e-06
14.412807760651145 3.137914533408701e-06
14.48190712598954 2.8240722571901473e-06
14.55133777461218 3.096950992401676e-06
14.621101294791464 2.877646960237806e-06
14.691199282414441 2.652992769394456e-06
14.761633341019332 3.20425653354948e-06
14.832405081832201 2.7317132368953644e-06
14.903516123803822 2.6149542946357575e-06
14.97496809364671 2.5734658803960145e-06
15.046762625872327 2.5443330327471715e-06
15.118901362828483 2.5871997019107125e-06
15.19138595473689 2.498787195721272e-06
15.264218059730949 2.5358515341088237e-06
15.337399343893628 2.4280498959798627e-06
15.41093148129561 2.3245101411950892e-06
15.484816154033581 2.367065683596762e-06
15.55905505226871 2.2969583487445867e-06
15.633649874265304 2.376167919062434e-06
15.70860232642967 2.2122807366860187e-06
15.78391412334914 2.202788722336413e-06
15.859586987831298 2.0843892905900146e-06
15.935622650943388 2.3420760131313194e-06
16.01202285205191 2.049576902097734e-06
16.088789338862437 2.0753457685411396e-06
16.16592386745954 1.9655584009626827e-06
16.243428202347012 2.0449586453105067e-06
16.321304116488204 1.8347089923257875e-06
16.39955339134659 1.787897445660873e-06
16.47817781692652 1.6923647214028253e-06
16.55717919181417 1.836302330133337e-06
16.63655932321868 1.686941854363837e-06
16.7163200270135 1.7426523309217967e-06
16.796463127777923 1.8855270385719908e-06
16.876990458838833 1.6145074807402109e-06
16.957903862312623 1.783606933266641e-06
17.03920518914739 1.6635598967366902e-06
17.12089629916519 1.585507238181486e-06
17.202979061104653 1.3506574064818219e-06
17.285455352663703 1.5193459012334854e-06
17.36832706054252 1.2746039802297129e-06
17.45159608048669 1.4112077762358743e-06
17.535264317330583 1.4225413220483568e-06
17.619333685040917 1.5245920549551554e-06
17.70380610676055 1.3661286515121976e-06
17.78868351485247 1.4478998961420188e-06
17.87396785094398 1.368702953776097e-06
17.959661065971176 1.3066317574299442e-06
18.04576512022349 1.376297772964217e-06
18.13228198338859 1.203346254550911e-06
18.21921363459743 1.1885049995214629e-06
18.306562062469503 1.297130791007746e-06
18.39432926515836 1.2452942120344225e-06
18.482517250397294 1.1577444604029716e-06
18.571128035545286 1.2027745098925831e-06
18.660163647633148 1.0348159854645416e-06
18.749626123409886 1.0843128186724646e-06
18.839517509389292 1.141923200471352e-06
18.92983986189679 1.0366315635855983e-06
19.020595247116432 1.1066857834709174e-06
19.111785741138178 1.0374442078076014e-06
19.203413430005398 8.195534259227706e-07
19.295480409762593 1.0004392847396294e-06
19.38798878650332 9.564309531027413e-07
19.480940676418403 9.82368203339749e-07
19.574338205844317 9.384006613151128e-07
19.668183511311835 9.722779765776669e-07
19.76247873959491 9.080455241294781e-07
19.857226047759777 8.821437206834464e-07
19.952427603214318 9.110749180608807e-07
20.048085583757594 8.709694689303212e-07
20.144202177629715 7.916998623951707e-07
20.24077958356187 8.18977792276593e-07
20.337820010826633 7.657714439571432e-07
20.435325679288496 8.627949451571098e-07
20.53329881945466 8.004067525833127e-07
20.631741672526047 8.25324057532707e-07
20.730656490448578 7.923865111340458e-07
20.830045535964686 8.041247809717112e-07
20.92991108266506 7.106563991834855e-07
21.030255415040717 7.377040089558933e-07
21.131080828535165 7.102558854191485e-07
21.232389629596987 6.592263098166761e-07
21.334184135732578 6.934870529536386e-07
21.436466675559153 6.689739177359819e-07
21.539239588858027 6.356075200039994e-07
21.642505226628145 6.723278156542445e-07
21.746265951139836 6.144766888175484e-07
21.85052413598888 6.033941568087438e-07
21.955282166150788 6.080784352191017e-07
22.060542438035363 6.265922867143337e-07
22.166307359541545 5.776466086030359e-07
22.272579350112444 6.056470688638378e-07
22.379360840790724 5.79347952954145e-07
22.4866542742742 5.463605917787624e-07
22.594462104971726 5.057581444670931e-07
22.70278679905933 5.596684072484598e-07
22.811630834536633 5.505412717453479e-07
22.920996701283542 5.322380473594538e-07
23.030886901117206 5.370654782220261e-07
23.141303947849234 4.982468353081777e-07
23.2522503673432 5.016879213617036e-07
23.363728697572473 4.930155995258353e-07
23.47574148867819 4.3818070173093144e-07
23.58829130302766 4.6807697195118175e-07
23.70138071527295 4.6758238063517e-07
23.815012312409788 4.3349731571121017e-07
23.92918869383675 4.3795015774218214e-07
24.043912471414707 4.043359804183601e-07
24.15918626952659 4.2978361230417366e-07
24.275012725137408 4.196335411817389e-07
24.39139448785459 4.2596530422899806e-07
24.508334219988576 3.984961469585963e-07
24.625834596613718 4.093785104889703e-07
24.743898305629525 3.807195128438443e-07
24.86252804782207 4.007446618865522e-07
24.98172653692583 3.789829839466228e-07
25.10149649968574 3.933541464319024e-07
25.221840675919577 3.3347691967181655e-07
25.342761818580637 3.6124076043259516e-07
25.46426269382071 3.4384076512913463e-07
25.58634608105335 2.8424156501903227e-07
25.709014773017465 3.4466425955730433e-07
25.832271575841194 3.4941195986623335e-07
25.9561193091061 2.9842768059842254e-07
26.080560805911706 3.157688098652086e-07
26.205598912940236 3.249456566375718e-07
26.33123649052178 3.2825384717909926e-07
26.45747641269972 3.0525615119068303e-07
26.584321567296474 2.855919888411763e-07
26.711774855979552 2.891898102757544e-07
26.83983919432794 3.040788228841297e-07
26.968517511898785 2.963108930388073e-07
27.09781275229443 2.8334176371203616e-07
27.22772787322973 2.6388167572116125e-07
27.358265846599707 2.804456790139155e-07
27.489429658547593 2.6319865620875754e-07
27.621222309533056 2.7818093660119336e-07
27.753646814400888 2.6855999881506297e-07
27.886706202449954 2.376391515618658e-07
28.020403517502498 2.507050075611433e-07
28.15474181797378 2.474402306062268e-07
28.289724176942013 2.2522134909282134e-07
28.425353682218685 2.1374048506818689e-07
28.561633436419193 2.2651835169162873e-07
28.698566557033804 2.1616365859999164e-07
28.836156176498964 2.25586623246708e-07
28.974405442269013 2.0176188336850772e-07
29.113317516888102 2.0752567363732446e-07
29.252895578062578 1.994231508434996e-07
29.393142818733686 1.9860105605936656e-07
29.534062447150593 1.749491719054414e-07
29.67565768694379 1.9504465153795027e-07
29.81793177719882 1.9339830771271912e-07
29.960887972530386 1.8834669317287176e-07
30.104529543156804 1.8338468577362046e-07
30.248859774974807 1.91071455343607e-07
30.39388196963469 1.6482164991442047e-07
30.539599444615913 1.7416836823211912e-07
30.686015533302882 1.6103274657003037e-07
30.833133585061283 1.5535767710746646e-07
30.980956965314668 1.6523426089772816e-07
31.129489055621452 1.5098945431678776e-07
31.278733253752264 1.6544395577975164e-07
31.428692973767678 1.52073451793351e-07
31.579371646096302 1.5054708733535006e-07
31.730772717613263 1.4185222044578412e-07
31.88289965171905 1.4740085577865522e-07
32.03575592841872 1.4676948113884686e-07
32.18934504440159 1.4457308837939507e-07
32.343670513121104 1.3929236026671282e-07
32.498735864875286 1.3803394764225214e-07
32.65454464688749 1.354407950146744e-07
32.8111004233875 1.2604855267126727e-07
32.96840677569314 1.159080028411815e-07
33.12646730229212 1.1455922722690112e-07
33.28528561892441 1.2348598460270335e-07
33.444865358664934 1.2483131227468753e-07
33.605210172006664 1.1713143108815172e-07
33.76632372694413 1.2078955479305284e-07
33.928209709057384 1.201102967634619e-07
34.09087182159624 1.0894567045150422e-07
34.25431378556498 1.141177380316131e-07
34.418539339807566 1.1359601807578321e-07
34.583552241093074 1.0508716494612252e-07
34.749356264201666 1.029325004509049e-07
34.91595520201097 1.0177075052470906e-07
35.08335286558279 9.99844880692001e-08
35.251553084250325 8.841323025264787e-08
35.42055970570576 8.731350678337619e-08
35.59037659608828 9.588556981958064e-08
35.76100764007253 9.48628042870771e-08
35.93245674095742 8.343673294641184e-08
36.1047278207555 9.259970139400845e-08
36.2778248202826 8.802361109011873e-08
36.45175169924805 8.999571687960249e-08
36.62651243634519 8.18650470543379e-08
36.80211102934244 8.549648778465456e-08
36.97855149517474 8.414962986985258e-08
37.15583787003543 8.391533809309962e-08
37.33397420946855 7.411066979073657e-08
37.51296458846169 7.144926209151319e-08
37.69281310153913 7.623982381384013e-08
37.8735238628556 7.703180611136786e-08
38.05510100629025 7.059269053710655e-08
38.237548685541356 7.501567571874725e-08
38.42087107422127 6.788398110148042e-08
38.605072365951884 6.993862406877484e-08
38.790156774460606 6.987868435774932e-08
38.97612853367673 6.401428112781307e-08
39.16299189782827 6.710728798965256e-08
39.35075114153932 6.318694163743572e-08
39.5394105599278 6.349788447374829e-08
39.728974468703726 5.9207412011396254e-08
39.91944720426796 6.243918212106568e-08
40.11083312381136 6.036971526831053e-08
40.30313660541448 5.940205378884711e-08
40.49636204814771 5.747693186289425e-08
40.69051387217193 4.622355367383478e-08
40.885596518839606 5.2620034127251766e-08
41.08161445079639 5.1525220105222883e-08
41.2785721520832 5.3371167294153485e-08
41.476474128238834 4.970754683572989e-08
41.67532490640297 5.149967561466931e-08
41.875129035419775 4.964715781805183e-08
42.075891085942 4.736304088507082e-08
42.27761565053542 4.906279858042878e-08
42.48030734378399 4.475484501648025e-08
42.683970802395386 4.570850503580304e-08
42.88861068530706 4.706232846943084e-08
43.09423167379281 4.299554594381001e-08
43.3008384715699 4.345430683655904e-08
43.508435804906604 4.435937340816676e-08
43.7170284227304 3.3824994265687354e-08
43.92662109673653 3.6119812425758704e-08
44.13721862149719 4.198895232502686e-08
44.34882581457125 4.2515413244356144e-08
44.561447516614365 4.262249716356668e-08
44.775088591489784 4.077862606039265e-08
44.98975392637957 3.707453455772203e-08
45.20544843189644 3.899850193667757e-08
45.42217704219607 3.582764055464633e-08
45.63994471508995 3.5989766327590077e-08
45.85875643215886 3.674942943176796e-08
46.07861719886675 2.696058208091401e-08
46.2995320446753 3.556372084634098e-08
46.52150602315893 2.9571655018006833e-08
46.74454421212047 3.2227665598724324e-08
46.96865171370725 3.358021794384473e-08
47.19383365452783 3.2092867404254556e-08
47.42009518576928 3.033927608018244e-08
47.64744148331505 3.131380511429089e-08
47.875877747863306 3.082712566232633e-08
48.10540920504598 2.8178284146409453e-08
48.33604110554822 2.8551703441509225e-08
48.56777872522858 2.7810246942889103e-08
48.80062736523967 2.7441455103285285e-08
49.034592352149396 2.8069301994609702e-08
49.26967903806294 2.532097228343596e-08
49.505892800744995 2.6548240205236478e-08
49.74323904374293 2.5971176323580057e-08
49.98172319651036 2.5527248575271655e-08
50.221350714531326 2.558577738086242e-08
50.46212707944513 2.5382067769761324e-08
50.70405779917171 2.5113224656884175e-08
50.94714840803762 2.426830896987216e-08
51.191404466902675 2.4090051395537912e-08
51.436831563287136 1.9935221415523352e-08
51.683435311499494 1.99919026873476e-08
51.931221352765 1.9095812346298238e-08
52.180195355354606 2.1876853328438273e-08
52.43036301471465 2.046509141799475e-08
52.68173005359721 2.1177488109466695e-08
52.93430222219094 2.159270306173772e-08
53.18808529825265 1.97394683725398e-08
53.443085087239474 2.0511849420472234e-08
53.69930742244165 1.9184438573485026e-08
53.95675816511598 1.99771228899519e-08
54.21544320461992 1.998587506849143e-08
54.47536845854628 1.950775570252966e-08
54.736539872858565 1.8445200341652465e-08
54.998963422027124 1.6608502860268386e-08
55.262645109165646 1.7910990424401286e-08
55.52759096616858 1.7557888851673432e-08
55.79380705384912 1.5565005358774916e-08
56.06129946207781 1.6979664925936888e-08
56.33007430992191 1.587402449216034e-08
56.60013774578532 1.6675805069645065e-08
56.87149594754925 1.4971660860134278e-08
57.14415512271354 1.4830911572327952e-08
57.4181215085387 1.3535294499510736e-08
57.69340137218847 1.285904827016842e-08
57.970001010873396 1.4020228239697353e-08
58.247926751994676 1.4065559315194545e-08
58.52718495328899 1.4249137410906844e-08
58.80778200297394 1.360817138770297e-08
59.08972431989419 1.2093402337827519e-08
59.37301835366828 1.3101664996450528e-08
59.657670584836175 1.202731309288756e-08
59.94368752500752 1.2843073215259489e-08
60.23107571701057 1.2347425282546998e-08
60.519841735041894 1.1812583878369147e-08
60.80999218481672 1.0903340944027665e-08
61.101533703720165 1.1511828989834312e-08
61.394472960958886 1.208565139841476e-08
61.688816657713765 1.2019045357463977e-08
61.984571527293184 1.270910702891404e-08
62.28174433528704 1.1305927901708109e-08
62.5803418797215 1.0851579011914971e-08
62.88037099121457 1.0447241158577136e-08
63.18183853313226 1.0608600142970649e-08
63.48475140174566 1.0066470199070883e-08
63.789116526388675 1.008560268404472e-08
64.0949408696165 9.84586632571773e-09
64.402231427365 9.379243123376307e-09
64.71099522911061 8.416588064047579e-09
65.02123933803122 9.356667270946378e-09
65.33297085116776 9.297180407119969e-09
65.64619689958649 8.946244700863494e-09
65.96092464854217 9.23911434158129e-09
66.27716129764197 7.513191406716813e-09
66.59491408101016 8.39512787182312e-09
66.91419026745358 8.262707944736454e-09
67.23499716062791 7.724577051790993e-09
67.55734209920482 7.0668061017476034e-09
67.88123245703977 8.592424286841302e-09
68.20667564334073 7.84861596530034e-09
68.53367910283762 7.245299715921611e-09
68.86225031595268 7.352205413988459e-09
69.19239679897156 7.480076333164898e-09
69.52412610421521 7.2795300687539054e-09
69.85744582021279 7.194359174138617e-09
70.19236357187506 6.712477991722322e-09
70.528887020669 6.5395372185651075e-09
70.86702386479294 6.7069093462031055e-09
71.20678183935267 6.909539048046223e-09
71.54816871653853 6.206349345746716e-09
71.89119230580299 6.089881899174291e-09
72.23586045403943 6.498021348962098e-09
72.58218104576163 6.2770679067473345e-09
72.9301620032841 5.496322443777244e-09
73.27981128690331 5.774727395395696e-09
73.63113689507985 5.609419400666931e-09
73.98414686462132 5.529449614744873e-09
74.3388492708662 5.365198901940965e-09
74.69525222786862 5.41456517282902e-09
75.05336388858387 4.773033001013785e-09
75.41319244505516 5.2765635637923125e-09
75.77474612860055 4.8355009549692205e-09
76.13803321000184 4.536450764917445e-09
76.50306199969316 5.365099126889473e-09
76.86984084795169 5.319852299594401e-09
77.23837814508805 5.057515958146089e-09
77.60868232163878 4.318191218965884e-09
77.98076184855898 5.108115408795297e-09
78.35462523741583 4.533736359181922e-09
78.73028104058386 3.893668174688525e-09
79.10773785143994 4.1900863143987784e-09
79.48700430456054 4.506192136778995e-09
79.86808907591856 4.477575076480738e-09
80.25100088308247 4.204614255475458e-09
80.63574848541508 3.5233809446456014e-09
81.02234068427455 4.1163524029703345e-09
81.41078632321515 3.6290077914884465e-09
81.80109428818997 3.6444682050136684e-09
82.19327350775416 3.7524390677874806e-09
82.58733295326873 3.748299190632329e-09
82.9832816391065 3.469551286249019e-09
83.38112862285755 3.3998992183206993e-09
83.78088300553716 3.6676910366749596e-09
84.1825539317933 3.511145483066534e-09
84.58615059011645 3.312372036715682e-09
84.99168221304917 3.015472855432778e-09
85.399158077398 3.1162545596808108e-09
85.80858750444493 3.0768142350125647e-09
86.21997986016123 3.00692931529167e-09
86.63334455542154 3.146373189862872e-09
87.04869104621876 3.218400259451494e-09
87.46602883388108 2.9958601194926737e-09
87.88536746528854 3.162309357604014e-09
88.3067165330922 2.8703182198598475e-09
88.73008567593281 3.1345333248099757e-09
89.1554845786621 2.8621995110204034e-09
89.58292297256347 2.4709247985231355e-09
90.01241063557545 2.4374386909880945e-09
90.4439573925146 2.6884381291865035e-09
90.87757311530092 2.499090881873369e-09
91.31326772318333 2.6308568399942847e-09
91.7510511829664 2.5779116590048358e-09
92.19093350923895 2.4859472461351173e-09
92.63292476460238 2.3858182845133945e-09
93.07703505990162 2.392922211719047e-09
93.52327455445568 2.471392848631752e-09
93.97165345629085 2.2598975587636217e-09
94.42218202237332 2.27876653498548e-09
94.87487055884475 1.5403291631923832e-09
95.3297294212571 2.186196876808277e-09
95.78676901481035 2.1279445642436765e-09
96.2459997945901 2.078423893205444e-09
96.70743226580653 1.957836293771172e-09
97.1710769840354 1.9572543667513907e-09
97.63694455545861 1.9914823032127022e-09
98.10504563710784 1.9914403937469116e-09
98.57539093710726 1.893256317224765e-09
99.04799121491956 1.5815184253129349e-09
99.52285728159107 1.5845820754593633e-09
100.0 1.6460413434217418e-09
