 Wavelength    Flux  
0.20000000000000004 3.3544164743552224e-09
0.2002583221197802 2.6869007014367665e-09
0.2005169778911482 1.458270004259068e-09
0.20077596774505196 6.514209173506268e-09
0.20103529211299606 1.8187476165858845e-09
0.20129495142704232 6.427573893974561e-09
0.20155494611981073 6.155542161261322e-09
0.20181527662447996 4.277205391864815e-09
0.20207594337478824 6.729296784214417e-09
0.202336946805034 3.820621741032453e-09
0.20259828735007662 3.545745701785047e-09
0.20285996544533713 8.143330636174454e-09
0.203121981526799 7.286029978942396e-09
0.20338433603100875 6.900262509410247e-09
0.2036470293950768 6.806112676835999e-09
0.20391006205667817 4.673588942366783e-09
0.2041734344540531 7.120740547238475e-09
0.20443714702600793 8.77239037984443e-09
0.20470120021191576 7.015483767843473e-09
0.2049655944517172 5.8805784016629344e-09
0.20523033018592104 8.90479503055279e-09
0.2054954078556051 8.660886137141404e-09
0.20576082790241687 6.240129036577646e-09
0.20602659076857424 8.714334841183174e-09
0.20629269689686633 7.74675674709943e-09
0.20655914673065415 5.533318258777252e-09
0.2068259407138714 5.7569462113478345e-09
0.20709307929102505 5.576881770298345e-08
0.20736056290719634 8.738135731952245e-09
0.20762839200804134 1.288645723144867e-08
0.20789656703979165 1.6088491316135562e-08
0.20816508844925535 3.3092480429028266e-08
0.20843395668381753 1.58369039750229e-08
0.2087031721914412 5.097103795718722e-09
0.20897273542066788 3.822991206831396e-08
0.20924264682061852 2.419362443022018e-08
0.2095129068409941 1.4065483332361263e-08
0.20978351593207645 3.589022026643267e-08
0.210054474544729 1.063418309472317e-08
0.21032578313039751 1.4529113619704624e-08
0.21059744214111087 4.022667027032617e-08
0.21086945202948174 1.4689009237336944e-08
0.21114181324870743 3.93838430604606e-08
0.2114145262525706 2.0020993089646876e-08
0.21168759149544 3.537367270495145e-08
0.2119610094322713 3.4799416002059607e-08
0.21223478051860775 2.0164439476791983e-08
0.212508905210581 6.46194434182262e-08
0.21278338396491178 1.5859062849656552e-08
0.21305821723891086 1.5696725667259455e-08
0.21333340549047955 8.927853766130399e-09
0.21360894917811066 6.305885061257503e-08
0.21388484876088917 3.8476360861983815e-08
0.21416110469849303 1.006268292844952e-08
0.21443771745119392 9.093500724396251e-08
0.214714687479858 3.5049922336409486e-08
0.21499201524594666 6.8380533621380295e-09
0.21526970121151737 2.2642902991771934e-08
0.2155477458392244 4.783717222830667e-08
0.21582614959231952 1.9666160925478876e-08
0.21610491293465292 6.896480027195946e-09
0.21638403633067385 3.5508072800928003e-08
0.21666352024543148 7.048678829165244e-09
0.21694336514457566 1.501030552904794e-08
0.21722357149435761 7.515551250090427e-09
0.2175041397616308 2.788312968677958e-08
0.21778507041385176 4.3287157591563525e-08
0.21806636391908063 3.333985135617691e-08
0.21834802074598228 3.3663795074944814e-08
0.21863004136382683 1.878591087391276e-08
0.21891242624249047 2.1834630496334222e-07
0.21919517585245638 3.309437377666498e-08
0.21947829066481533 2.769997533104012e-08
0.21976177115126666 5.690404343824748e-08
0.22004561778411885 2.7201878664253142e-08
0.2203298310362905 8.297669886109424e-08
0.220614411381311 1.5630907941096138e-07
0.22089935929332136 3.6363492027910296e-08
0.22118467524707502 3.302671249948534e-08
0.2214703597179386 9.328597963394425e-09
0.22175641318189265 7.722186216166078e-08
0.22204283611553263 1.6054104959142244e-08
0.22232962899606945 9.38318331348346e-08
0.22261679230133047 1.0375208522998766e-07
0.22290432650976016 2.4547737476528025e-08
0.22319223210042102 9.07509881585882e-08
0.22348050955299428 4.5394533267025486e-07
0.2237691593477807 1.676678832954365e-08
0.2240581819657014 1.8269804423122283e-07
0.22434757788829876 6.58402848626974e-08
0.224637347597737 1.2249064447014385e-07
0.22492749157680322 1.079782414773005e-07
0.225218010308908 4.640759834993836e-07
0.22550890427808634 1.8281242145814297e-07
0.22580017396899843 8.76949512528116e-09
0.22609181986693044 2.2478744073710604e-08
0.22638384245779536 8.031213201567702e-08
0.22667624222813373 7.876497423240153e-08
0.2269690196651146 4.7018606731973394e-08
0.2272621752565362 5.395467555126411e-08
0.2275557094908268 1.1857883346824391e-07
0.22784962285704555 1.4255744165476167e-07
0.22814391584488328 2.3685349906097872e-07
0.22843858894466326 1.1470001627221306e-07
0.22873364264734214 3.848490806090815e-08
0.22902907744451065 6.478900936870469e-08
0.22932489382839447 2.0981336768320834e-07
0.229621092291855 2.6632955806677533e-07
0.22991767332839036 4.4352099474565536e-08
0.23021463743213594 1.7711021095649398e-07
0.2305119850978654 2.5104014496870594e-07
0.23080971682099147 1.0575054263477119e-07
0.23110783309756677 2.050383840064499e-07
0.2314063344242846 3.1505407103570646e-07
0.23170522129847979 5.7063775407970354e-08
0.23200449421812958 4.699700529337077e-08
0.23230415368185434 1.840677174581039e-07
0.2326042001889185 3.79910281490434e-07
0.23290463423923136 3.412389565326194e-07
0.23320545633334788 7.114101844296217e-08
0.23350666697246955 1.1352663543952765e-07
0.2338082666584452 4.406650523380823e-07
0.23411025589377188 2.7297846713296056e-07
0.23441263518159566 1.1437711963660475e-07
0.23471540502571248 1.6017928868345165e-07
0.235018565930569 4.3825072955283507e-08
0.23532211840126338 2.9987502029377654e-07
0.23562606294354627 2.005037324755674e-07
0.23593040006382143 3.797048422104315e-07
0.23623513026914678 3.9772750089608705e-07
0.2365402540672351 1.4846601149446577e-07
0.23684577196645507 7.567470851279189e-07
0.2371516844758318 1.532201208258324e-07
0.23745799210504795 4.441091864827775e-07
0.23776469536444456 1.6163110654736769e-07
0.2380717947650217 4.3993863039651313e-07
0.23837929081843953 7.349449829644231e-07
0.2386871840370191 4.0645306255636836e-08
0.2389954749337431 1.4293093893883945e-07
0.23930416402225688 2.405204830980492e-07
0.23961325181686913 4.69212045975294e-07
0.23992273883255288 5.191319630893063e-07
0.24023262558494632 4.917003081271699e-07
0.24054291259035362 7.1905385562074e-07
0.2408536003657458 1.660837449922091e-06
0.24116468942876162 5.462294365887634e-07
0.24147618029770843 2.0396606519803287e-07
0.24178807349156306 1.05551636582107e-06
0.24210036952997258 1.9331727825540107e-07
0.2424130689332553 3.431385235401704e-07
0.24272617222240156 3.168524623746975e-06
0.24303967991907466 5.944264208576015e-07
0.2433535925456116 2.698412117285201e-07
0.2436679106250241 1.3977268008125653e-07
0.2439826346809994 1.9079456073453746e-06
0.24429776523790114 1.076594710888821e-06
0.24461330282077018 4.056527686184044e-07
0.24492924795532564 1.2644647324053233e-07
0.24524560116796554 5.519289800118499e-06
0.2455623629857679 9.648562822138738e-07
0.24587953393649145 2.891212608051678e-07
0.24619711454857662 6.46310014994972e-07
0.24651510535114637 2.0848745279653286e-08
0.24683350687400707 6.292920258025966e-07
0.2471523196476494 1.109044621734895e-06
0.24747154420324924 1.1143873224577625e-06
0.2477911810726685 1.8592868554709471e-06
0.24811123078845612 8.771735563522822e-07
0.2484316938838488 4.07938217609079e-07
0.24875257089277208 4.4707282249004065e-07
0.24907386234984102 2.4420436383942365e-07
0.24939556879036126 1.621921306661053e-06
0.2497176907503298 1.6798134381709868e-06
0.25004022876643595 8.687861959666201e-07
0.2503631833760623 2.6009220652359976e-06
0.2506865551172853 3.4634138374458866e-07
0.25101034452887677 7.10694808805337e-07
0.25133455215030404 2.0612837427237246e-06
0.25165917852173136 6.661665785514316e-07
0.25198422418402067 3.7425420621227526e-07
0.2523096896787326 5.779911809774785e-07
0.252635575548127 1.95682078288595e-06
0.25296188233516437 1.0002822864484522e-06
0.2532886105835064 2.28030841277248e-06
0.2536157608375169 1.5752961759145681e-06
0.25394333364226296 2.6716146512691043e-06
0.2542713295435155 7.271234558603905e-07
0.2545997490877505 4.590494553259401e-07
0.25492859282214975 1.6683009156906506e-06
0.2552578612946017 3.4353393716367445e-06
0.25558755505370256 2.274613935264609e-06
0.2559176746487571 2.7859888277442492e-06
0.2562482206297795 9.35334078503389e-07
0.25657919354749437 1.3837088178571316e-06
0.25691059395333776 3.657314507351131e-06
0.2572424223994578 7.393232236187251e-06
0.25757467943871587 3.018341154212188e-06
0.2579073656246874 3.5381486187851483e-06
0.25824048151166284 6.091582628866016e-07
0.25857402765464854 1.5435632901567176e-06
0.2589080046093678 2.148200858261725e-06
0.2592424129322615 2.871524761877944e-06
0.25957725318048946 4.7690273573313775e-06
0.2599125259119309 1.3499306834669793e-05
0.26024823168518585 3.861489729322159e-06
0.26058437105957566 4.676391924131418e-06
0.26092094459514414 2.7308131993583075e-06
0.2612579528526584 1.8013166091727998e-06
0.26159539639361007 1.7227866535992223e-06
0.2619332757802157 1.592925073544111e-06
0.26227159157541824 1.82805033921873e-05
0.26261034434288766 4.225596724541364e-06
0.2629495346470219 6.312393938028672e-06
0.2632891630529481 6.249699786650993e-06
0.26362923012652295 9.669527175394477e-06
0.26396973643433447 5.53525579422761e-06
0.2643106825437021 5.3336721784369444e-06
0.2646520690226783 1.8448951116812627e-06
0.264993896440049 6.229661852106977e-06
0.265336165365335 4.961604332929961e-06
0.26567887636879256 1.8812522869983819e-06
0.26602203002141456 3.185050349771972e-06
0.2663656268949313 7.196777680995398e-06
0.2667096675618117 4.1973921334029505e-06
0.2670541525952639 2.620076943040317e-06
0.2673990825692364 1.4662671981036799e-06
0.2677444580584192 1.3451752230626481e-05
0.2680902796382444 3.3605332123717027e-06
0.2684365478848874 1.4333834576780522e-05
0.2687832633752679 8.117050123666365e-06
0.26913042668705056 1.9100083901245093e-06
0.26947803839864626 1.68973788002327e-05
0.26982609908921296 8.451402078702787e-06
0.27017460933865667 7.5280310178051005e-06
0.27052356972763236 1.1349432694456155e-05
0.2708729808375451 7.573134533928049e-06
0.2712228432505507 1.2168789702238819e-05
0.27157315754955713 1.2556169613241868e-05
0.2719239243182251 2.926756655121693e-06
0.2722751441409692 7.529873980894793e-06
0.2726268176029589 1.3928632915983105e-05
0.2729789452901195 4.59448821882676e-06
0.27333152778913306 7.200486274580871e-06
0.2736845656874392 5.919808176960671e-06
0.2740380595732367 1.0830861682369781e-05
0.2743920100354837 3.92680616046951e-06
0.27474641766389923 1.4040787631159154e-05
0.275101283048964 1.4203198880876012e-05
0.27545660678192124 3.999246081885549e-06
0.27581238945477804 6.297373063424361e-06
0.276168631660306 1.5070644780933408e-05
0.2765253339920424 3.7874985102128327e-06
0.2768824970442911 7.445170465131963e-06
0.2772401214121236 7.22695797846723e-06
0.2775982076913801 1.2990849874573095e-05
0.27795675647867013 7.96961773778073e-06
0.2783157683713741 5.779447762306955e-06
0.2786752439676438 2.1369760346942443e-05
0.2790351838664037 3.181550686411515e-05
0.27939558866735176 1.2363072613050308e-05
0.2797564589709607 1.7156703607402183e-05
0.28011779537847853 6.1199971129150425e-06
0.2804795984919301 1.5732942712461995e-05
0.2808418689141177 9.3068537896813e-06
0.28120460724862234 1.760112155024019e-05
0.2815678140998044 3.407231005071312e-05
0.28193149007280505 2.217836216937448e-05
0.282295635773547 1.4119568754262841e-05
0.28266025180873555 1.7634697875372597e-05
0.28302533878585967 1.9604359671636875e-05
0.283390897313193 1.4139879554478788e-05
0.28375692799979474 1.0986857354592046e-05
0.28412343145551083 1.3834412831926532e-05
0.2844904082909748 8.6999367174483e-06
0.2848578591176091 7.72731732392561e-06
0.2852257845476256 4.388525899831718e-07
0.28559418519402713 9.09229595251988e-06
0.28596306167060814 9.751052268166246e-06
0.2863324145919561 1.028281137991404e-05
0.2867022445734519 2.3635653492156953e-05
0.28707255223127165 1.998363528485615e-05
0.28744333818238704 1.4395029568284207e-05
0.28781460304456685 2.912023142772983e-05
0.28818634743637767 2.8834220301885182e-05
0.288558571977185 3.058522192040889e-05
0.2889312772871544 1.981439851705959e-05
0.28930446398725246 4.621647841523575e-05
0.28967813269924775 1.6207153905167035e-05
0.2900522840457119 5.351733327971745e-05
0.29042691865002074 8.394015158406308e-05
0.2908020371363552 6.772828324937378e-05
0.2911776401297025 3.6515562984075976e-05
0.2915537282558569 0.00012519707569104232
0.29193030214142124 5.5004531148592445e-05
0.29230736241380745 0.00012225613351633254
0.29268490970123784 3.0751117504466e-05
0.2930629446327463 4.64791930333699e-05
0.29344146783817904 6.755813491577731e-05
0.2938204799481959 5.616706731820199e-05
0.2941999815942711 5.50218243334207e-06
0.2945799734086947 5.3891760387555116e-05
0.29496045602457327 6.045444717978678e-05
0.29534143007583125 3.5869253902759574e-05
0.2957228961972117 1.769583774753956e-05
0.2961048550242777 5.646733330370998e-05
0.29648730719341304 2.5878418415926542e-05
0.2968702533418236 4.341285196625682e-05
0.29725369410753827 2.321564175477322e-05
0.29763763012941 0.00010831383928706569
0.2980220620471169 8.732412629765183e-05
0.2984069905011632 1.3392576442937213e-05
0.29879241613288066 9.87496345481095e-05
0.2991783395844291 5.9840097769620975e-05
0.29956476149879785 4.627458730991396e-05
0.2999516825198069 3.050313995694069e-06
0.3003391032921076 3.1321671183676414e-05
0.3007270244611841 1.1021366806380214e-05
0.30111544667335405 7.712195059043873e-05
0.3015043705757701 3.151705089620315e-05
0.3018937968164207 2.2996328699517147e-05
0.30228372604413123 4.0439172730500717e-05
0.3026741589085651 4.4927043221821906e-05
0.30306509606022475 9.135763912177058e-05
0.30345653815045304 5.653516916308993e-05
0.3038484858314339 5.2678289029571394e-05
0.30424093975619376 8.812017438199882e-05
0.3046339005786024 4.9719727856951986e-05
0.30502736895337423 5.553665774608526e-05
0.30542134553606926 2.8013338986250238e-05
0.30581583098309423 4.8965569176108524e-05
0.3062108259517036 4.044819848234293e-05
0.306606331100001 9.403469479944424e-05
0.3070023470869399 8.788000301638774e-05
0.30739887457232484 0.00010524901357678636
0.3077959142168126 9.368695397384939e-05
0.30819346668191344 2.328325689347238e-05
0.3085915326299918 0.00016051687083240275
0.30899011272426774 5.821439035783155e-05
0.309389207628818 4.8123604042278916e-05
0.3097888180085769 0.00011563348860714252
0.3101889445293377 9.895175072077711e-06
0.3105895878577537 0.00017774215008372504
0.310990748661339 0.0001705228782061276
0.3113924276084701 0.00011328287434864476
0.31179462536838665 0.00011988737427392941
0.3121973426111928 0.00026261325953680424
0.31260058000785806 0.0003767033002524769
0.3130043382302188 0.0004400510733443462
0.31340861795097885 3.2594970662044852e-06
0.3138134198437112 0.0005712270977065334
0.31421874458285864 0.0005514268485058125
0.31462459284373523 0.00034426170245365785
0.31503096530252706 0.0001863368217198189
0.31543786263629375 0.0006232985875180996
0.3158452855229694 0.00016955276420998312
0.31625323464136373 0.00014427623580838837
0.31666171067116317 0.00025391018240777464
0.31707071429293215 0.0004783577326542994
0.31748024618811393 0.0006828964821023627
0.31789030703903215 0.0005743292365872893
0.3183008975288916 0.00010399392193352658
0.3187120183417796 0.00046500219257723937
0.3191236701626669 0.0002851228496923786
0.31953585367740917 0.0005556085575834766
0.3199485695727477 3.1209918328876225e-05
0.320361818536311 0.0003398277630960733
0.3207756012566157 0.0007452614198356007
0.3211899184230675 5.133194525097924e-05
0.32160477072596283 0.00031227508247453294
0.32202015885648955 0.00033287614816561965
0.32243608350672837 0.0006249616099395841
0.3228525453696537 0.0004439655290845045
0.32326954513913525 0.00014416854726500482
0.32368708350993886 0.0002516256207712491
0.3241051611777276 0.00019962911307012997
0.3245237788390632 0.0007139217468828055
0.32494293719140704 2.2562217596291675e-05
0.32536263693312145 0.0007255380684340681
0.3257828787634706 0.0011047833720907363
0.3262036633826219 0.0009144748486447561
0.3266249914916472 0.0012264894713661136
0.32704686379252373 0.00029986630846614985
0.32746928098813544 0.00016694231699494023
0.3278922437822741 0.00010912006592315154
0.3283157528796407 0.0004039679730536175
0.32873980898584615 0.0007555687346580296
0.3291644128074129 0.00023774436550940849
0.32958956505177595 0.0010197015769994877
0.3300152664272839 0.0006157774880999307
0.33044151764320046 0.0008936480194062366
0.3308683194097053 0.0002927013056916471
0.33129567243789537 0.0010402384993759661
0.33172357743978614 0.0003871267500234348
0.3321520351283127 0.0006816350986557671
0.3325810462173309 0.0011486828901672663
0.33301061142161875 0.0006806468259589905
0.33344073145687736 0.0005681228603853345
0.3338714070397323 0.0008375069973650146
0.33430263888773476 0.0006289168816926954
0.3347344277193627 0.0006147045013049129
0.335166774254022 0.0007572396692215653
0.3355996792120479 0.0006254069338380474
0.3360331433147059 0.00016545010146608817
0.3364671672841931 0.0005729329431471165
0.3369017518436396 0.00014961760593931977
0.33733689771710906 0.0005961381704255957
0.3377726056296008 0.00023686367309081418
0.3382088763070504 0.0006057814596744538
0.33864571047633085 0.0005470767061156628
0.3390831088652544 0.00018757237617331624
0.33952107220257305 0.0006854829806081756
0.33995960121798 0.0005656031376227579
0.3403986966421113 0.0008559386929675962
0.34083835920654626 0.0010723806263436518
0.3412785896438094 0.00029894123115510173
0.3417193886873713 0.0003979875853108415
0.34216075707164983 0.0007592665408422274
0.3426026955320115 0.0008026643118864051
0.34304520480477263 0.0005859475698111354
0.3434882856272006 0.0004775110837907299
0.34393193873751493 0.00018149428887213813
0.34437616487488887 8.750127903272458e-05
0.34482096477945007 0.0006261349938575334
0.34526633919228245 0.00021885293503686164
0.3457122888554269 0.0005447016520736233
0.3461588145118828 6.199906730472424e-05
0.3466059169056093 0.00011400400031400298
0.3470535967815263 0.0007751310789098842
0.347501854885516 0.0001653992612583516
0.34795069196442385 0.0008804225645739607
0.34840010876606 0.0003499320276209503
0.3488501060392004 0.0006362740581868935
0.3493006845335883 7.155421056318603e-05
0.3497518449999352 0.0002101447429657413
0.35020358818992225 0.0007277956067165917
0.35065591485620146 0.00025271706505176157
0.35110882575239705 0.0006420524305052792
0.35156232163310647 0.00030221920073631613
0.35201640325390193 0.00046868840482556146
0.35247107137133166 0.0001155397653595527
0.3529263267429208 0.0007495464826423736
0.3533821701271731 0.0013039001200980235
0.3538386022835719 0.0016680412143585388
0.35429562397258163 0.0013652062483721175
0.3547532359556488 0.0009816852785416023
0.3552114389952035 0.0005310374465256792
0.3556702338546605 0.00043685681246457273
0.35612962129842074 0.0007904776913415923
0.3565896020918723 0.00033768451696967046
0.357050177001392 0.00022799054629654722
0.35751134679434643 0.00046922094856623935
0.35797311223909334 0.00022285829269650534
0.35843547410498283 0.00047003936130213546
0.3588984331623589 0.0003285713517711341
0.3593619901825603 9.603282825807834e-05
0.3598261459379222 0.0006709218836558748
0.36029090120177726 0.0006044202391905159
0.360756256748457 0.000415999235110546
0.36122221335329313 0.0006885918570027338
0.36168877179261866 0.0007108827711791602
0.3621559328437694 0.0006421006073306368
0.36262369728508526 0.0012496045551567518
0.36309206589591125 0.00030325390112654997
0.36356103945659923 0.0002663140153026275
0.3640306187485088 0.0011084778975088473
0.3645008045540088 0.0007328182180262326
0.36497159765647863 0.0006974867046307443
0.3654429988403095 0.0008521852796151032
0.3659150088909058 0.0018024661733978447
0.36638762859468615 0.0013223289659775124
0.3668608587390852 0.0015722021642072465
0.3673347001125544 0.0018135685891896253
0.3678091535045639 0.0010161574162272525
0.3682842197056031 0.00044075817111697527
0.3687598995071828 0.0002568599785238117
0.3692361937018359 0.000653983683148748
0.369713103083119 0.0019616687869254586
0.3701906284456137 0.0013314706336082594
0.37066877058492775 0.000562705364090516
0.3711475302976968 0.0010579056242842478
0.3716269083815852 0.0006296150128632928
0.3721069056352876 0.0002644625369327967
0.3725875228585303 0.0007526386598618218
0.37306876085207263 0.0004561983100594967
0.373550620417708 0.00027601610807737915
0.3740331023582654 0.0006033440210139836
0.37451620747761116 0.0002152141101152834
0.3749999365806494 0.00031720436651989085
0.3754842904733241 0.001070483810094594
0.3759692699626202 0.0008354162335617555
0.3764548758565649 0.0006600352398536537
0.37694110896422917 0.0015722760949943584
0.3774279700957288 0.001587338108019481
0.37791546006222604 0.001268906988029946
0.3784035796759309 0.0015426806060447914
0.3788923297501024 0.0014832128456244622
0.37938171109904983 0.0012191658897379978
0.3798717245381345 0.0005021746792408898
0.3803623708837707 0.002007510914125385
0.3808536509534272 0.000434171330405859
0.38134556556562876 0.0004267455024643818
0.38183811553995717 0.0008541704792766376
0.38233130169705287 0.0005952965206347283
0.38282512485861636 0.0006907124748324454
0.38331958584740927 0.0006160758743412842
0.38381468548725606 0.0003744602638840524
0.3843104246030452 0.001475181239856219
0.3848068040207306 0.0016371178426683294
0.3853038245673329 0.000850713309748373
0.3858014870709411 0.0005161344645027412
0.38629979236071366 0.0009202096249975913
0.3867987412668799 0.0011044889723724795
0.38729833462074176 0.0005283505885431282
0.38779857325467454 0.00011483028499953041
0.3882994580021289 0.0012727647052195499
0.3888009896976319 0.0007450679347280415
0.3893031691767885 0.001651126560426084
0.3898059972762829 0.0005061075313934146
0.39030947483388007 0.0006600038748294613
0.3908136026884269 0.0021103129842063246
0.39131838167985394 0.00248831924757013
0.3918238126491764 0.001573803701537372
0.39232989643849575 0.0005062448170986304
0.3928366338910014 0.0005293676208633181
0.39334402585097156 0.00021638753637248333
0.39385207316377496 0.0014268909068813728
0.3943607766758724 0.0003196707698729132
0.3948701372348177 0.0001785311483906773
0.3953801556892596 0.001663830509905661
0.39589083288894295 0.0007848336440396147
0.39640216968471 0.0007619106899282951
0.396914166928502 0.0004740414436084816
0.3974268254733608 0.0014375566329819839
0.3979401461734297 0.002115936066867503
0.39845412988395545 0.0027576925770860274
0.39896877746128934 0.00035737830060384
0.39948408976288885 0.0030112304845341465
0.4000000676473189 0.0026856090445260172
0.4005167119742532 0.0005672375907044129
0.40103402360447604 0.003912448750834415
0.40155200339988345 0.0038550449559161272
0.4020706522234846 0.0029228292832431946
0.4025899709394034 0.0032912179604761586
0.40310996041287994 0.0005984779965049061
0.40363062151027174 0.002375862184535351
0.4041519550990553 0.0023845498632980157
0.40467396204782774 0.0014429324544337435
0.40519664322630794 0.0038770158280112764
0.40571999950533805 0.0008074881168308737
0.4062440317568852 0.0006840369290805005
0.4067687408540426 0.0037734544418085393
0.40729412767103124 0.0026778339786274045
0.4078201930832012 0.003115283225978225
0.40834693796703325 0.00348278418217125
0.4088743632001402 0.002454503984376031
0.4094024696612683 0.005702326500068563
0.40993125823029897 0.00410198792219043
0.41046072978825 0.004292954977705854
0.41099088521727706 0.002422995953286641
0.41152172540067533 0.000702661622993978
0.41205325122288083 0.0011106399241940814
0.41258546356947184 0.0016899259988409894
0.4131183633271706 0.002036770212629515
0.41365195138384453 0.00189457418282691
0.4141862286285079 0.0022569036906299944
0.4147211959513233 0.003427647531743231
0.4152568542436028 0.0016777527951277699
0.4157932043978101 0.003774370621110307
0.41633024730756124 0.0039002283470445554
0.4168679838676267 0.0033239244633724474
0.41740641497393255 0.0020965854912841633
0.41794554152356206 0.002572346536726273
0.41848536441475725 0.0011768164647531227
0.41902588454692025 0.0023882629529361665
0.4195671028206148 0.0023879098228048877
0.42010902013756807 0.0014168016027511273
0.4206516374006716 0.0018814369283325747
0.4211949555139833 0.001538216586647917
0.4217389753827287 0.0010870567397866964
0.4222836979133026 0.0006536465703338571
0.4228291240132705 0.0004722654489487051
0.42337525459137 0.000907836545843553
0.4239220905575125 0.0014063888092748981
0.4244696328227848 0.0018555833729057114
0.42501788229945026 0.0011633859955541021
0.4255668399009506 0.0014108471080279679
0.4261165065419074 0.0028005949031098413
0.42666688313812356 0.003044992686086204
0.42721797060658473 0.001267109855481345
0.4277697698654611 0.0025916804658039786
0.4283222818341087 0.0012926125989209441
0.42887550743307107 0.001453868814750873
0.4294294475840806 0.002242170788459734
0.4299841032100603 0.0025111599391202644
0.4305394752351253 0.002507608218106842
0.4310955645845842 0.004239432887948402
0.4316523721849408 0.00444321486021198
0.43220989896389556 0.0039836756631776524
0.4327681458503472 0.004105438718602146
0.43332711377439415 0.004630539515174259
0.43388680366733623 0.004126434270129602
0.43444721646167617 0.00037451085699887463
0.43500835309112107 0.005821687784668149
0.435570214490584 0.0035216109418557133
0.4361328015961855 0.004356541336971721
0.43669611534525543 0.007682364934382828
0.4372601566763342 0.0067427646054366115
0.4378249265291744 0.003973145603294597
0.43839042584474247 0.0013781883065785284
0.4389566555652202 0.004436302551518188
0.4395236166340063 0.00047643324597518413
0.440091309995718 0.005141433115997711
0.4406597365961926 0.0009636305886900182
0.4412288973824891 0.0032795880742437057
0.4417987933028897 0.006163301165047155
0.44236942530690126 0.005309487604418642
0.44294079434525735 0.004230607956705175
0.4435129013699192 0.0007021215082557112
0.4440857473340779 0.005729488490051813
0.4446593331921554 0.006956483037306156
0.44523365989980657 0.004358951791665225
0.44580872841392055 0.003999553368930678
0.4463845396926225 0.004525782151730072
0.44696109469527495 0.003682603324173683
0.44753839438247967 0.006467093491223887
0.4481164397160792 0.0044451469139040875
0.44869523165915814 0.003931027767741065
0.44927477117604536 0.004493484891064013
0.4498550592323151 0.005341994527044561
0.45043609679478874 0.007130372968318178
0.45101788483153643 0.006370115695514466
0.45160042431187863 0.008054499568598937
0.452183716206388 0.006542513329720891
0.4527677614868905 0.0053096195797835855
0.4533525611264676 0.002897499081396033
0.4539381160994574 0.006868447904065949
0.45452442738145654 0.0047579966699841806
0.45511149594932176 0.005909686790559226
0.45569932278117153 0.006090219870303271
0.4562879088563876 0.007267224390877991
0.45687725515561683 0.004253088541953595
0.45746736266077254 0.004899049268133719
0.4580582323550364 0.004159210382237099
0.45864986522285994 0.0024396646720678977
0.4592422622499662 0.003350435482398698
0.4598354244233515 0.0024112627813999807
0.46042935273128677 0.00590692712029487
0.46102404816331954 0.008709114684751582
0.46161951171027543 0.0020631273623477964
0.4622157443642599 0.0035382516504414686
0.4628127471186596 0.006004134689870621
0.46341052096814445 0.0027821731535138685
0.4640090669086691 0.0028680726380622412
0.4646083859374744 0.0014314252369284082
0.4652084790530895 0.0017599363231940775
0.46580934725533296 0.007567843728966104
0.466410991545315 0.006070918598511728
0.4670134129254388 0.006666740314765272
0.46761661239940217 0.010489476083449271
0.4682205909721993 0.004260983885739565
0.4688253496501226 0.009929051105206
0.4694308894407641 0.007710797558575884
0.4700372113530173 0.005998222248988475
0.4706443163970786 0.007762000662755714
0.4712522055844495 0.010683753948807218
0.4718608799279378 0.00885144520325194
0.4724703404416594 0.0038920020544768595
0.47308058814104015 0.005661105152031895
0.47369162404281734 0.0061898033704262615
0.4743034491650416 0.007562413550593617
0.4749160645270784 0.010565518510786432
0.47552947114960986 0.0074781177467394275
0.47614367005463637 0.006526455118382591
0.47675866226547853 0.0026844873747157326
0.4773744488067784 0.004418091355216869
0.47799103070450166 0.009311216590824605
0.47860840898593915 0.0035356510264398255
0.4792265846797084 0.0023936971008530223
0.4798455588157558 0.005035367581542339
0.4804653324253577 0.004921839062195438
0.4810859065411227 0.001482536604760659
0.48170728219699305 0.004625119857538331
0.4823294604282464 0.004806477840533302
0.48295244227149764 0.0034597477693736486
0.4835762287647006 0.010744300539094588
0.48420082094714956 0.008383151423305405
0.4848262198594814 0.006324795155616355
0.48545242654367693 0.003468738676849162
0.48607944204306286 0.007691223310469609
0.48670726740231346 0.002470451794337868
0.4873359036674524 0.007443628455989039
0.48796535188585416 0.006240810459785428
0.48859561310624633 0.007228358291768713
0.4892266883787108 0.009128141185034553
0.4898585787546859 0.009933784945824066
0.49049128528696795 0.007615097836757502
0.4911248090297131 0.00926868012822619
0.49175915103843904 0.007851545469710928
0.49239431237002673 0.012438608494039478
0.49303029408272236 0.007677431907600311
0.49366709723613883 0.012122988647131504
0.4943047228912576 0.005710721319090767
0.4949431721104307 0.005792392511928068
0.49558244595738216 0.002157807340783093
0.4962225454972099 0.0021181185300016524
0.4968634717963876 0.004389601367647882
0.4975052259227665 0.0029862868091713483
0.4981478089455769 0.003355811303571212
0.49879122193543024 0.007923743866989488
0.49943546596432076 0.002337191164686321
0.5000805421056272 0.008033200116865301
0.500726451434115 0.001806447130163444
0.5013731950259372 0.0033356737245326803
0.5020207739586375 0.0020389016789201797
0.5026691893111509 0.003879394718808548
0.5033184421638061 0.01197680403746224
0.5039685335983272 0.004848284118598155
0.5046194646978353 0.006525637260626242
0.5052712365468507 0.004605636752292119
0.5059238502312943 0.0018563639574654123
0.5065773068384898 0.005596203932655383
0.507231607457165 0.0034509901076846283
0.5078867531774541 0.003184745662269194
0.5085427450908995 0.008900024552260723
0.509199584290453 0.005191838936278126
0.5098572718704785 0.0025565342423318226
0.5105158089267531 0.002635654598774851
0.5111751965564693 0.0026568797864252817
0.5118354358582369 0.002162564704051551
0.5124965279320843 0.0018650178888587091
0.5131584738794613 0.002761319877525589
0.5138212748032398 0.0022910227901649953
0.5144849318077164 0.011196107245456265
0.515149445998614 0.0072641271371003254
0.5158148184830837 0.007915620879666505
0.5164810503697066 0.007805212205072415
0.5171481427684955 0.0016462708553588322
0.5178160967908972 0.002648081026682095
0.5184849135497939 0.0018880326815453932
0.5191545941595049 0.006181503164388182
0.5198251397357894 0.00594912595006373
0.5204965513958473 0.004353474702397646
0.5211688302583215 0.007440000136443962
0.5218419774432999 0.005970103868646617
0.522515994072317 0.009197127281500725
0.523190881268356 0.007170921735936521
0.5238666401558505 0.008443148193717971
0.5245432718606864 0.011566276353055608
0.5252207775102038 0.007587728789343347
0.5258991582331989 0.009522551142851542
0.5265784151599259 0.0033177566191488162
0.5272585494220988 0.007389298723703095
0.5279395621528935 0.00872257371957056
0.5286214544869493 0.007671005820185036
0.529304227560371 0.011986935526466506
0.529987882510731 0.00882669345134755
0.5306724204770709 0.013212460110671523
0.5313578425999034 0.008536944845287608
0.5320441500212145 0.011306530690516483
0.5327313438844651 0.00474143626721437
0.533419425334593 0.007080080558059885
0.5341083955180147 0.0031792486511226007
0.5347982555826277 0.00808989364253955
0.535489006677812 0.009162354092473412
0.5361806499544318 0.005888380326634391
0.5368731865648385 0.00838767510690802
0.5375666176628714 0.006841566173413187
0.53826094440386 0.013653064176810054
0.5389561679446264 0.009127740633125221
0.5396522894434866 0.005649778557748687
0.540349310060253 0.00883440373968573
0.5410472309562355 0.007892709929292831
0.5417460532942445 0.010697281386720906
0.5424457782385921 0.0053692820540725055
0.5431464069550941 0.007213243749090237
0.5438479406110722 0.012774368099558848
0.5445503803753559 0.00917396980515761
0.5452537274182842 0.006966636507545323
0.5459579829117078 0.006567000110966177
0.5466631480289911 0.011088510746856205
0.5473692239450139 0.011007939697318251
0.5480762118361733 0.00730390256765913
0.5487841128803863 0.010120516614251182
0.5494929282570911 0.011353409846879992
0.550202659147249 0.006802884945477005
0.5509133067333469 0.005486673476562253
0.5516248721993993 0.008493298506021544
0.5523373567309493 0.007099613164583258
0.5530507615150719 0.006770650078655162
0.5537650877403749 0.011492408245858177
0.5544803365970017 0.011083593637810852
0.5551965092766324 0.005109380776395061
0.5559136069724869 0.0071904476065604486
0.5566316308793258 0.00871160067416241
0.557350582193453 0.006792652824669753
0.5580704621127176 0.010109529544694719
0.5587912718365159 0.006287067812460111
0.5595130125657932 0.007093444461278912
0.5602356855030461 0.006052878431193012
0.5609592918523243 0.011181038467979385
0.5616838328192327 0.004778960840968302
0.5624093096109333 0.006543581144129525
0.5631357234361473 0.005769021360928136
0.563863075505157 0.012489065922097895
0.5645913670298083 0.00811143609484523
0.565320599223512 0.0071018083015205406
0.566050773301246 0.009205512441890901
0.566781890479558 0.00772835222158302
0.5675139519765664 0.008301814634114838
0.5682469590119634 0.005207478793766815
0.5689809128070165 0.00725007349922391
0.5697158145845702 0.013685053579057048
0.5704516655690491 0.011685503796280954
0.5711884669864588 0.005633910327832957
0.5719262200643883 0.00930102407064394
0.5726649260320128 0.008272000787816307
0.5734045861200945 0.010732301029276073
0.5741452015609856 0.010931133999257023
0.5748867735886298 0.009013850571263436
0.5756293034385648 0.013045504701244428
0.5763727923479239 0.01021024612938973
0.5771172415554386 0.012807052571503063
0.57786265230144 0.009766611505204853
0.5786090258278614 0.00824304143713798
0.5793563633782405 0.010844240720848957
0.5801046661977204 0.014875712403316923
0.5808539355330532 0.014383245715339457
0.581604172632601 0.012072357447131811
0.5823553787463382 0.01106207317631073
0.5831075551258539 0.011477116519023332
0.5838607030243536 0.01399121834741725
0.5846148236966615 0.0086414511718587
0.5853699183992227 0.004390133338303264
0.5861259883901049 0.0074058854124501965
0.5868830349290007 0.008877034013271059
0.5876410592772301 0.007693537614989911
0.5884000626977419 0.006027442407851107
0.5891600464551162 0.0035500729134071273
0.5899210118155666 0.004648345343694037
0.5906829600469419 0.005496518827955012
0.5914458924187286 0.007031538508932569
0.592209810202053 0.0030608900447968244
0.5929747146696831 0.007187425374660097
0.5937406070960306 0.009321934039514338
0.5945074887571536 0.01017623867242362
0.5952753609307583 0.009636101178618765
0.596044224896201 0.009763933101535437
0.5968140819344906 0.008000575844574285
0.5975849333282904 0.008426651601742966
0.5983567803619207 0.009648596990072816
0.5991296243213603 0.00992010341192371
0.5999034664942493 0.007316015099303431
0.6006783081698907 0.006777200896263699
0.6014541506392527 0.012125691907941787
0.6022309951949713 0.010984687828312432
0.6030088431313516 0.007323113244880923
0.6037876957443711 0.01144102044837216
0.6045675543316804 0.01240054242728233
0.6053484201926067 0.011795915385639198
0.6061302946281554 0.012043725647155615
0.606913178941012 0.012961544049728378
0.6076970744355448 0.011902424765324821
0.6084819824178068 0.01127546131821656
0.6092679041955378 0.009922965173708071
0.6100548410781669 0.011789597139593487
0.6108427943768142 0.011297428893023957
0.6116317654042935 0.011538179034453923
0.6124217554751141 0.008898774309200096
0.6132127659054832 0.009167737164829244
0.6140047980133081 0.01406242432588464
0.614797853118198 0.014606118747888173
0.6155919325414669 0.008308161042782364
0.6163870376061353 0.006487656291194429
0.6171831696369325 0.012482182142043503
0.6179803299602988 0.0075207796334652134
0.6187785199043878 0.009498082515841728
0.6195777407990685 0.00869617233619403
0.6203779939759276 0.012990739956581685
0.6211792807682718 0.011883119277178611
0.6219816025111297 0.009327038666166024
0.6227849605412543 0.00799764894099073
0.6235893561971254 0.0059847353408636825
0.6243947908189514 0.005216011369019471
0.6252012657486716 0.005449610566582433
0.6260087823299588 0.007322310258776989
0.6268173419082212 0.0065584153833958695
0.6276269458306047 0.005629066153409345
0.6284375954459953 0.011637979853884504
0.6292492921050211 0.010565493748816152
0.6300620371600548 0.006720833870862685
0.6308758319652158 0.009978179982263762
0.6316906778763725 0.011619802788437467
0.6325065762511444 0.01064278433795812
0.6333235284489048 0.011217108616681916
0.6341415358307828 0.015013065437709769
0.634960599759665 0.008536391711606871
0.635780721600199 0.011046821418127085
0.6366019027187947 0.008079907306863957
0.6374241444836267 0.007299784511290149
0.6382474482646371 0.011492154949793882
0.6390718154335371 0.005386134750750062
0.6398972473638099 0.008667904676825188
0.6407237454307124 0.011800096149228816
0.6415513110112782 0.010031208638186809
0.6423799454843191 0.009551688098817648
0.643209650230428 0.009396268852005486
0.6440404266319809 0.008098991843791009
0.6448722760731393 0.009704896482299118
0.6457051999398528 0.009496744820043633
0.6465391996198605 0.01318925990746449
0.6473742765026943 0.006368789872469446
0.648210431979681 0.008325907545846986
0.649047667443944 0.012095491428522153
0.6498859842904064 0.007487820664643439
0.650725383915793 0.01072561323496448
0.6515658677186326 0.010519175366429398
0.65240743709926 0.009957913572667752
0.6532500934598191 0.011457422301886027
0.6540938382042647 0.016582706336410357
0.6549386727383651 0.012622213939956448
0.655784598469704 0.012880958379956665
0.6566316168076834 0.014801221216903113
0.6574797291635256 0.013447366215185486
0.6583289369502757 0.015486665259648145
0.6591792415828038 0.011643004328457251
0.6600306444778076 0.01433929849050344
0.6608831470538145 0.01264507287652615
0.6617367507311841 0.014172586042703774
0.6625914569321106 0.009202618268586824
0.6634472670806253 0.01718805979002425
0.6643041826025985 0.0164147589717274
0.6651622049257422 0.012686584831344161
0.6660213354796125 0.011076147629315806
0.666881575695612 0.007199047038550091
0.6677429270069922 0.01241662431034901
0.6686053908488555 0.006320546547049547
0.6694689686581581 0.009556571288886736
0.6703336618737122 0.015001355855277745
0.6711994719361883 0.013567839443251161
0.6720664002881177 0.009428173745072868
0.6729344483738949 0.00819861959458303
0.6738036176397803 0.0069221777140091294
0.6746739095339015 0.01097767326638043
0.6755453255062573 0.011923708620876829
0.6764178670087191 0.012139695281436654
0.6772915354950335 0.013060283670651245
0.6781663324208247 0.0060437914897033835
0.6790422592435972 0.011300435202013496
0.6799193174227377 0.00837308225297013
0.6807975084195184 0.009336798618702312
0.6816768336970983 0.005644701845904979
0.6825572947205266 0.012499397602662634
0.6834388929567448 0.008062263195481138
0.6843216298745888 0.008269389673771381
0.6852055069447919 0.007185715576023708
0.686090525639987 0.011206336277979049
0.686976687434709 0.009311034959757545
0.6878639938053974 0.01140644404557402
0.6887524462303988 0.006609922523572099
0.6896420461899688 0.010259839882402031
0.6905327951662755 0.008892457452783836
0.6914246946434008 0.00977014391843365
0.6923177461073441 0.007584196435128647
0.6932119510460234 0.012871054152407755
0.6941073109492792 0.01016710385627991
0.6950038273088759 0.0094867023430245
0.6959015016185046 0.015546604243910286
0.6968003353737862 0.011657046003582278
0.6977003300722725 0.015794313324285353
0.6986014872134505 0.01187594093907684
0.6995038082987433 0.011780196173975613
0.7004072948315134 0.011116598797431213
0.7013119483170653 0.01534088066489234
0.7022177702626474 0.01670342658131099
0.7031247621774551 0.01142045026220583
0.7040329255726332 0.021625814445201924
0.704942261961278 0.018630576305549654
0.7058527728584403 0.021198509863076143
0.7067644597811278 0.01619536847468738
0.7076773242483075 0.021342677703329233
0.7085913677809085 0.014843576575250171
0.7095065919018239 0.01056897196415928
0.7104229981359143 0.007027387633188644
0.7113405880100095 0.006914358177142622
0.7122593630529116 0.018288345915365593
0.7131793247953971 0.008043916964007252
0.7141004747702199 0.005859407248472763
0.7150228145121131 0.01700472405890138
0.7159463455577929 0.009810637139234402
0.7168710694459597 0.007514647564973023
0.7177969877173015 0.009705912676072194
0.7187241019144962 0.011183342935095575
0.7196524135822144 0.015473496103328679
0.7205819242671219 0.005624789586317172
0.7215126355178816 0.019688997128266224
0.7224445488851574 0.019056931621115374
0.7233776659216156 0.021671286737916313
0.7243119881819281 0.01429593250481434
0.7252475172227748 0.017663570825087883
0.7261842546028463 0.01147017980768841
0.7271222018828462 0.012498591866737307
0.7280613606254942 0.01596164113163268
0.7290017323955282 0.02113167735156172
0.7299433187597074 0.022830989606688307
0.7308861212868143 0.02130739370473346
0.7318301415476578 0.016100443717479245
0.7327753811150759 0.01843697275221221
0.7337218415639377 0.019351648615368713
0.7346695244711468 0.021926815876697883
0.7356184314156431 0.017031579723079313
0.7365685639784064 0.023403020361164352
0.7375199237424581 0.022081210882581203
0.7384725122928644 0.01838810282770714
0.7394263312167387 0.02220620619391538
0.7403813821032447 0.022500618026539538
0.741337666543598 0.02214653641033309
0.7422951861310702 0.022899114045870656
0.7432539424609902 0.021400378634352974
0.7442139371307476 0.022974879842050166
0.7451751717397954 0.021673399369767865
0.7461376478896523 0.021513952516111174
0.7471013671839055 0.021163764652856958
0.7480663312282135 0.02278239681285179
0.7490325416303087 0.022578115436660752
0.75 0.023666405910716764
0.7535957271382807 0.018332378280481326
0.757208693281432 0.02372355305398288
0.7608389810784641 0.02406212404534278
0.7644866735746316 0.021526542224633755
0.7681518542133332 0.022608799653079676
0.7718346068380205 0.015925556330210207
0.7755350156941161 0.020270631190408617
0.7792531654309404 0.015155186765780754
0.7829891411036486 0.017187499138983035
0.7867430281751759 0.018051127969738904
0.7905149125181926 0.018466873348702183
0.7943048804170689 0.021912586652402415
0.7981130185698482 0.020239485414336036
0.8019394140902305 0.023970612085577256
0.8057841545095653 0.02215729339259462
0.8096473277788541 0.021236718328615855
0.8135290222707618 0.023963510179169763
0.817429326781639 0.024314878244296987
0.8213483305335527 0.024502626809755627
0.8252861231763274 0.023729572815045178
0.8292427947895962 0.02491384007903088
0.833218435884861 0.023446543179721405
0.8372131374075636 0.024876394450706774
0.8412269907391656 0.011688434368271836
0.8452600876992389 0.019525936957459925
0.8493125205475665 0.02254647699999853
0.8533843819862523 0.02125832587698221
0.8574757651618429 0.01945965295815014
0.8615867636674567 0.021212297854079517
0.8657174715449267 0.02159099278777648
0.8698679832869504 0.02137421394724955
0.8740383938392522 0.02087234287771828
0.8782287986027549 0.022624059971488537
0.8824392934357623 0.01381815569771426
0.8866699746561519 0.020347762620781633
0.8909209390435783 0.022580425964677315
0.8951922838416869 0.019273112866732528
0.8994841067603389 0.02161881406224809
0.903796505977846 0.02435096365832432
0.9081295801432163 0.022511160930631758
0.9124834283784115 0.023710090823197954
0.9168581502806137 0.024272441375557605
0.9212538459245041 0.023743382410070887
0.9256706158645523 0.022228816731498877
0.9301085611373165 0.022415561612296464
0.9345677832637547 0.02188834314742695
0.939048384251547 0.0192262021675609
0.9435504665974296 0.023429865176840602
0.9480741332895386 0.021761967124335833
0.9526194878097667 0.023378814914108374
0.9571866341361303 0.021513466278952623
0.9617756767451473 0.02267505350503848
0.9663867206142284 0.021218302436747247
0.9710198712240772 0.023542435464950988
0.975675234561104 0.02265692950525553
0.9803529171198504 0.02337916287632705
0.9850530259054243 0.02293711012969982
0.9897756684359491 0.015757442575236116
0.9945209527450225 0.021505312488236318
0.9992889873841879 0.022082028326679486
1.0040798814254177 0.019533309142139244
1.0088937444636084 0.019231408078383277
1.0137306866190876 0.022446551148485348
1.0185908185401331 0.022725299505135972
1.023474251405504 0.022176100759148734
1.0283810969269844 0.021738173993478854
1.033311467351938 0.021991018143930348
1.0382654754658767 0.022187643843539252
1.04324323459504 0.021578973031365866
1.048244858608988 0.02201838222792727
1.053270461923206 0.022034834370338763
1.0583201595017218 0.021623753973776787
1.0633940668597348 0.02177463161077452
1.0684923000662605 0.021965481211459165
1.0736149757467832 0.021149688815822968
1.0787622110859263 0.021554338753685395
1.0839341238301308 0.021225266588688636
1.08913083229035 0.021159304170249655
1.0943524553447561 0.0213762183819821
1.099599112441459 0.020451702355847794
1.1048709236012393 0.020668483162816532
1.1101680094202928 0.02102766335560789
1.1154904910729908 0.020085835000872868
1.120838490314651 0.020584400121234445
1.126212129484323 0.02037631369134945
1.1316115315075865 0.020578602211073424
1.1370368198993641 0.02039044944994964
1.1424881187667462 0.01935939358978227
1.1479655528118298 0.020086990828893415
1.1534692473345722 0.019708835096407244
1.1589993282356565 0.01982818319316069
1.164555922019371 0.019955977690531708
1.170139155796505 0.019823525042602586
1.1757491572872547 0.019650670980400454
1.1813860548241462 0.019289469024488255
1.1870499773549694 0.01945223467390454
1.1927410544457302 0.018772212002611165
1.198459416283613 0.018711320912461162
1.2042051936799583 0.01919508058786272
1.2099785180732563 0.01900159822999033
1.2157795215321532 0.018840048133343924
1.221608336758472 0.01829500776821711
1.2274650970902483 0.018786657073167647
1.2333499365047813 0.018668212560558273
1.2392629896216973 0.01848258160806175
1.24520439170603 0.01780478327020918
1.251174278671315 0.018264967715635728
1.2571727870826979 0.018236904684849623
1.2632000541600594 0.017320037218494445
1.269256217781154 0.01795599794703917
1.2753414164847634 0.017935396459818703
1.281455789473867 0.017346953456599177
1.2875994766188243 0.01744913962199893
1.2937726184605767 0.017423487705087636
1.2999753562138607 0.017446705385802144
1.30620783177044 0.017209556548515144
1.3124701877023488 0.01336154865901908
1.3187625672651564 0.017134447061465448
1.3250851144012417 0.0165974013007927
1.3314379737430875 0.015841524690346616
1.337821290616588 0.016656288437933393
1.3442352110443743 0.01582024518606647
1.3506798817491539 0.01558015525138568
1.3571554501570673 0.016326251621928033
1.363662064401061 0.015833116788286625
1.3701998733242755 0.015619979704308229
1.3767690264834498 0.015944876740481756
1.3833696741523442 0.015830886225420754
1.3900019673251762 0.015557455493566137
1.3966660577200758 0.01325165619204533
1.4033620977825552 0.015342188460861588
1.4100902406889968 0.014991394350437762
1.4168506403501568 0.013916415984989765
1.4236434514146867 0.013558813621868377
1.43046882927267 0.015039995369632632
1.4373269300591769 0.014944968832636909
1.4442179106578377 0.013627623538754468
1.4511419287044287 0.014218347114746
1.4580991425904812 0.014781697068365903
1.4650897114669033 0.013553228292617585
1.4721137952476195 0.012985260815457705
1.4791715546132318 0.013213065401823439
1.4862631510146926 0.013408479875659097
1.4933887466769993 0.013807582430106588
1.5005485046029052 0.012824889239742229
1.5077425885766482 0.0113678940582557
1.514971163167697 0.013662886348209887
1.5222343937345166 0.013903179785512029
1.5295324464283504 0.012805811958284218
1.5368654881970214 0.01165276540231527
1.5442336867887507 0.01293826934574849
1.5516372107559953 0.013968198562231394
1.559076229459304 0.013425943023671973
1.5665509130711908 0.013487682298795094
1.5740614325800286 0.01157952852642348
1.5816079597939605 0.013221888373177018
1.5891906673448297 0.011204027872915932
1.5968097286921286 0.011474892284751343
1.604465318126967 0.01298659423301461
1.6121576107760593 0.012666662967820262
1.6198867826057304 0.010626499081139437
1.6276530104259406 0.012707159867383692
1.6354564718943307 0.007593672933582003
1.643297345520287 0.01273822705616068
1.6511758106690229 0.012868239130168869
1.659092047565683 0.012582582276291608
1.6670462372994665 0.012320637479526095
1.6750385618277683 0.007103518587103496
1.6830692039803425 0.012201646474078134
1.6911383474634847 0.012123459030258342
1.6992461768642335 0.01144210408558048
1.707392877654594 0.010922210209989866
1.7155786361957803 0.01123280999772098
1.7238036397424783 0.010366600115469195
1.7320680764471306 0.010964512841512989
1.7403721353642378 0.010947322742566854
1.7487160064546867 0.010029998933105858
1.7570998805900933 0.010791899976823373
1.76552394955717 0.00910863352573253
1.7739884060621127 0.009079656779442632
1.7824934437350097 0.007879600391051617
1.7910392571342704 0.008992638227496809
1.7996260417510754 0.008922396309732347
1.80825399401385 0.0076673561942373234
1.8169233112927567 0.00844539404702835
1.8256341919042098 0.008155036926877126
1.834386835115414 0.008690229074808672
1.8431814411489198 0.008036268329815929
1.8520182111872059 0.00903329666998271
1.8608973473772803 0.008476014383095167
1.8698190528353054 0.006713965314264352
1.8787835316512442 0.007547415900389506
1.8877909888935285 0.007814832487684473
1.89684163061375 0.00761808287516803
1.9059356638513747 0.008225413247872843
1.915073296638478 0.007674941630681951
1.9242547380045036 0.0074126547340431555
1.9334801979810476 0.006055891503717403
1.9427498876066593 0.006131910220403921
1.9520640189316716 0.006137634798775781
1.96142280502305 0.006877408472349326
1.9708264599692682 0.006311756815392166
1.9802751988852059 0.0066978570164064125
1.9897692379170668 0.00697027620030247
1.999308794247326 0.006320050300527859
2.0088940860996973 0.0063222992514855
2.018525332744124 0.0062945821344414865
2.0282027545017973 0.005997119679025793
2.037926572750194 0.006550830697428068
2.0476970099281426 0.006115826096601594
2.057514289540909 0.00577424554942674
2.0673786361653126 0.0063625543748908895
2.0772902754548603 0.005106519720094464
2.0872494341449133 0.006255957254621357
2.097256340057868 0.005339576807483978
2.107311222108371 0.00527928029094164
2.1174143103085554 0.005714741600238959
2.1275658357733027 0.005733638141215767
2.1377660307255275 0.005457662532219229
2.1480151285014935 0.0055200816707517055
2.158313363556147 0.00572188678354892
2.168660971468484 0.005501025313992573
2.1790581889469367 0.005204916726519957
2.189505253834789 0.005280777361918147
2.2000024051156175 0.005367254527342872
2.21054988291876 0.005227380529547588
2.2211479285248057 0.004303921398342762
2.231796784371116 0.0051673982417770326
2.2424966940573703 0.004913012296827441
2.2532479023511387 0.005075754468121478
2.264050655193483 0.004825454714182262
2.274905199704578 0.004983594167666551
2.2858117841893697 0.004861414717098872
2.296770658143252 0.004729140083394755
2.307782072257775 0.004618891700868278
2.318846278426381 0.004674384588104623
2.329963529750166 0.004317577251876735
2.341134080543669 0.004204113946220761
2.3523581863406884 0.004275512581925356
2.3636361039001312 0.0036178250930545023
2.374968091211883 0.004169497884919643
2.386354407502711 0.0041399925419607665
2.3977953132421947 0.004182020537094361
2.4092910701486843 0.0031877237130863217
2.420841941195286 0.0037381615601185625
2.4324481906158777 0.0034753868320673803
2.444110083911157 0.002479766507729251
2.4558278878547095 0.003324293565947801
2.467601870499117 0.003615063891127246
2.4794323011820847 0.0029037967242641267
2.491319450532605 0.0027283565612692875
2.503263590477147 0.00260465936041452
2.5152649942458787 0.0023926843543503975
2.5273239363789144 0.00270878319400624
2.5394406927326 0.002628508978974356
2.5516155404858174 0.0024413372862480127
2.5638487581463285 0.0024527012162319684
2.5761406255571475 0.002791642829363958
2.5884914239029375 0.002676298276438641
2.6009014357164504 0.0022309802064598943
2.6133709448849824 0.0029259490100701922
2.625900236656872 0.0026621726236991834
2.638489597648025 0.0025120457061475914
2.6511393158484706 0.00244975389411744
2.663849680628949 0.002295997619375501
2.676620982747533 0.0023237634284501854
2.6894535143562757 0.0023785097259672316
2.702347569007896 0.002275320172479673
2.7153034416624937 0.002679545161397078
2.7283214286942967 0.002520054288012002
2.741401827898442 0.002248837750785802
2.7545449384977845 0.0024905104981617103
2.7677510611497445 0.002362791600515344
2.7810204979531865 0.002391521920873753
2.7943535524553265 0.0022576645086274665
2.8077505296586787 0.0021497659203942514
2.821211736028033 0.0017474486720242502
2.8347374794974622 0.0019328610446798468
2.8483280694773696 0.001821318435967748
2.861983816861565 0.0017695351881658744
2.8757050340343775 0.001929547281595746
2.8894920348778004 0.0019627486681668247
2.903345134778675 0.0016754202801794545
2.9172646506359 0.0019345540689871714
2.931250900867685 0.0018921248264182533
2.945304205418831 0.0018770223343216159
2.9594248857680525 0.0012696052081974378
2.9736132649353317 0.0017407120905559102
2.9878696674893046 0.0013011057310183414
3.0021944195546872 0.0017727829575304927
3.0165878488197375 0.0017208724534278675
3.031050284543749 0.0013848858515319938
3.045582057564585 0.001466065632542152
3.060183500306246 0.0016988925431508325
3.0748549467864725 0.0017772491275668803
3.089596732624388 0.00158011620255415
3.1044091950481763 0.0014615381095874796
3.1192926729027923 0.0015857467062783896
3.1342475066577213 0.0014533467263229466
3.1492740384147586 0.00145176522977336
3.1643726119158395 0.0012875121576580051
3.1795435725509034 0.0012411003048672371
3.194787267365793 0.0013653705672849253
3.210104045070193 0.0012479149030726827
3.2254942560456112 0.001184334609968299
3.240958252353387 0.001373339818729361
3.2564963877427493 0.0012228973438179551
3.272109017658909 0.0012364190415541196
3.2877964992511868 0.001218895372709235
3.3035591913811895 0.0012691714817766213
3.3193974546310105 0.0010654138586339325
3.335311651311486 0.0011698891663640078
3.3513021454704788 0.0012485845705854546
3.3673693029012073 0.0011724835354116083
3.3835134911506137 0.0012144972549652643
3.3997350795277725 0.0011212888219376915
3.416034439112336 0.0012088667508820742
3.4324119427630264 0.0012359017086672954
3.448867965126162 0.001139324637093257
3.4654028826442294 0.0009872056736153112
3.482017073564496 0.00108665244924966
3.4987109179476596 0.000981704892118508
3.5154847976765438 0.0011049313660888554
3.5323390964648356 0.001108615995950404
3.5492741998658603 0.0010312884673237912
3.5662904952814025 0.0010328337764117378
3.58338837197057 0.001044430267119872
3.6005682210586953 0.00103997829891041
3.6178304355462845 0.0010097583216258713
3.635175410318007 0.0009760901393467866
3.6526035421517284 0.000994386885791227
3.6701152297275876 0.0009297199869246035
3.687710873637119 0.0009395276796480586
3.7053908763924124 0.0009481022148864076
3.7231556424353216 0.0009448227533879837
3.7410055781467184 0.0009111285287183895
3.758941091855786 0.0009139218386768856
3.7769625938493654 0.0009041674384573524
3.795070496381332 0.0008585307973734431
3.8132652136820346 0.0008688638493187526
3.8315471619677655 0.00086173650520275
3.849916759450285 0.0008433966492664497
3.8683744263463873 0.0008190145646789654
3.8869205848875135 0.0008180795958777816
3.9055556593294094 0.0008071819022334893
3.9242800759618315 0.0007961990580117003
3.943094263118298 0.0007754968650876273
3.9619986511858882 0.0007541745572566427
3.980993672615089 0.0007369472218882225
4.000079761929683 0.000726800361110609
4.019257355736694 0.0006744593393424633
4.03852689273637 0.0007125018466952658
4.057888813732221 0.0006419367352495082
4.077343561641103 0.0006726625181856245
4.096891581503353 0.0006717936331772504
4.11653332049296 0.0005936847022234498
4.136269227927804 0.000636223038850908
4.156099755279931 0.0006332373648980906
4.17602535618588 0.0005964353930159902
4.19604648645706 0.0005994791880872202
4.216163604090182 0.0005842519594665459
4.236377169277727 0.0005738422513186329
4.25668764441848 0.0005779049615965231
4.277095494128106 0.0005762948451623582
4.2976011852497775 0.0005568051955160228
4.318205186864858 0.0005388398425782215
4.338907970303623 0.0005428803931286306
4.359710009156054 0.0005065752936411024
4.380611779282662 0.00048238907148657806
4.4016137588253805 0.0004251740094676806
4.422716428218497 0.0004751724094590148
4.4439202701996505 0.00028881345735138047
4.465225769820868 0.0002955144100808516
4.486633414459661 0.00042573860629229544
4.50814369383018 0.00039259068565369024
4.529757099994412 0.000425092056457754
4.551474127373438 0.0003796089875784828
4.5732952727587435 0.0003407787841073296
4.595221035323583 0.00041191618248350256
4.617251916634397 0.00041769785108662925
4.639388420662292 0.00040470292153562006
4.661631053794558 0.0004056843251411453
4.683980324846266 0.00035684927245619835
4.706436745071897 0.0003738363312940665
4.729000828177038 0.00038453414076957564
4.751673090330143 0.0003723007329303536
4.774454050174326 0.00032105977585309244
4.79734422883924 0.00037779356339113167
4.820344149952989 0.0003685166933883284
4.843454339654107 0.00033957678487249823
4.866675326603597 0.00031847127452806984
4.890007641997023 0.00029506748447069375
4.91345181957666 0.00032656922270156587
4.937008395643709 0.00030523354183090623
4.960677909070557 0.0003178189184939576
4.98446090131311 0.0002988689800325907
5.008357916423177 0.00026221494858618224
5.032369501060916 0.0003012488698300293
5.0564962045073445 0.00026464056820960156
5.0807385786768915 0.000286382283644157
5.105097178130036 0.00021479231941173805
5.129572560085985 0.0002763892514307892
5.154165284435427 0.00027234530749441834
5.1788759137533305 0.00025754567063771255
5.203705013311826 0.00024065133243253713
5.2286531510931225 0.0001907415196378719
5.253720897802513 0.00024193237119931075
5.278908826881421 0.00025403983371679033
5.304217514520523 0.00024006682732487494
5.329647539672928 0.0002341677566723503
5.355199484067426 0.00023328277148945657
5.380873932221783 0.000238996995605221
5.406671471456126 0.00018799005586627303
5.432592691906369 0.0001693080067288418
5.458638186537719 0.00016895672569830416
5.484808551158237 0.0002178563511507405
5.511104384432469 0.00021546747964136656
5.537526287895138 0.00020684758471471384
5.5640748659649075 0.00017259992718129594
5.590750725958208 0.00018350528193002087
5.617554478103128 0.0002005723145355519
5.644486735553375 0.00017925751632293934
5.671548114402301 0.00019950670717323906
5.698739233696996 0.00019275335075249607
5.726060715452448 0.0001786869665088505
5.753513184665774 0.00014455145594769093
5.781097269330519 0.0001813973925114358
5.808813600451015 0.00018110464209432475
5.836662812056822 0.00016984866137262266
5.864645541217231 0.00016611386721640132
5.892762428055834 0.00015721081977519526
5.921014115765167 0.00016168331010294054
5.949401250621433 0.00014953023462654547
5.977924481999274 0.00016055141024333292
6.0065844623866305 0.00016261123579371618
6.035381847399669 0.00015882436223893097
6.0643172957977765 0.00014769292556244455
6.093391469498636 0.00014674163561997618
6.122605033593362 0.00014330130933644708
6.151958656361717 0.0001289792921338176
6.181453009287397 0.0001266533134916335
6.2110887670734 0.00014202769798248304
6.240866607657446 0.00013686933386902682
6.270787212227504 0.0001340160676343705
6.300851265237357 0.0001333284839606063
6.331059454422269 0.00013471504305482125
6.361412470814716 0.0001282549646409123
6.39191100876019 0.00012623047551052688
6.422555765933088 0.0001247462165200051
6.45334744335267 0.00010800855952556401
6.4842867453990936 0.0001244936570109483
6.515374379829527 0.00010575636799819986
6.546611057794343 0.00011008601647498773
6.57799749385338 0.00010339038539071211
6.609534405992302 0.00010839621694415728
6.641222515639004 9.486783436275045e-05
6.6730625476801295 0.00010354616509589244
6.7050552304776465 9.755939428939414e-05
6.737201295885512 9.641650385702096e-05
6.769501479266411 9.032696976500711e-05
6.801956519508584 9.209596546422103e-05
6.83456715904272 8.378351412051288e-05
6.867334143858949 7.676692902839286e-05
6.900258223523903 8.024901109880285e-05
6.933340151197861 8.700427893015947e-05
6.966580683651985 8.704353501452228e-05
6.999980581285625 7.997253752650453e-05
7.0335406081437135 7.961103773419216e-05
7.067261531934249 8.68244694671886e-05
7.101144124045853 8.064596205770008e-05
7.135189159565416 7.945689989880721e-05
7.169397417295838 7.451007957715669e-05
7.203769679773824 7.56178093450153e-05
7.238306733287806 7.527278447480274e-05
7.2730093678959165 7.541181676711294e-05
7.307878377444066 7.108682771969034e-05
7.342914559584106 6.977613522366448e-05
7.37811871579207 6.44887435543288e-05
7.413491651386511 6.98452824073297e-05
7.449034175546921 6.656014641645035e-05
7.484747101332247 6.884808055244585e-05
7.520631245699485 6.522097348660928e-05
7.556687429522369 6.424139439073833e-05
7.592916477610153 6.552643638211853e-05
7.629319218726471 5.975649534862683e-05
7.665896485608313 5.990577322472479e-05
7.702649114985049 5.95431947990252e-05
7.73957794759759 5.9530383377291814e-05
7.77668382821761 6.17305794880298e-05
7.813967605666878 5.782550317989137e-05
7.8514301328366685 5.36708571635812e-05
7.8890722667072755 5.155333573190045e-05
7.926894868367619 5.323046725452741e-05
7.964898803034935 5.4726666001089175e-05
8.003084940074578 5.298929091826733e-05
8.041454153019895 4.891213627600832e-05
8.080007319592234 5.0266064110485885e-05
8.118745321720986 4.778201974439444e-05
8.15766904556379 4.746459399151911e-05
8.196779381526783 4.78883909338649e-05
8.23607722428499 4.630697180768441e-05
8.275563472802775 4.570486500405803e-05
8.315239030354402 4.133223792401581e-05
8.355104804544718 4.2955902394612686e-05
8.395161707329892 4.166868909800055e-05
8.435410655038293 4.022091882869612e-05
8.47585256839144 3.911491483956302e-05
8.516488372525082 4.1369426414942605e-05
8.557318997010336 3.784332530241426e-05
8.598345375874969 4.105356441105127e-05
8.639568447624761 4.0095112454451094e-05
8.680989155264971 3.616376795322074e-05
8.722608446321914 3.3439238767413375e-05
8.764427272864628 3.71017135293993e-05
8.806446591526663 3.316920285481256e-05
8.84866736352796 3.0885439911992176e-05
8.891090554696834 3.4603302804264045e-05
8.933717135492076 3.548061168241647e-05
8.97654808102516 2.8020667258623503e-05
9.019584371082525 3.460966378314358e-05
9.06282699014801 3.091141839198537e-05
9.106276927425366 3.1137328060850536e-05
9.14993517686089 3.0222296957730768e-05
9.193802737166154 2.811968307872184e-05
9.237880611840858 3.0959514270092155e-05
9.282169809195782 2.8974442354448333e-05
9.326671342375855 2.6544613800998786e-05
9.37138622938333 2.86077114976915e-05
9.416315493101063 2.6840683743238393e-05
9.461460161315939 2.5688633699768487e-05
9.506821266742346 2.7276139414403447e-05
9.552399847045825 2.6260128700799817e-05
9.5981969448668 2.609522902641129e-05
9.644213607844426 2.5471812728173044e-05
9.690450888640562 2.372375856180956e-05
9.736909844963844 2.3775133244310545e-05
9.783591539593884 2.4344686179623846e-05
9.830497040405579 2.3307985358943852e-05
9.877627420393544 2.384088104019652e-05
9.924983757696651 2.185443665117919e-05
9.972567135622711 2.3330685565357896e-05
10.020378642673224 2.0539811101951714e-05
10.068419372568302 2.1911145988222034e-05
10.116690424271683 2.0990216159703256e-05
10.165192902015866 2.0600619072243433e-05
10.213927915327382 2.018557036648096e-05
10.262896579052162 1.9868108635988104e-05
10.31210001338105 1.8897320429047674e-05
10.361539343875423 1.9245693977566e-05
10.411215701492937 1.86473653355287e-05
10.461130222613402 1.7685160804101816e-05
10.511284049064788 1.84995214038597e-05
10.56167832814932 1.6551741341936818e-05
10.612314212669743 1.636882656692793e-05
10.663192860955688 1.6192268775262677e-05
10.714315436890168 1.5484589201527482e-05
10.765683109936202 1.717138452319942e-05
10.817297055163571 1.5963827001498284e-05
10.869158453275698 1.5641488786425734e-05
10.921268490636654 1.4743488908536895e-05
10.973628359298297 1.5382722229968372e-05
11.026239257027544 1.4851582749181078e-05
11.079102387333766 1.470831467966509e-05
11.132218959496333 1.4373344425766985e-05
11.18559018859226 1.4274516925151898e-05
11.239217295524002 1.3919579462041071e-05
11.293101507047401 1.3198627687606884e-05
11.347244055799733 1.3762269407609485e-05
11.401646180327912 1.395718660481682e-05
11.456309125116817 1.1729585352321668e-05
11.511234140617772 1.3205942814973602e-05
11.566422483277135 1.2627038399295184e-05
11.621875415565054 1.1277033195954593e-05
11.677594206004335 1.1234521182140905e-05
11.73358012919948 1.1987043462906917e-05
11.789834465865818 1.1853059932464256e-05
11.846358502858818 1.2109038832403819e-05
11.903153533203527 1.1346251877129965e-05
11.960220856124144 1.0412934977258587e-05
12.01756177707374 1.0920418787899355e-05
12.075177607764124 1.0241109750167766e-05
12.133069666195853 1.0479364347145508e-05
12.191239276688373 1.0615743317653257e-05
12.249687769910324 9.90998755124346e-06
12.308416482909958 9.737422037259808e-06
12.367426759145774 9.097194434583442e-06
12.426719948517185 8.240674096755699e-06
12.48629740739545 9.650387781278602e-06
12.54616049865467 9.10083926396774e-06
12.606310591702988 8.953726632965851e-06
12.666749062513896 8.173992986333219e-06
12.727477293657726 7.454288003985457e-06
12.788496674333269 8.57980071179324e-06
12.849808600399552 7.856325478656057e-06
12.911414474407778 8.418457870186857e-06
12.973315705633395 8.056185593276548e-06
13.035513710108367 7.738114844676384e-06
13.098009910653523 7.391211916110333e-06
13.160805736911131 7.349916434775624e-06
13.223902625377601 7.1663784391657075e-06
13.287302019436336 7.115588933501897e-06
13.35100536939076 6.600802428079333e-06
13.415014132497493 6.717804464794068e-06
13.479329772999682 6.961404025303338e-06
13.543953762160495 6.639914206131142e-06
13.608887578296788 5.854268536976456e-06
13.674132706812903 6.708605825127583e-06
13.739690640234688 6.402320303331346e-06
13.805562878243586 6.171150258193926e-06
13.871750927710973 6.3916691027769334e-06
13.93825630273263 6.086990060629734e-06
14.00508052466336 5.246776803008808e-06
14.07222512215181 5.840912044523494e-06
14.139691631175433 5.270741360309788e-06
14.207481595075617 5.376483322311139e-06
14.275596564592998 5.655641444995323e-06
14.344038097902937 5.206871216534474e-06
14.412807760651145 5.426324223383527e-06
14.48190712598954 4.685140681103069e-06
14.55133777461218 5.234491738553053e-06
14.621101294791464 4.775162545114884e-06
14.691199282414441 4.600301911569747e-06
14.761633341019332 4.962114213158567e-06
14.832405081832201 4.620567680182063e-06
14.903516123803822 4.55410226445224e-06
14.97496809364671 4.563942175147912e-06
15.046762625872327 4.5254239160728845e-06
15.118901362828483 4.044833622200566e-06
15.19138595473689 4.284738586690534e-06
15.264218059730949 4.016077804716234e-06
15.337399343893628 4.217477571071807e-06
15.41093148129561 4.1748708585452245e-06
15.484816154033581 4.095369452175236e-06
15.55905505226871 3.967490407579493e-06
15.633649874265304 4.084159913911896e-06
15.70860232642967 3.82948933779839e-06
15.78391412334914 3.8118976704821935e-06
15.859586987831298 3.4989631634125078e-06
15.935622650943388 3.81868462383448e-06
16.01202285205191 3.468121307507279e-06
16.088789338862437 3.568650070790191e-06
16.16592386745954 3.2001580091707787e-06
16.243428202347012 3.543757073856775e-06
16.321304116488204 3.146025736868836e-06
16.39955339134659 3.1411182367607067e-06
16.47817781692652 3.0283217674608687e-06
16.55717919181417 3.0764716943597753e-06
16.63655932321868 2.7539608902875787e-06
16.7163200270135 3.003412615824049e-06
16.796463127777923 2.9757743384245992e-06
16.876990458838833 2.7609190586592263e-06
16.957903862312623 2.824073981583895e-06
17.03920518914739 2.803079850054279e-06
17.12089629916519 2.6576280718040385e-06
17.202979061104653 2.338170076840845e-06
17.285455352663703 2.6059421854617498e-06
17.36832706054252 2.267333091603855e-06
17.45159608048669 2.39672369696937e-06
17.535264317330583 2.422561671017079e-06
17.619333685040917 2.580395574148604e-06
17.70380610676055 2.2922004811921822e-06
17.78868351485247 2.3916500020281816e-06
17.87396785094398 2.3967691334099252e-06
17.959661065971176 2.276127202921903e-06
18.04576512022349 2.26823466161678e-06
18.13228198338859 2.006523534657286e-06
18.21921363459743 2.036407033769174e-06
18.306562062469503 2.157113157494664e-06
18.39432926515836 2.1435524642193142e-06
18.482517250397294 2.0134938877990983e-06
18.571128035545286 2.015019237695126e-06
18.660163647633148 1.7759136132955414e-06
18.749626123409886 1.848246675297742e-06
18.839517509389292 1.8330878890783714e-06
18.92983986189679 1.7895693697000252e-06
19.020595247116432 1.7887535472190256e-06
19.111785741138178 1.645247679174443e-06
19.203413430005398 1.529613405931307e-06
19.295480409762593 1.6569051110907812e-06
19.38798878650332 1.5836893690772954e-06
19.480940676418403 1.6493514129745827e-06
19.574338205844317 1.6106653186428934e-06
19.668183511311835 1.6134301406863194e-06
19.76247873959491 1.5614136018745866e-06
19.857226047759777 1.4910343430158208e-06
19.952427603214318 1.4379741678555296e-06
20.048085583757594 1.4306567695377316e-06
20.144202177629715 1.331153410523727e-06
20.24077958356187 1.3519606532678244e-06
20.337820010826633 1.3711681240623339e-06
20.435325679288496 1.4059787652328234e-06
20.53329881945466 1.3928314988379607e-06
20.631741672526047 1.3661895135249037e-06
20.730656490448578 1.313632205136217e-06
20.830045535964686 1.2785528881558531e-06
20.92991108266506 1.1648960361005425e-06
21.030255415040717 1.2748394058799528e-06
21.131080828535165 1.130961797005153e-06
21.232389629596987 1.1616890857062835e-06
21.334184135732578 1.1796718910694951e-06
21.436466675559153 1.1261106798477461e-06
21.539239588858027 1.0291592561246354e-06
21.642505226628145 1.0699913293425176e-06
21.746265951139836 1.0844206179189332e-06
21.85052413598888 9.973093837398496e-07
21.955282166150788 9.959672719438796e-07
22.060542438035363 1.0291024008774237e-06
22.166307359541545 9.803680834099867e-07
22.272579350112444 9.944524501602318e-07
22.379360840790724 9.556138392164427e-07
22.4866542742742 9.331549973807064e-07
22.594462104971726 8.586205596316654e-07
22.70278679905933 9.473541522465026e-07
22.811630834536633 9.257606542881806e-07
22.920996701283542 9.174990125004605e-07
23.030886901117206 8.827584125386562e-07
23.141303947849234 8.30616207923047e-07
23.2522503673432 8.55669543605304e-07
23.363728697572473 8.255313723615633e-07
23.47574148867819 7.284679821735544e-07
23.58829130302766 7.945509851352173e-07
23.70138071527295 7.664594640728857e-07
23.815012312409788 7.27881481276908e-07
23.92918869383675 7.318264752274731e-07
24.043912471414707 6.901514569652239e-07
24.15918626952659 7.139258073742306e-07
24.275012725137408 6.874412308688491e-07
24.39139448785459 7.176081893049624e-07
24.508334219988576 6.656457388254106e-07
24.625834596613718 6.809658834036717e-07
24.743898305629525 6.618358508735209e-07
24.86252804782207 6.610797630091009e-07
24.98172653692583 6.421508440634103e-07
25.10149649968574 6.274846998656506e-07
25.221840675919577 5.733834560845341e-07
25.342761818580637 6.116431390841943e-07
25.46426269382071 5.793568862845928e-07
25.58634608105335 5.108981069919391e-07
25.709014773017465 5.617278463621616e-07
25.832271575841194 5.527331848348132e-07
25.9561193091061 4.992533215703485e-07
26.080560805911706 4.974849071419887e-07
26.205598912940236 5.297989344810919e-07
26.33123649052178 5.266950655221373e-07
26.45747641269972 5.063465830060775e-07
26.584321567296474 4.815567261448626e-07
26.711774855979552 4.623499588906169e-07
26.83983919432794 4.7311613174594447e-07
26.968517511898785 4.6785702045829056e-07
27.09781275229443 4.664799629791837e-07
27.22772787322973 4.4046674612548997e-07
27.358265846599707 4.361821287214379e-07
27.489429658547593 4.2914756900478015e-07
27.621222309533056 4.219447291630645e-07
27.753646814400888 4.126763629851453e-07
27.886706202449954 4.005741174791543e-07
28.020403517502498 4.0926264252243415e-07
28.15474181797378 4.0594081409821864e-07
28.289724176942013 3.8425570265532133e-07
28.425353682218685 3.720149077628391e-07
28.561633436419193 3.7266728671492155e-07
28.698566557033804 3.630237168000246e-07
28.836156176498964 3.6420920629425356e-07
28.974405442269013 3.3085568116858316e-07
29.113317516888102 3.3920689564589935e-07
29.252895578062578 3.188360508494573e-07
29.393142818733686 3.279204667845525e-07
29.534062447150593 2.9620187620559347e-07
29.67565768694379 3.218278237226299e-07
29.81793177719882 3.201906925703096e-07
29.960887972530386 3.014565019411275e-07
30.104529543156804 3.046714469369029e-07
30.248859774974807 2.9440380692243564e-07
30.39388196963469 2.686159672747669e-07
30.539599444615913 2.8526234012706867e-07
30.686015533302882 2.659181491769235e-07
30.833133585061283 2.576265915977936e-07
30.980956965314668 2.6906560899060007e-07
31.129489055621452 2.6012526939830616e-07
31.278733253752264 2.664145592597524e-07
31.428692973767678 2.526139954037304e-07
31.579371646096302 2.4957988844230224e-07
31.730772717613263 2.3667143176940462e-07
31.88289965171905 2.2581274348994896e-07
32.03575592841872 2.3555059484127214e-07
32.18934504440159 2.3111903255378276e-07
32.343670513121104 2.2015705317396036e-07
32.498735864875286 2.2826247468041824e-07
32.65454464688749 2.186536815178218e-07
32.8111004233875 2.053913127078934e-07
32.96840677569314 1.9411429725721614e-07
33.12646730229212 1.9347005349501779e-07
33.28528561892441 1.9867967908239622e-07
33.444865358664934 1.9878809057879223e-07
33.605210172006664 1.9621379989461597e-07
33.76632372694413 1.9172265817379444e-07
33.928209709057384 1.8695165168031658e-07
34.09087182159624 1.7776179250510106e-07
34.25431378556498 1.7712581325904438e-07
34.418539339807566 1.7783702346604254e-07
34.583552241093074 1.6950376542158378e-07
34.749356264201666 1.7025095221509538e-07
34.91595520201097 1.6312582789714663e-07
35.08335286558279 1.6112674567225361e-07
35.251553084250325 1.4769671825212985e-07
35.42055970570576 1.5189783640088499e-07
35.59037659608828 1.5419964242521024e-07
35.76100764007253 1.5280046243466716e-07
35.93245674095742 1.4323221027769289e-07
36.1047278207555 1.5001489142808247e-07
36.2778248202826 1.428803852878729e-07
36.45175169924805 1.4213769687372685e-07
36.62651243634519 1.3680266306950414e-07
36.80211102934244 1.3477789288106927e-07
36.97855149517474 1.342706151204438e-07
37.15583787003543 1.3085434871884833e-07
37.33397420946855 1.246935746218455e-07
37.51296458846169 1.1662924699124312e-07
37.69281310153913 1.2502530582176e-07
37.8735238628556 1.2046964187192848e-07
38.05510100629025 1.1536836638775555e-07
38.237548685541356 1.1826697491684714e-07
38.42087107422127 1.1360261146880275e-07
38.605072365951884 1.0857198030674231e-07
38.790156774460606 1.116984351977541e-07
38.97612853367673 1.064410429389111e-07
39.16299189782827 1.0579872144164073e-07
39.35075114153932 1.0540938556547061e-07
39.5394105599278 9.674496926993535e-08
39.728974468703726 9.786105835645653e-08
39.91944720426796 9.802639298817405e-08
40.11083312381136 9.763299360968792e-08
40.30313660541448 9.700443182738751e-08
40.49636204814771 9.409504929603995e-08
40.69051387217193 8.155108865921777e-08
40.885596518839606 8.96326194620712e-08
41.08161445079639 8.555879692923157e-08
41.2785721520832 8.751920923382778e-08
41.476474128238834 8.367546644091811e-08
41.67532490640297 8.292403335492893e-08
41.875129035419775 7.968094703578353e-08
42.075891085942 8.062849148357726e-08
42.27761565053542 7.831772907962017e-08
42.48030734378399 7.464759053262463e-08
42.683970802395386 7.304100588966589e-08
42.88861068530706 7.547287797556633e-08
43.09423167379281 6.989050260030819e-08
43.3008384715699 7.079036173387612e-08
43.508435804906604 7.105949484736451e-08
43.7170284227304 6.14700845059481e-08
43.92662109673653 6.5740588597885e-08
44.13721862149719 6.716801403924278e-08
44.34882581457125 6.51911711869826e-08
44.561447516614365 6.347531018535127e-08
44.775088591489784 6.345297945429472e-08
44.98975392637957 6.10784027580416e-08
45.20544843189644 6.089002493212334e-08
45.42217704219607 5.877783345893885e-08
45.63994471508995 5.798683873506977e-08
45.85875643215886 5.820592106912559e-08
46.07861719886675 5.006005807806758e-08
46.2995320446753 4.699295089725333e-08
46.52150602315893 5.0235646293870193e-08
46.74454421212047 5.270150633269908e-08
46.96865171370725 5.2536419582126264e-08
47.19383365452783 4.974588666925523e-08
47.42009518576928 4.987295323687817e-08
47.64744148331505 4.925119522916682e-08
47.875877747863306 4.825833441373008e-08
48.10540920504598 4.432627673279684e-08
48.33604110554822 4.603113419120574e-08
48.56777872522858 4.567636803158126e-08
48.80062736523967 4.338534558307553e-08
49.034592352149396 4.412137669971359e-08
49.26967903806294 4.3093280663230666e-08
49.505892800744995 4.2243587593817684e-08
49.74323904374293 4.190918322356743e-08
49.98172319651036 4.0473921342696925e-08
50.221350714531326 4.00168500172582e-08
50.46212707944513 3.976916058304547e-08
50.70405779917171 3.828903044260297e-08
50.94714840803762 3.744163779485656e-08
51.191404466902675 3.728647314629496e-08
51.436831563287136 3.3979752810405956e-08
51.683435311499494 3.314827778302218e-08
51.931221352765 3.157489835804699e-08
52.180195355354606 3.409768363980105e-08
52.43036301471465 3.321738393656256e-08
52.68173005359721 3.331416271400279e-08
52.93430222219094 3.177201546992778e-08
53.18808529825265 3.1699903847587686e-08
53.443085087239474 3.147039352561498e-08
53.69930742244165 2.9996726910942456e-08
53.95675816511598 3.032437311459881e-08
54.21544320461992 2.9736268889242794e-08
54.47536845854628 2.907884092139536e-08
54.736539872858565 2.858662540146891e-08
54.998963422027124 2.6475762366854e-08
55.262645109165646 2.751639900394346e-08
55.52759096616858 2.7049807376297923e-08
55.79380705384912 2.617004017795757e-08
56.06129946207781 2.6025985454628837e-08
56.33007430992191 2.5258377501920243e-08
56.60013774578532 2.4960778899902838e-08
56.87149594754925 2.4426575027999353e-08
57.14415512271354 2.381119303424286e-08
57.4181215085387 2.2150715131640957e-08
57.69340137218847 2.1791868238815713e-08
57.970001010873396 2.262827429074624e-08
58.247926751994676 1.959797585376546e-08
58.52718495328899 2.1865731995577802e-08
58.80778200297394 2.1093577364133963e-08
59.08972431989419 1.9413854388473898e-08
59.37301835366828 2.059525819925124e-08
59.657670584836175 1.9230773947137947e-08
59.94368752500752 1.9522993526468087e-08
60.23107571701057 1.9313456522988e-08
60.519841735041894 1.9010617021698216e-08
60.80999218481672 1.7789298228444707e-08
61.101533703720165 1.830370090235199e-08
61.394472960958886 1.800007039691411e-08
61.688816657713765 1.763412455076187e-08
61.984571527293184 1.738512191579311e-08
62.28174433528704 1.7026486784536778e-08
62.5803418797215 1.656235285736494e-08
62.88037099121457 1.638852288389278e-08
63.18183853313226 1.6093263994715476e-08
63.48475140174566 1.5768781588962053e-08
63.789116526388675 1.5488156036657825e-08
64.0949408696165 1.5050661848291315e-08
64.402231427365 1.4808154506920783e-08
64.71099522911061 1.4004888565656281e-08
65.02123933803122 1.4304464717116494e-08
65.33297085116776 1.405431587496659e-08
65.64619689958649 1.37521205465465e-08
65.96092464854217 1.354103234216064e-08
66.27716129764197 1.2620297433704207e-08
66.59491408101016 1.2914163741430259e-08
66.91419026745358 1.2722157436408151e-08
67.23499716062791 1.2482397116829183e-08
67.55734209920482 1.164293597911553e-08
67.88123245703977 1.2064102821506934e-08
68.20667564334073 1.181915819257198e-08
68.53367910283762 1.158324194541812e-08
68.86225031595268 1.1334435191332868e-08
69.19239679897156 1.11441000893682e-08
69.52412610421521 1.092744914403571e-08
69.85744582021279 1.073748560836533e-08
70.19236357187506 1.0467428891661596e-08
70.528887020669 1.01976676235313e-08
70.86702386479294 1.0121102778150431e-08
71.20678183935267 9.67389805105575e-09
71.54816871653853 9.749280603560957e-09
71.89119230580299 9.540948915688595e-09
72.23586045403943 9.368932877777246e-09
72.58218104576163 9.211485683957067e-09
72.9301620032841 8.878391888917291e-09
73.27981128690331 8.859451608160476e-09
73.63113689507985 8.590863912961644e-09
73.98414686462132 8.478684400302897e-09
74.3388492708662 8.323389218929492e-09
74.69525222786862 8.188663362350388e-09
75.05336388858387 7.664468926643546e-09
75.41319244505516 7.870490628032796e-09
75.77474612860055 7.727489250974265e-09
76.13803321000184 7.358442775830139e-09
76.50306199969316 7.429782517566923e-09
76.86984084795169 7.304340180296431e-09
77.23837814508805 7.112878809855604e-09
77.60868232163878 6.976411958545025e-09
77.98076184855898 6.895897855751837e-09
78.35462523741583 6.704960242034967e-09
78.73028104058386 6.285161190069815e-09
79.10773785143994 6.488100355716461e-09
79.48700430456054 6.364327228522709e-09
79.86808907591856 6.266597073455053e-09
80.25100088308247 6.140246164328892e-09
80.63574848541508 5.750365533858902e-09
81.02234068427455 5.8961864243469895e-09
81.41078632321515 5.770830666221808e-09
81.80109428818997 5.664045199043793e-09
82.19327350775416 5.575896614140851e-09
82.58733295326873 5.469092580644973e-09
82.9832816391065 5.364538776418758e-09
83.38112862285755 5.264160048128252e-09
83.78088300553716 5.167378759193512e-09
84.1825539317933 5.0666866998387645e-09
84.58615059011645 4.7190748704665384e-09
84.99168221304917 4.844742689124207e-09
85.399158077398 4.77945529694059e-09
85.80858750444493 4.683289341639816e-09
86.21997986016123 4.5986998141154705e-09
86.63334455542154 4.510156712919893e-09
87.04869104621876 4.4278631608908024e-09
87.46602883388108 4.343111242022671e-09
87.88536746528854 4.160245281956686e-09
88.3067165330922 4.084573715815462e-09
88.73008567593281 4.097541033500908e-09
89.1554845786621 4.017888467381521e-09
89.58292297256347 3.920903079054619e-09
90.01241063557545 3.779203459776473e-09
90.4439573925146 3.795396153080202e-09
90.87757311530092 3.723285788082812e-09
91.31326772318333 3.651897522681632e-09
91.7510511829664 3.5796063655412744e-09
92.19093350923895 3.503380175340467e-09
92.63292476460238 3.392993473986696e-09
93.07703505990162 3.379982634738662e-09
93.52327455445568 3.316634276112141e-09
93.97165345629085 3.2497193489839964e-09
94.42218202237332 3.190563919471271e-09
94.87487055884475 2.8654937142831817e-09
95.3297294212571 3.0549867972286453e-09
95.78676901481035 3.011608662583872e-09
96.2459997945901 2.9531748797776033e-09
96.70743226580653 2.846762572445562e-09
97.1710769840354 2.8384485059763723e-09
97.63694455545861 2.7879426236781755e-09
98.10504563710784 2.734678179926351e-09
98.57539093710726 2.672381693093777e-09
99.04799121491956 2.549725971235101e-09
99.52285728159107 2.5160042647346048e-09
100.0 2.529559122504439e-09
