 Wavelength    Flux  
0.20000000000000004 1.4584405765613885e-12
0.2002583221197802 6.145147421875073e-13
0.2005169778911482 4.685805943305548e-13
0.20077596774505196 1.6575489841556736e-12
0.20103529211299606 4.376775086617184e-13
0.20129495142704232 1.7956963546345024e-12
0.20155494611981073 1.5694846218291886e-12
0.20181527662447996 1.2247497734404098e-12
0.20207594337478824 1.8273784529999556e-12
0.202336946805034 9.522281429560448e-13
0.20259828735007662 5.583456858290204e-13
0.20285996544533713 1.4723615170199132e-12
0.203121981526799 2.2227305321099523e-12
0.20338433603100875 2.125900167948199e-12
0.2036470293950768 1.7833656211525885e-12
0.20391006205667817 1.0679688087198852e-12
0.2041734344540531 2.3929618254524526e-12
0.20443714702600793 2.555046254658149e-12
0.20470120021191576 2.0937522062769802e-12
0.2049655944517172 1.2098596638014064e-12
0.20523033018592104 2.728746984582522e-12
0.2054954078556051 2.383707685987179e-12
0.20576082790241687 1.9449847363375293e-12
0.20602659076857424 2.4549692574313603e-12
0.20629269689686633 2.1485144014449713e-12
0.20655914673065415 1.2015179436416031e-12
0.2068259407138714 1.6599429870209306e-12
0.20709307929102505 2.6129186792778807e-10
0.20736056290719634 7.988150772543498e-13
0.20762839200804134 3.0988675371696313e-12
0.20789656703979165 1.2857607690820221e-12
0.20816508844925535 4.1659252510350705e-11
0.20843395668381753 8.614380064885209e-12
0.2087031721914412 1.3927355239351865e-12
0.20897273542066788 4.1880492987773846e-11
0.20924264682061852 2.9984854855788906e-11
0.2095129068409941 7.207197764088925e-12
0.20978351593207645 5.991707230090843e-11
0.210054474544729 4.727412033203286e-12
0.21032578313039751 4.344965110356194e-11
0.21059744214111087 9.780563923661885e-11
0.21086945202948174 8.393121620247667e-12
0.21114181324870743 6.210500449189354e-11
0.2114145262525706 9.506312129935581e-12
0.21168759149544 7.005827990762608e-11
0.2119610094322713 9.276478894614218e-11
0.21223478051860775 1.641856509218124e-11
0.212508905210581 2.634188148582023e-10
0.21278338396491178 7.35386803772748e-12
0.21305821723891086 1.0378698654215313e-11
0.21333340549047955 2.586108824772457e-12
0.21360894917811066 3.2822604881140127e-10
0.21388484876088917 9.374664312702706e-11
0.21416110469849303 3.3758307085055244e-12
0.21443771745119392 4.3178223499898827e-10
0.214714687479858 1.8366418229194432e-11
0.21499201524594666 1.1648447694324683e-12
0.21526970121151737 2.8441087316613394e-11
0.2155477458392244 9.964711036003472e-11
0.21582614959231952 3.573223171907711e-11
0.21610491293465292 4.811251722757925e-12
0.21638403633067385 1.958708262935104e-11
0.21666352024543148 1.3846144239143818e-12
0.21694336514457566 8.645249463062699e-12
0.21722357149435761 2.0632962142105882e-12
0.2175041397616308 8.648105167748694e-11
0.21778507041385176 2.052215220588739e-11
0.21806636391908063 3.744876750332551e-11
0.21834802074598228 3.3897218949257127e-11
0.21863004136382683 3.0072627124579925e-12
0.21891242624249047 1.98511489004608e-09
0.21919517585245638 7.136023204775927e-12
0.21947829066481533 2.619125563447872e-11
0.21976177115126666 8.1541686676457e-11
0.22004561778411885 1.538265010478991e-11
0.2203298310362905 1.8029681255877408e-10
0.220614411381311 1.866644937332295e-09
0.22089935929332136 1.0375608297002085e-10
0.22118467524707502 3.4931126347998586e-11
0.2214703597179386 6.378241397761819e-12
0.22175641318189265 5.3411299105288466e-11
0.22204283611553263 5.212551805637708e-12
0.22232962899606945 2.253575018710185e-10
0.22261679230133047 5.298899430865379e-10
0.22290432650976016 1.2007334736212127e-11
0.22319223210042102 4.552666297179712e-10
0.22348050955299428 8.205565648778483e-09
0.2237691593477807 6.8341535282874435e-12
0.2240581819657014 1.2209445151376855e-09
0.22434757788829876 9.611689420961835e-11
0.224637347597737 4.1043961444844204e-10
0.22492749157680322 4.837466852049123e-10
0.225218010308908 8.341347504461418e-09
0.22550890427808634 8.666808181186165e-10
0.22580017396899843 3.463915466476194e-13
0.22609181986693044 3.155493805742816e-11
0.22638384245779536 1.051812773477981e-10
0.22667624222813373 4.979547776980542e-10
0.2269690196651146 7.942938994510683e-11
0.2272621752565362 7.164625296321574e-11
0.2275557094908268 7.977410834407271e-11
0.22784962285704555 1.2682391511276113e-10
0.22814391584488328 1.2412685840001004e-09
0.22843858894466326 3.0484379262739744e-10
0.22873364264734214 3.2729178813225846e-11
0.22902907744451065 5.209625294440519e-11
0.22932489382839447 2.852080115727968e-11
0.229621092291855 1.5349122122488112e-09
0.22991767332839036 9.824858743143155e-11
0.23021463743213594 9.203139989139152e-10
0.2305119850978654 1.0417974708750388e-10
0.23080971682099147 1.7174487721966806e-10
0.23110783309756677 3.79023124458652e-10
0.2314063344242846 2.244009372122246e-10
0.23170522129847979 5.352483194400382e-11
0.23200449421812958 6.798484649375437e-11
0.23230415368185434 1.8489466446595128e-09
0.2326042001889185 2.0254628712429848e-09
0.23290463423923136 3.87477829379586e-09
0.23320545633334788 3.533571013125588e-09
0.23350666697246955 3.1874723788014166e-10
0.2338082666584452 4.851377094611883e-09
0.23411025589377188 3.4147527931868513e-09
0.23441263518159566 6.807683894163462e-11
0.23471540502571248 1.773365100856301e-10
0.235018565930569 4.189265960041074e-11
0.23532211840126338 1.454904848194236e-09
0.23562606294354627 3.819057166584002e-10
0.23593040006382143 2.19161506177481e-09
0.23623513026914678 4.792683820610823e-09
0.2365402540672351 1.449741218857453e-10
0.23684577196645507 7.415121633758702e-09
0.2371516844758318 6.301909190266008e-10
0.23745799210504795 2.171125741417336e-09
0.23776469536444456 3.7874361853244224e-10
0.2380717947650217 4.0450527838078265e-09
0.23837929081843953 8.947689859152072e-09
0.2386871840370191 2.2738654588162638e-11
0.2389954749337431 8.608505093035297e-10
0.23930416402225688 3.6778650018426265e-10
0.23961325181686913 8.532729117665128e-09
0.23992273883255288 4.467803333115738e-09
0.24023262558494632 3.1923586707230787e-09
0.24054291259035362 1.6736499365738622e-09
0.2408536003657458 3.4076864257181826e-08
0.24116468942876162 1.4011967242069791e-09
0.24147618029770843 1.740390780959584e-10
0.24178807349156306 8.981632408342911e-09
0.24210036952997258 4.714923816538111e-10
0.2424130689332553 9.550817685848846e-10
0.24272617222240156 8.434903717096059e-08
0.24303967991907466 6.043709371092737e-09
0.2433535925456116 4.759679501160643e-10
0.2436679106250241 8.50915978289264e-10
0.2439826346809994 4.756368428578088e-08
0.24429776523790114 3.251806372509924e-08
0.24461330282077018 4.667844110099271e-09
0.24492924795532564 4.579483168743164e-10
0.24524560116796554 1.4676392905722484e-07
0.2455623629857679 1.724495935629538e-08
0.24587953393649145 6.057946468917368e-10
0.24619711454857662 2.1149009903991207e-09
0.24651510535114637 1.0703821858418918e-10
0.24683350687400707 5.706574453283101e-09
0.2471523196476494 1.1702532774184205e-08
0.24747154420324924 9.984428439148064e-09
0.2477911810726685 1.813378026655612e-08
0.24811123078845612 3.9552710091410076e-09
0.2484316938838488 5.940477615318907e-10
0.24875257089277208 8.218900186941716e-10
0.24907386234984102 2.404594400591638e-10
0.24939556879036126 1.2525885992167672e-08
0.2497176907503298 1.2829408742052233e-08
0.25004022876643595 9.049683133609574e-10
0.2503631833760623 4.860174175975069e-08
0.2506865551172853 5.990499470806921e-10
0.25101034452887677 2.3152547993744944e-09
0.25133455215030404 3.36116950023708e-08
0.25165917852173136 2.9215175680075152e-09
0.25198422418402067 6.5515525921378e-10
0.2523096896787326 1.1558209933412837e-09
0.252635575548127 1.3725591400890096e-08
0.25296188233516437 4.163000700223634e-09
0.2532886105835064 3.460560925054369e-08
0.2536157608375169 1.4744429966093793e-08
0.25394333364226296 3.8086894650140094e-08
0.2542713295435155 9.101978199777674e-09
0.2545997490877505 5.461812736424839e-10
0.25492859282214975 8.683321279469447e-09
0.2552578612946017 9.734368077395726e-08
0.25558755505370256 5.763971313735921e-08
0.2559176746487571 7.155733587436132e-08
0.2562482206297795 1.0113762918687414e-08
0.25657919354749437 9.333389646017135e-09
0.25691059395333776 1.2175166846031733e-07
0.2572424223994578 2.86561973869425e-07
0.25757467943871587 4.2548975573372134e-08
0.2579073656246874 9.774696793712196e-08
0.25824048151166284 8.904179063332089e-10
0.25857402765464854 3.2974609904205944e-08
0.2589080046093678 5.773566030072964e-08
0.2592424129322615 5.7025888004463885e-08
0.25957725318048946 2.0432322248794543e-07
0.2599125259119309 4.209435909601784e-07
0.26024823168518585 2.4593889579276906e-07
0.26058437105957566 1.2848369674190346e-07
0.26092094459514414 2.3492648822503645e-07
0.2612579528526584 2.2462167746179844e-08
0.26159539639361007 1.6398568906860322e-08
0.2619332757802157 3.099076961805491e-08
0.26227159157541824 6.174627784350417e-07
0.26261034434288766 1.6399439890696042e-07
0.2629495346470219 1.2879701456498734e-07
0.2632891630529481 2.1039690127018372e-07
0.26362923012652295 3.3729586546954696e-07
0.26396973643433447 2.466909186412601e-07
0.2643106825437021 1.393522980662676e-07
0.2646520690226783 3.5445176615069188e-09
0.264993896440049 2.531308937446498e-07
0.265336165365335 1.3686861516243316e-07
0.26567887636879256 4.766610832092359e-08
0.26602203002141456 2.7996652410768023e-08
0.2663656268949313 4.5407335609979016e-07
0.2667096675618117 9.311919347519468e-08
0.2670541525952639 2.8972286360401757e-08
0.2673990825692364 6.119536899839202e-08
0.2677444580584192 4.277555222817037e-07
0.2680902796382444 8.373707502956386e-08
0.2684365478848874 7.043875245341475e-07
0.2687832633752679 3.127591676397697e-07
0.26913042668705056 6.382845572474823e-09
0.26947803839864626 5.198668314437327e-07
0.26982609908921296 3.852083525956103e-07
0.27017460933865667 3.3198770633372647e-07
0.27052356972763236 4.917007872631102e-07
0.2708729808375451 5.332261194228323e-07
0.2712228432505507 4.4256550250472334e-07
0.27157315754955713 2.617137137605797e-07
0.2719239243182251 8.187358043940335e-09
0.2722751441409692 7.305761072012091e-08
0.2726268176029589 3.012069796088315e-07
0.2729789452901195 9.487121468201336e-08
0.27333152778913306 8.975422888696314e-08
0.2736845656874392 8.220666199339956e-08
0.2740380595732367 3.344764599172079e-07
0.2743920100354837 3.251927006695472e-08
0.27474641766389923 3.98013074385331e-07
0.275101283048964 2.2499864722404872e-07
0.27545660678192124 7.769209947136382e-08
0.27581238945477804 1.8345296136044017e-07
0.276168631660306 3.511201902966162e-07
0.2765253339920424 6.793666032402718e-08
0.2768824970442911 2.98473017103914e-07
0.2772401214121236 1.6645162887924438e-07
0.2775982076913801 5.857892775622797e-07
0.27795675647867013 2.2618954770606053e-07
0.2783157683713741 1.997153907189439e-07
0.2786752439676438 6.995348106134488e-07
0.2790351838664037 9.51807358039692e-07
0.27939558866735176 2.3347487235901836e-07
0.2797564589709607 2.4110595894634663e-07
0.28011779537847853 2.669503616578192e-08
0.2804795984919301 5.026225026865979e-07
0.2808418689141177 2.7861218118843683e-07
0.28120460724862234 3.975609491993661e-07
0.2815678140998044 8.678070072946226e-07
0.28193149007280505 2.5636390933119845e-07
0.282295635773547 3.7395377653705676e-07
0.28266025180873555 4.382877095709895e-07
0.28302533878585967 4.825558611993585e-07
0.283390897313193 3.147231593383844e-07
0.28375692799979474 1.8571087477358117e-07
0.28412343145551083 1.8151713395123883e-07
0.2844904082909748 9.405337277917203e-08
0.2848578591176091 4.575372743242874e-08
0.2852257845476256 4.1674595117643807e-10
0.28559418519402713 5.573725551193058e-08
0.28596306167060814 1.1039708913825405e-07
0.2863324145919561 1.7784946603369435e-07
0.2867022445734519 4.1261159262228916e-07
0.28707255223127165 4.6686277653608715e-07
0.28744333818238704 3.508510808694054e-07
0.28781460304456685 9.89539473757322e-07
0.28818634743637767 1.1094338084190432e-06
0.288558571977185 1.599002370159945e-06
0.2889312772871544 5.043379423134594e-07
0.28930446398725246 1.6250493037605408e-06
0.28967813269924775 5.179556640364799e-07
0.2900522840457119 2.3262618677015194e-06
0.29042691865002074 3.35323757840291e-06
0.2908020371363552 3.4021692252963267e-06
0.2911776401297025 7.811574423273386e-07
0.2915537282558569 4.725572980834224e-06
0.29193030214142124 4.301763675582575e-06
0.29230736241380745 5.157980100622103e-06
0.29268490970123784 1.3183913867544648e-06
0.2930629446327463 2.9016881517638954e-06
0.29344146783817904 2.92825449603652e-06
0.2938204799481959 1.414798586911918e-06
0.2941999815942711 3.4823461312762963e-08
0.2945799734086947 2.52790864165556e-06
0.29496045602457327 2.043149025567367e-06
0.29534143007583125 6.98686758734177e-07
0.2957228961972117 1.847138073019562e-07
0.2961048550242777 1.9749009221705066e-06
0.29648730719341304 7.780674531469872e-07
0.2968702533418236 1.1326146230280757e-06
0.29725369410753827 4.951317464991362e-07
0.29763763012941 3.5810835615682226e-06
0.2980220620471169 3.2645635946637248e-06
0.2984069905011632 1.4656017986124288e-07
0.29879241613288066 3.9443549281536745e-06
0.2991783395844291 2.011586511017497e-06
0.29956476149879785 1.0619110846441613e-06
0.2999516825198069 3.7551909922576314e-08
0.3003391032921076 6.254658577758209e-07
0.3007270244611841 2.0530593368941808e-07
0.30111544667335405 2.7605454984920234e-06
0.3015043705757701 8.901794978408028e-07
0.3018937968164207 2.614615676704297e-07
0.30228372604413123 7.510197753864762e-07
0.3026741589085651 1.3858103609960652e-06
0.30306509606022475 4.64552428322547e-06
0.30345653815045304 3.445865759194157e-06
0.3038484858314339 1.3386461514603846e-06
0.30424093975619376 3.231715489706344e-06
0.3046339005786024 1.6455190661253002e-06
0.30502736895337423 1.5253280730116085e-06
0.30542134553606926 3.8031608498108474e-07
0.30581583098309423 1.1224015350372548e-06
0.3062108259517036 3.982045229822593e-06
0.306606331100001 5.90516024748657e-06
0.3070023470869399 4.6377697348856335e-06
0.30739887457232484 9.958199031684319e-06
0.3077959142168126 5.25721891383396e-06
0.30819346668191344 1.918018807365269e-07
0.3085915326299918 5.568223653998093e-06
0.30899011272426774 2.8377246768587293e-06
0.309389207628818 9.914411246803289e-07
0.3097888180085769 6.318329873355775e-06
0.3101889445293377 9.078235978416448e-08
0.3105895878577537 1.1119571734080743e-05
0.310990748661339 1.973475225153291e-05
0.3113924276084701 6.324018856634672e-06
0.31179462536838665 1.8806578690713908e-05
0.3121973426111928 3.5811306697158724e-05
0.31260058000785806 3.0363084756181742e-05
0.3130043382302188 4.34929898358677e-05
0.31340861795097885 5.905972037231344e-09
0.3138134198437112 5.89800514005074e-05
0.31421874458285864 7.41142677441529e-05
0.31462459284373523 4.7181111840728344e-05
0.31503096530252706 5.995886815778569e-05
0.31543786263629375 9.988692497953559e-05
0.3158452855229694 2.6175217438750208e-05
0.31625323464136373 6.49162933715141e-05
0.31666171067116317 6.308390706800612e-05
0.31707071429293215 7.888585265729408e-05
0.31748024618811393 0.00011345800602009792
0.31789030703903215 7.947856219786851e-05
0.3183008975288916 1.8180860681525052e-05
0.3187120183417796 3.324596685909809e-05
0.3191236701626669 2.0033961881496944e-05
0.31953585367740917 3.889982389807876e-05
0.3199485695727477 7.239747419850829e-07
0.320361818536311 3.0483370192350484e-05
0.3207756012566157 8.767093147254557e-05
0.3211899184230675 1.360593239953215e-05
0.32160477072596283 3.6284638032200776e-05
0.32202015885648955 6.700998367109705e-05
0.32243608350672837 4.870547419055435e-05
0.3228525453696537 6.292660204647421e-05
0.32326954513913525 4.910389128929228e-06
0.32368708350993886 2.427754119217493e-05
0.3241051611777276 3.613944172890333e-05
0.3245237788390632 6.056748491600406e-05
0.32494293719140704 7.984063127834928e-06
0.32536263693312145 0.0001260797774051504
0.3257828787634706 0.0001970519236632096
0.3262036633826219 0.00015764316374074935
0.3266249914916472 0.00014891627905881194
0.32704686379252373 5.4188131248120245e-05
0.32746928098813544 1.8582272756445098e-05
0.3278922437822741 1.540716007222211e-05
0.3283157528796407 2.8172891527602753e-05
0.32873980898584615 0.00010275288849270784
0.3291644128074129 1.4286791577742832e-05
0.32958956505177595 0.00014171783480591954
0.3300152664272839 8.438332641124437e-05
0.33044151764320046 7.188833065800356e-05
0.3308683194097053 5.934538414976225e-05
0.33129567243789537 0.00016247308940570387
0.33172357743978614 8.690919885325051e-05
0.3321520351283127 6.277122515601728e-05
0.3325810462173309 0.00020868580763672243
0.33301061142161875 0.0001303001274921371
0.33344073145687736 0.0001047708485067459
0.3338714070397323 0.0001401823093334213
0.33430263888773476 5.813339501220487e-05
0.3347344277193627 0.00010690739880979538
0.335166774254022 7.240114183194213e-05
0.3355996792120479 7.411866997089884e-05
0.3360331433147059 2.7532398721331678e-05
0.3364671672841931 7.407563386226743e-05
0.3369017518436396 8.160015807229735e-06
0.33733689771710906 4.138181221705433e-05
0.3377726056296008 1.3396314610165123e-05
0.3382088763070504 4.968287758264469e-05
0.33864571047633085 4.671931144756824e-05
0.3390831088652544 6.015538951615361e-06
0.33952107220257305 4.638763394000959e-05
0.33995960121798 8.680234998686017e-05
0.3403986966421113 9.581560251712292e-05
0.34083835920654626 0.00010005122936754099
0.3412785896438094 1.2346281518886189e-05
0.3417193886873713 1.4190368723607261e-05
0.34216075707164983 7.195158754436904e-05
0.3426026955320115 6.901815722705261e-05
0.34304520480477263 5.735175634739163e-05
0.3434882856272006 2.5419856518108986e-05
0.34393193873751493 6.712278968339141e-06
0.34437616487488887 1.4843979013183826e-06
0.34482096477945007 3.77096724216221e-05
0.34526633919228245 8.38169418941698e-06
0.3457122888554269 3.905614510364935e-05
0.3461588145118828 6.967977247094216e-07
0.3466059169056093 2.5649846231352955e-06
0.3470535967815263 5.8027202851197386e-05
0.347501854885516 5.040606809486466e-06
0.34795069196442385 6.2574597492522e-05
0.34840010876606 1.731627937526867e-05
0.3488501060392004 3.759506536440509e-05
0.3493006845335883 8.545406201443334e-07
0.3497518449999352 7.578393603580867e-06
0.35020358818992225 4.420014542064422e-05
0.35065591485620146 2.4222193529034015e-05
0.35110882575239705 3.812677948508342e-05
0.35156232163310647 1.2707983139316255e-05
0.35201640325390193 2.471058040048172e-05
0.35247107137133166 2.1249587417827657e-06
0.3529263267429208 5.0611172540574005e-05
0.3533821701271731 0.00013094213282788906
0.3538386022835719 0.00021836755280266152
0.35429562397258163 0.00015946434593829987
0.3547532359556488 9.120303972785687e-05
0.3552114389952035 0.00014499448955016523
0.3556702338546605 6.136514967803073e-05
0.35612962129842074 4.436516894326947e-05
0.3565896020918723 2.0549058255100165e-05
0.357050177001392 1.2486495193437085e-05
0.35751134679434643 2.7095721057114923e-05
0.35797311223909334 7.667941402156707e-06
0.35843547410498283 3.633162683305165e-05
0.3588984331623589 2.0602872224600123e-05
0.3593619901825603 1.155546242830181e-06
0.3598261459379222 3.904922139630616e-05
0.36029090120177726 3.370178151316304e-05
0.360756256748457 2.6523697792272955e-05
0.36122221335329313 6.141663738132987e-05
0.36168877179261866 6.0878028069393844e-05
0.3621559328437694 7.023973162777093e-05
0.36262369728508526 0.00011807627616508349
0.36309206589591125 1.9344992621465834e-05
0.36356103945659923 1.4667985245040946e-05
0.3640306187485088 0.00013786729090659605
0.3645008045540088 5.0715371640023394e-05
0.36497159765647863 5.468145027859979e-05
0.3654429988403095 7.083839836212389e-05
0.3659150088909058 0.00020956347454691832
0.36638762859468615 0.00011092704556577929
0.3668608587390852 0.00015369230252929828
0.3673347001125544 0.00017501440533943818
0.3678091535045639 6.856903486312104e-05
0.3682842197056031 2.1299574754898477e-05
0.3687598995071828 1.3453811130689435e-05
0.3692361937018359 4.814941753237949e-05
0.369713103083119 0.00018929291446628194
0.3701906284456137 0.00010745223288537002
0.37066877058492775 3.0428697947680344e-05
0.3711475302976968 7.819789946079958e-05
0.3716269083815852 3.5299734647136604e-05
0.3721069056352876 8.61292521625062e-06
0.3725875228585303 4.763602793604147e-05
0.37306876085207263 2.272936486756926e-05
0.373550620417708 1.2441810208719404e-05
0.3740331023582654 3.5793866888629065e-05
0.37451620747761116 5.795592528865631e-06
0.3749999365806494 1.7246410673092874e-05
0.3754842904733241 9.107825079260025e-05
0.3759692699626202 7.594447587170997e-05
0.3764548758565649 5.8096164747911006e-05
0.37694110896422917 0.0001687413074344926
0.3774279700957288 0.00016459122069677966
0.37791546006222604 0.00012937460752354669
0.3784035796759309 0.00014461110797845298
0.3788923297501024 0.0001690989733138125
0.37938171109904983 0.00011608781620214416
0.3798717245381345 3.8631567679705574e-05
0.3803623708837707 0.00021519607924356716
0.3808536509534272 2.847986745175058e-05
0.38134556556562876 2.9758870172254503e-05
0.38183811553995717 7.101867763429597e-05
0.38233130169705287 3.647776621353159e-05
0.38282512485861636 6.642304742230786e-05
0.38331958584740927 7.252167097416464e-05
0.38381468548725606 3.995900248875481e-05
0.3843104246030452 0.0001676182232454149
0.3848068040207306 0.0001565841277343681
0.3853038245673329 9.579777459148089e-05
0.3858014870709411 2.574367255732821e-05
0.38629979236071366 5.85369370631273e-05
0.3867987412668799 0.00013615935450939578
0.38729833462074176 6.749744530021411e-05
0.38779857325467454 4.375924548190064e-06
0.3882994580021289 0.00010177002014002178
0.3888009896976319 5.0432837630748035e-05
0.3893031691767885 0.00015152957428742362
0.3898059972762829 3.4756318471565584e-05
0.39030947483388007 6.737448554427026e-05
0.3908136026884269 0.00020983284754784134
0.39131838167985394 0.0002576769240268024
0.3918238126491764 0.00015723294077159942
0.39232989643849575 2.3920637392371012e-05
0.3928366338910014 2.576938310504551e-05
0.39334402585097156 5.33998587749059e-05
0.39385207316377496 0.0001409437987928293
0.3943607766758724 9.314834365142487e-06
0.3948701372348177 9.681764550503649e-06
0.3953801556892596 0.00014334898620562396
0.39589083288894295 4.7951754431178854e-05
0.39640216968471 4.644139424742148e-05
0.396914166928502 5.237857443807668e-05
0.3974268254733608 0.00012078651141503228
0.3979401461734297 0.00024154140598749458
0.39845412988395545 0.0003848357526079129
0.39896877746128934 2.1720618075362865e-05
0.39948408976288885 0.0004234368023096892
0.4000000676473189 0.0003288596849410884
0.4005167119742532 5.484459932629475e-05
0.40103402360447604 0.0005653853085401769
0.40155200339988345 0.0005829510055237509
0.4020706522234846 0.00033100922226723316
0.4025899709394034 0.00038812224206866115
0.40310996041287994 2.940552420979664e-05
0.40363062151027174 0.00022483945745616467
0.4041519550990553 0.0003687037542887778
0.40467396204782774 0.00019618838216800186
0.40519664322630794 0.0005940028195306133
0.40571999950533805 7.67939021180547e-05
0.4062440317568852 0.0001518347061046768
0.4067687408540426 0.0006180476587314561
0.40729412767103124 0.0004175208785481227
0.4078201930832012 0.000490143322266661
0.40834693796703325 0.000557837940038972
0.4088743632001402 0.00024942907047439966
0.4094024696612683 0.0008080425544468238
0.40993125823029897 0.0005739677421802195
0.41046072978825 0.0005720421434296268
0.41099088521727706 0.0002763263339194362
0.41152172540067533 5.401415375242143e-05
0.41205325122288083 0.00023850068127064618
0.41258546356947184 0.00025940123948360773
0.4131183633271706 0.0002868124847885597
0.41365195138384453 0.00033603801483438517
0.4141862286285079 0.0003329778601903904
0.4147211959513233 0.00042635549939310955
0.4152568542436028 0.0001602761270918906
0.4157932043978101 0.00047033220702030174
0.41633024730756124 0.0004751152676003444
0.4168679838676267 0.00037864994382540515
0.41740641497393255 0.00028664635403030723
0.41794554152356206 0.00025019011354093334
0.41848536441475725 0.00020115203778545655
0.41902588454692025 0.0002408059881419749
0.4195671028206148 0.00021788932041042709
0.42010902013756807 0.0001737320411449786
0.4206516374006716 0.000141940987083561
0.4211949555139833 0.00010194417041369232
0.4217389753827287 6.326956081706621e-05
0.4222836979133026 2.7081766109237644e-05
0.4228291240132705 1.2915331999130759e-05
0.42337525459137 4.8054649552713745e-05
0.4239220905575125 9.122430141113156e-05
0.4244696328227848 0.00013491128990104093
0.42501788229945026 0.00013167256138595343
0.4255668399009506 0.00010021933527694336
0.4261165065419074 0.00025678989492706675
0.42666688313812356 0.0002822137595100687
0.42721797060658473 0.0001382608874081769
0.4277697698654611 0.00025038814945675615
0.4283222818341087 0.00016228751276948342
0.42887550743307107 0.00011664540666280142
0.4294294475840806 0.00028641563407080144
0.4299841032100603 0.00033284078669404085
0.4305394752351253 0.00037810895341033657
0.4310955645845842 0.0005909986871942213
0.4316523721849408 0.0006002325102250334
0.43220989896389556 0.0005249696883761319
0.4327681458503472 0.0006570956625118861
0.43332711377439415 0.0005920816932366587
0.43388680366733623 0.0005253763468253242
0.43444721646167617 2.3222084112382863e-05
0.43500835309112107 0.0008662339592938286
0.435570214490584 0.0004318939639791015
0.4361328015961855 0.0005491080901566474
0.43669611534525543 0.0012516465786250458
0.4372601566763342 0.0011165127848267546
0.4378249265291744 0.000570852398377305
0.43839042584474247 0.00017260988885443594
0.4389566555652202 0.0006127131511665223
0.4395236166340063 3.202109971596935e-05
0.440091309995718 0.0007547552918550384
0.4406597365961926 8.483615234826153e-05
0.4412288973824891 0.00048180192191458034
0.4417987933028897 0.0012629071063427263
0.44236942530690126 0.0009338819315454364
0.44294079434525735 0.0005363802909842532
0.4435129013699192 5.760462228198975e-05
0.4440857473340779 0.0009656438612803816
0.4446593331921554 0.0013143856471223648
0.44523365989980657 0.0006882351962787572
0.44580872841392055 0.0007433636828772385
0.4463845396926225 0.0005177513381712693
0.44696109469527495 0.0004019530270117495
0.44753839438247967 0.001159389901825393
0.4481164397160792 0.0008916977349802336
0.44869523165915814 0.0005312680257721593
0.44927477117604536 0.000614042410784295
0.4498550592323151 0.0012847498350099917
0.45043609679478874 0.0012148339552730295
0.45101788483153643 0.0010015153069070748
0.45160042431187863 0.001501079001178855
0.452183716206388 0.001220413251964901
0.4527677614868905 0.0009474718124081276
0.4533525611264676 0.00047274830305226936
0.4539381160994574 0.0013255525021835183
0.45452442738145654 0.0007955201424807845
0.45511149594932176 0.0009079111506118471
0.45569932278117153 0.00122957166460254
0.4562879088563876 0.001236060368654493
0.45687725515561683 0.0006306343703344337
0.45746736266077254 0.0009234305147389509
0.4580582323550364 0.000662885891436786
0.45864986522285994 0.00022271416099250128
0.4592422622499662 0.0003281798277960015
0.4598354244233515 0.00025287066238268455
0.46042935273128677 0.0008960530233925067
0.46102404816331954 0.001681466197167217
0.46161951171027543 0.00027063118837361094
0.4622157443642599 0.0003757983312522968
0.4628127471186596 0.0006858718720857555
0.46341052096814445 0.00021342558434805315
0.4640090669086691 0.00017850790184297818
0.4646083859374744 0.00016301291415826195
0.4652084790530895 0.0002156870277761004
0.46580934725533296 0.0013269167995951113
0.466410991545315 0.0009906241985236475
0.4670134129254388 0.0011360990466266108
0.46761661239940217 0.0024977073379355242
0.4682205909721993 0.0006296393376737686
0.4688253496501226 0.0023537394120512123
0.4694308894407641 0.0015745490893874605
0.4700372113530173 0.00103550053191152
0.4706443163970786 0.0015410062368778833
0.4712522055844495 0.002530192003261072
0.4718608799279378 0.002074043704739674
0.4724703404416594 0.00048066006336198503
0.47308058814104015 0.0007070102195691451
0.47369162404281734 0.0011533969184122953
0.4743034491650416 0.0016073609842008553
0.4749160645270784 0.002631447724460892
0.47552947114960986 0.0013189091334746786
0.47614367005463637 0.0008760595820666417
0.47675866226547853 0.0002072430455529949
0.4773744488067784 0.0004582864008812545
0.47799103070450166 0.0018507593530136981
0.47860840898593915 0.000424507064830154
0.4792265846797084 0.00019551073753508927
0.4798455588157558 0.0008020589073430908
0.4804653324253577 0.0005535298117945864
0.4810859065411227 8.267564968048095e-05
0.48170728219699305 0.0005682175203701661
0.4823294604282464 0.0005783310782463275
0.48295244227149764 0.00044749106211559387
0.4835762287647006 0.002712160023584235
0.48420082094714956 0.0015677172811666329
0.4848262198594814 0.0009572041155773913
0.48545242654367693 0.0004017940122974917
0.48607944204306286 0.0013556115624047884
0.48670726740231346 0.0002520525939537548
0.4873359036674524 0.0014596369429117125
0.48796535188585416 0.0011619546977369583
0.48859561310624633 0.0015221484835657552
0.4892266883787108 0.00205891673140655
0.4898585787546859 0.0024493515727197174
0.49049128528696795 0.0012596736560213503
0.4911248090297131 0.0020063585235557497
0.49175915103843904 0.00166102482034444
0.49239431237002673 0.0035070676860728496
0.49303029408272236 0.001759208179045603
0.49366709723613883 0.003369407827539689
0.4943047228912576 0.001280880164055511
0.4949431721104307 0.002409055616410054
0.49558244595738216 0.0002195815595122661
0.4962225454972099 0.00014486304984924112
0.4968634717963876 0.0006566175784217519
0.4975052259227665 0.0003069860969596599
0.4981478089455769 0.00046883710902381206
0.49879122193543024 0.0015735720726741812
0.49943546596432076 0.00018575182159558627
0.5000805421056272 0.0014301384358384476
0.500726451434115 0.0002764436422855995
0.5013731950259372 0.0002662568624953583
0.5020207739586375 0.00019892152864333138
0.5026691893111509 0.00035155415778187986
0.5033184421638061 0.0026709430489761715
0.5039685335983272 0.000723643234241836
0.5046194646978353 0.0012531223183908577
0.5052712365468507 0.0007453136066494019
0.5059238502312943 0.0001462800715728782
0.5065773068384898 0.0008666598185049279
0.507231607457165 0.00041634991729608186
0.5078867531774541 0.00041924073585426704
0.5085427450908995 0.0016446918463859904
0.509199584290453 0.0007730375185537652
0.5098572718704785 0.00027470421649238014
0.5105158089267531 0.00031351705675481285
0.5111751965564693 0.00025165422117700344
0.5118354358582369 0.00019212342480438732
0.5124965279320843 0.00015238710960411967
0.5131584738794613 0.0003198618853076904
0.5138212748032398 0.00017798292752529355
0.5144849318077164 0.0023815534532406367
0.515149445998614 0.0014001004290862648
0.5158148184830837 0.001367794079446465
0.5164810503697066 0.0013472620735903392
0.5171481427684955 8.776243239112729e-05
0.5178160967908972 0.00019071579118974975
0.5184849135497939 0.00011473672526531526
0.5191545941595049 0.001269185527863001
0.5198251397357894 0.0007421283005175187
0.5204965513958473 0.0007137875304701634
0.5211688302583215 0.0012816382530791658
0.5218419774432999 0.0010289109166176434
0.522515994072317 0.0021182511055802718
0.523190881268356 0.001448587149539906
0.5238666401558505 0.0018220431574013265
0.5245432718606864 0.0027150470558013205
0.5252207775102038 0.0014326965508955894
0.5258991582331989 0.0021464209957027577
0.5265784151599259 0.0004929232725407694
0.5272585494220988 0.0014892770400387252
0.5279395621528935 0.0016698118167968227
0.5286214544869493 0.0015621757179999703
0.529304227560371 0.003035655621713218
0.529987882510731 0.0017053860004431574
0.5306724204770709 0.0036106292448591093
0.5313578425999034 0.0011803559938009822
0.5320441500212145 0.0025585421617483183
0.5327313438844651 0.0008078619489306594
0.533419425334593 0.0012336797713240976
0.5341083955180147 0.0006577666847915884
0.5347982555826277 0.0016920567903124704
0.535489006677812 0.0017902957190016968
0.5361806499544318 0.0010308144710066127
0.5368731865648385 0.001726332442231771
0.5375666176628714 0.0012514031516509742
0.53826094440386 0.0037901160019146803
0.5389561679446264 0.002008439617403731
0.5396522894434866 0.0010761318090913461
0.540349310060253 0.0018052320859840362
0.5410472309562355 0.0016289159029634482
0.5417460532942445 0.0023516611855131557
0.5424457782385921 0.0007250383881132569
0.5431464069550941 0.0014375695896590805
0.5438479406110722 0.0030999377439472568
0.5445503803753559 0.002169358812807029
0.5452537274182842 0.0012107393351579994
0.5459579829117078 0.0009600313602702789
0.5466631480289911 0.002494505921336209
0.5473692239450139 0.0023394481336379163
0.5480762118361733 0.0012587406026147569
0.5487841128803863 0.0021718864227510105
0.5494929282570911 0.002776707303714766
0.550202659147249 0.0008536826169834005
0.5509133067333469 0.0008213014172938753
0.5516248721993993 0.00148934370975403
0.5523373567309493 0.0011173203171451196
0.5530507615150719 0.0009709023963460228
0.5537650877403749 0.0026647976319509117
0.5544803365970017 0.002354000345347878
0.5551965092766324 0.0006290340855970173
0.5559136069724869 0.0012010568160674198
0.5566316308793258 0.0016006929105752156
0.557350582193453 0.0009851533462092292
0.5580704621127176 0.0021330630434406015
0.5587912718365159 0.0012869668394570012
0.5595130125657932 0.0014581318710438736
0.5602356855030461 0.001033491838335581
0.5609592918523243 0.0022111070152425905
0.5616838328192327 0.0005736824134247487
0.5624093096109333 0.0010332145208384901
0.5631357234361473 0.0008726442946576004
0.563863075505157 0.0024639798048740245
0.5645913670298083 0.0013206469499294385
0.565320599223512 0.0012946849004262225
0.566050773301246 0.0016796142102422328
0.566781890479558 0.001225462800167086
0.5675139519765664 0.0013348117339594845
0.5682469590119634 0.0008435800595978966
0.5689809128070165 0.0013380923810551548
0.5697158145845702 0.0029416032272126694
0.5704516655690491 0.0022449840823380108
0.5711884669864588 0.0011657110220956624
0.5719262200643883 0.0015430982050862966
0.5726649260320128 0.0015916155049282065
0.5734045861200945 0.0022708028786888198
0.5741452015609856 0.0021932827348949717
0.5748867735886298 0.001697655172524798
0.5756293034385648 0.002590346836202845
0.5763727923479239 0.0018226442564532907
0.5771172415554386 0.002641373220026951
0.57786265230144 0.0017157712058876945
0.5786090258278614 0.001288330595010374
0.5793563633782405 0.002122783956449354
0.5801046661977204 0.0031246013412144493
0.5808539355330532 0.0031612930507536633
0.581604172632601 0.002291044474190673
0.5823553787463382 0.0020393716787610043
0.5831075551258539 0.0021581385592191775
0.5838607030243536 0.00250981237134771
0.5846148236966615 0.0013126052289565095
0.5853699183992227 0.0006179731156743863
0.5861259883901049 0.000870177258950642
0.5868830349290007 0.0012367194256253393
0.5876410592772301 0.0007353900616241099
0.5884000626977419 0.000511110836834316
0.5891600464551162 0.0002455215619148095
0.5899210118155666 0.00040384094571125446
0.5906829600469419 0.0005329119363464859
0.5914458924187286 0.0007569100928679961
0.592209810202053 0.000616934296616944
0.5929747146696831 0.0008907900323482071
0.5937406070960306 0.0013478498937882068
0.5945074887571536 0.0014896730230325246
0.5952753609307583 0.0017241190495632243
0.596044224896201 0.0015207189367937028
0.5968140819344906 0.0012674305674559387
0.5975849333282904 0.0014365930903142473
0.5983567803619207 0.0018037795032400982
0.5991296243213603 0.001892261765913797
0.5999034664942493 0.0013785949284072605
0.6006783081698907 0.001194102296098355
0.6014541506392527 0.002530291686432448
0.6022309951949713 0.002177008134929154
0.6030088431313516 0.001342213286567494
0.6037876957443711 0.002235611381608285
0.6045675543316804 0.0029080721669151933
0.6053484201926067 0.0025426515723547816
0.6061302946281554 0.002583926326477532
0.606913178941012 0.0029779662475541476
0.6076970744355448 0.002661509021151501
0.6084819824178068 0.0027447035476885024
0.6092679041955378 0.0020997668887593837
0.6100548410781669 0.0028571538070364453
0.6108427943768142 0.002393809641809756
0.6116317654042935 0.0026216461065733487
0.6124217554751141 0.0019637380850935806
0.6132127659054832 0.002646036947708069
0.6140047980133081 0.00356389637696553
0.614797853118198 0.0032953123046296547
0.6155919325414669 0.0016343661773809402
0.6163870376061353 0.0011188709264694063
0.6171831696369325 0.002714095278056915
0.6179803299602988 0.001288232477748249
0.6187785199043878 0.0014779787959426356
0.6195777407990685 0.0012936139059123342
0.6203779939759276 0.0025422162585358203
0.6211792807682718 0.00249504574050754
0.6219816025111297 0.0015051408994596338
0.6227849605412543 0.0011215017542990163
0.6235893561971254 0.0007847979106690074
0.6243947908189514 0.0007031691544866802
0.6252012657486716 0.0007706432095095532
0.6260087823299588 0.0012549201549361035
0.6268173419082212 0.0010371934654078699
0.6276269458306047 0.0009538998854133257
0.6284375954459953 0.002552742070457116
0.6292492921050211 0.002331024925842602
0.6300620371600548 0.0010955729657504715
0.6308758319652158 0.002057016966880843
0.6316906778763725 0.0026296864715307008
0.6325065762511444 0.0021682537111554897
0.6333235284489048 0.0022232276224468605
0.6341415358307828 0.0038975801055275406
0.634960599759665 0.00168336074943368
0.635780721600199 0.002245148581460136
0.6366019027187947 0.0013463650265255532
0.6374241444836267 0.0012881606532700672
0.6382474482646371 0.0024513854785532686
0.6390718154335371 0.0007665963558228795
0.6398972473638099 0.001566286077226866
0.6407237454307124 0.0027546004657794353
0.6415513110112782 0.002270066988654151
0.6423799454843191 0.001986619286256548
0.643209650230428 0.0018408731666576838
0.6440404266319809 0.0016012502150362304
0.6448722760731393 0.0018889887469411774
0.6457051999398528 0.002202618188162781
0.6465391996198605 0.00338348726165811
0.6473742765026943 0.0010890509750775537
0.648210431979681 0.0015564561449541397
0.649047667443944 0.0029930940150613957
0.6498859842904064 0.001450369753603841
0.650725383915793 0.0022086883463867646
0.6515658677186326 0.0022528964065916643
0.65240743709926 0.0021206579980586676
0.6532500934598191 0.0027172688762408287
0.6540938382042647 0.005536163538072146
0.6549386727383651 0.003322709947490659
0.655784598469704 0.003315861447500056
0.6566316168076834 0.00378699078522164
0.6574797291635256 0.0036635619945901378
0.6583289369502757 0.0043331775130157945
0.6591792415828038 0.0026429562634293587
0.6600306444778076 0.003892870710647149
0.6608831470538145 0.0034166183368588153
0.6617367507311841 0.004124775667914185
0.6625914569321106 0.0016441099820273062
0.6634472670806253 0.0051220237491002765
0.6643041826025985 0.005203835305707453
0.6651622049257422 0.0027819928810151225
0.6660213354796125 0.002018795702950129
0.666881575695612 0.0011266378286897982
0.6677429270069922 0.0029250224916901597
0.6686053908488555 0.0008519459087547328
0.6694689686581581 0.0015444044164117168
0.6703336618737122 0.0036495861265831244
0.6711994719361883 0.0030631428735647184
0.6720664002881177 0.001608846727000724
0.6729344483738949 0.0011654734949896274
0.6738036176397803 0.0009424135972081827
0.6746739095339015 0.00225479355537655
0.6755453255062573 0.0025983334116617936
0.6764178670087191 0.00271778360386798
0.6772915354950335 0.003140010185863152
0.6781663324208247 0.0008652817570677683
0.6790422592435972 0.002374150770635279
0.6799193174227377 0.0015517771628408572
0.6807975084195184 0.00214490710587447
0.6816768336970983 0.0008628547215467162
0.6825572947205266 0.0032257783546994195
0.6834388929567448 0.00143464305473081
0.6843216298745888 0.0017713380906312
0.6852055069447919 0.0011750723181170207
0.686090525639987 0.002795783734085835
0.686976687434709 0.002152405129052316
0.6878639938053974 0.002809813957534528
0.6887524462303988 0.0011658935865135347
0.6896420461899688 0.0022130216257866104
0.6905327951662755 0.001705343943423332
0.6914246946434008 0.0021169020026430164
0.6923177461073441 0.0013538216502172434
0.6932119510460234 0.003354833690023037
0.6941073109492792 0.002281007372713479
0.6950038273088759 0.002059753911175312
0.6959015016185046 0.004278987201945188
0.6968003353737862 0.00265601497818738
0.6977003300722725 0.004438502703144779
0.6986014872134505 0.002407683546569341
0.6995038082987433 0.0029294412528826775
0.7004072948315134 0.002865838068973232
0.7013119483170653 0.00450927246934863
0.7022177702626474 0.004939226819025163
0.7031247621774551 0.0027915977959054755
0.7040329255726332 0.008315552987045277
0.704942261961278 0.006043935623468098
0.7058527728584403 0.007306809804665837
0.7067644597811278 0.005063414159886016
0.7076773242483075 0.007668925818580075
0.7085913677809085 0.003630328913301948
0.7095065919018239 0.0022736385012896844
0.7104229981359143 0.0011767798438151104
0.7113405880100095 0.001171837750119259
0.7122593630529116 0.0058212500890067985
0.7131793247953971 0.001222879951058118
0.7141004747702199 0.0007496849549461007
0.7150228145121131 0.005473157269702258
0.7159463455577929 0.001862002489337498
0.7168710694459597 0.0012335148837416962
0.7177969877173015 0.002411386037139862
0.7187241019144962 0.0035411287307267206
0.7196524135822144 0.00386345165269923
0.7205819242671219 0.0008132274417731454
0.7215126355178816 0.005446395911613479
0.7224445488851574 0.006340435069425341
0.7233776659216156 0.007479759398587902
0.7243119881819281 0.004527851240825797
0.7252475172227748 0.005385336875390199
0.7261842546028463 0.0028574089294621094
0.7271222018828462 0.0032998217323854566
0.7280613606254942 0.004417219140219207
0.7290017323955282 0.007766845067821115
0.7299433187597074 0.009481252854572483
0.7308861212868143 0.008479881735328704
0.7318301415476578 0.006058312202452519
0.7327753811150759 0.006746843124195218
0.7337218415639377 0.007526351511970805
0.7346695244711468 0.00870161555617559
0.7356184314156431 0.005667797984442319
0.7365685639784064 0.010322906342855737
0.7375199237424581 0.007976359918707139
0.7384725122928644 0.00641654231991098
0.7394263312167387 0.008660379070173151
0.7403813821032447 0.008850286758548206
0.741337666543598 0.007589583721028218
0.7422951861310702 0.008794915275880083
0.7432539424609902 0.007385830909873703
0.7442139371307476 0.00885020096598647
0.7451751717397954 0.008593490733552957
0.7461376478896523 0.008100083635720496
0.7471013671839055 0.008117455248233964
0.7480663312282135 0.008273959396626828
0.7490325416303087 0.008840747323075647
0.75 0.009916813851266085
0.7535957271382807 0.006283040306173276
0.757208693281432 0.010103699278716705
0.7608389810784641 0.01042516979185651
0.7644866735746316 0.0077070904424150575
0.7681518542133332 0.00858291485709049
0.7718346068380205 0.004904361065588212
0.7755350156941161 0.007490104653589176
0.7792531654309404 0.004603612418803152
0.7829891411036486 0.005180338456939449
0.7867430281751759 0.0062530188043473725
0.7905149125181926 0.006635253773474498
0.7943048804170689 0.009150783267416262
0.7981130185698482 0.007874520380957059
0.8019394140902305 0.011133084638146397
0.8057841545095653 0.009562998484318002
0.8096473277788541 0.009054823253699953
0.8135290222707618 0.011636241742006753
0.817429326781639 0.011791205927361732
0.8213483305335527 0.012168999082296544
0.8252861231763274 0.010863438086399772
0.8292427947895962 0.01249750308223547
0.833218435884861 0.011396113122397737
0.8372131374075636 0.012684575805321941
0.8412269907391656 0.004560488848552325
0.8452600876992389 0.0067104756172499044
0.8493125205475665 0.010471523792020447
0.8533843819862523 0.008565181755170063
0.8574757651618429 0.0073805840455105605
0.8615867636674567 0.009087628935229667
0.8657174715449267 0.00974833158636845
0.8698679832869504 0.009840959450008733
0.8740383938392522 0.008618946199744236
0.8782287986027549 0.010695491498445519
0.8824392934357623 0.005961647180749745
0.8866699746561519 0.00930897799392768
0.8909209390435783 0.012762418931159689
0.8951922838416869 0.007870561029081607
0.8994841067603389 0.010540103064501231
0.903796505977846 0.013381133206898045
0.9081295801432163 0.011499074174225679
0.9124834283784115 0.011939146532385715
0.9168581502806137 0.013272178865226096
0.9212538459245041 0.012726090438911698
0.9256706158645523 0.010929566190297339
0.9301085611373165 0.01096789477625415
0.9345677832637547 0.010481230959789709
0.939048384251547 0.008019771363125868
0.9435504665974296 0.01261848757148775
0.9480741332895386 0.010887515618214655
0.9526194878097667 0.012939180128393998
0.9571866341361303 0.012234654233349497
0.9617756767451473 0.012287541333958055
0.9663867206142284 0.01053319861548243
0.9710198712240772 0.013285662074307153
0.975675234561104 0.012602628484294102
0.9803529171198504 0.013434368787218938
0.9850530259054243 0.012914148890191282
0.9897756684359491 0.005974242726814431
0.9945209527450225 0.012088516777240564
0.9992889873841879 0.012360590368434123
1.0040798814254177 0.008850068599577446
1.0088937444636084 0.008726280078366871
1.0137306866190876 0.012915941202799694
1.0185908185401331 0.01309431626679561
1.023474251405504 0.012627208323432214
1.0283810969269844 0.012190403466964499
1.033311467351938 0.012663397980159469
1.0382654754658767 0.012902279721482493
1.04324323459504 0.011930117239479393
1.048244858608988 0.012594725748765061
1.053270461923206 0.01324658891371881
1.0583201595017218 0.012504983229863723
1.0633940668597348 0.012725792459541384
1.0684923000662605 0.013317021062741689
1.0736149757467832 0.012494512842796459
1.0787622110859263 0.013076687430364612
1.0839341238301308 0.013024659003181673
1.08913083229035 0.012776178901532544
1.0943524553447561 0.013037578302779965
1.099599112441459 0.011538398183118047
1.1048709236012393 0.011914154819526101
1.1101680094202928 0.012744638034969485
1.1154904910729908 0.011337410124245051
1.120838490314651 0.012312382224356077
1.126212129484323 0.012183846207588642
1.1316115315075865 0.012625279025003513
1.1370368198993641 0.012260109326341206
1.1424881187667462 0.01107117510496486
1.1479655528118298 0.011987154999002375
1.1534692473345722 0.01205642483682133
1.1589993282356565 0.011853624128455136
1.164555922019371 0.012427873593374307
1.170139155796505 0.012217508955927018
1.1757491572872547 0.011980343607829352
1.1813860548241462 0.011661322866270637
1.1870499773549694 0.012085326815230477
1.1927410544457302 0.011273391232562956
1.198459416283613 0.011989493224644288
1.2042051936799583 0.012105198753154843
1.2099785180732563 0.011895585804934192
1.2157795215321532 0.011587486762369113
1.221608336758472 0.010710333031529856
1.2274650970902483 0.011984028035209374
1.2333499365047813 0.011879797471542214
1.2392629896216973 0.01139087714897523
1.24520439170603 0.010865884233511137
1.251174278671315 0.011385164205045754
1.2571727870826979 0.011710820806735665
1.2632000541600594 0.010371931582820066
1.269256217781154 0.0114667651372279
1.2753414164847634 0.01160103258725211
1.281455789473867 0.011169458289895101
1.2875994766188243 0.011212347556509307
1.2937726184605767 0.011162090362214255
1.2999753562138607 0.011273341961685264
1.30620783177044 0.01119829665886708
1.3124701877023488 0.008477727949126972
1.3187625672651564 0.011140047595818483
1.3250851144012417 0.010027189323987815
1.3314379737430875 0.00927493738715065
1.337821290616588 0.01031723163719585
1.3442352110443743 0.00812063386059171
1.3506798817491539 0.008279945722815655
1.3571554501570673 0.00990420058316668
1.363662064401061 0.009277329933283238
1.3701998733242755 0.009224143067931076
1.3767690264834498 0.009738796942517386
1.3833696741523442 0.009718732848182386
1.3900019673251762 0.009177602692641592
1.3966660577200758 0.006372169288100278
1.4033620977825552 0.008934774855871118
1.4100902406889968 0.00842434150277208
1.4168506403501568 0.007507726675211816
1.4236434514146867 0.007946437904320498
1.43046882927267 0.008903807874097891
1.4373269300591769 0.00897514616897482
1.4442179106578377 0.008478775256612933
1.4511419287044287 0.008916785858291056
1.4580991425904812 0.009165587290374689
1.4650897114669033 0.007441480795536671
1.4721137952476195 0.006574910454354441
1.4791715546132318 0.006638023489579292
1.4862631510146926 0.00701880138728807
1.4933887466769993 0.00778067393505913
1.5005485046029052 0.006338566125368659
1.5077425885766482 0.006799156138875075
1.514971163167697 0.007817714260220206
1.5222343937345166 0.008403316343107757
1.5295324464283504 0.00815937603159489
1.5368654881970214 0.007686457258957772
1.5442336867887507 0.006966619478167232
1.5516372107559953 0.008637646340277949
1.559076229459304 0.008015949332932077
1.5665509130711908 0.008379521988151777
1.5740614325800286 0.00788882657190104
1.5816079597939605 0.008201155238902823
1.5891906673448297 0.007342718859179174
1.5968097286921286 0.007611589875266614
1.604465318126967 0.007592777200872318
1.6121576107760593 0.007246381406428231
1.6198867826057304 0.0073529616148187565
1.6276530104259406 0.007307753142040573
1.6354564718943307 0.006162588997656629
1.643297345520287 0.00785103916577409
1.6511758106690229 0.007982550038483482
1.659092047565683 0.007749106547622194
1.6670462372994665 0.007756213377877605
1.6750385618277683 0.006469156289866131
1.6830692039803425 0.007695375332120773
1.6911383474634847 0.007780695158697922
1.6992461768642335 0.007404755261451599
1.707392877654594 0.007354824683224096
1.7155786361957803 0.006787840820498971
1.7238036397424783 0.006910056606917987
1.7320680764471306 0.0067793992699282804
1.7403721353642378 0.006676958489802105
1.7487160064546867 0.005516915252254716
1.7570998805900933 0.006710623834631556
1.76552394955717 0.006122557192936501
1.7739884060621127 0.004679249091510204
1.7824934437350097 0.005711746644198262
1.7910392571342704 0.00447747594421936
1.7996260417510754 0.004876658660385575
1.80825399401385 0.0039825498021495605
1.8169233112927567 0.004179099257408175
1.8256341919042098 0.004258683653954554
1.834386835115414 0.0050148911620099615
1.8431814411489198 0.004224966191744846
1.8520182111872059 0.005548056217220708
1.8608973473772803 0.004706058360921353
1.8698190528353054 0.0034796548586474903
1.8787835316512442 0.004159179093386187
1.8877909888935285 0.004515517236618194
1.89684163061375 0.004440248866304194
1.9059356638513747 0.005102651115380067
1.915073296638478 0.004389507841983715
1.9242547380045036 0.004122696538043605
1.9334801979810476 0.002900361427780874
1.9427498876066593 0.003226097742846432
1.9520640189316716 0.0030698549623310034
1.96142280502305 0.0038942221922757263
1.9708264599692682 0.0031602268375758693
1.9802751988852059 0.004155659725094632
1.9897692379170668 0.004132585640266662
1.999308794247326 0.0032045860933363414
2.0088940860996973 0.003332579452433972
2.018525332744124 0.0034601109028485023
2.0282027545017973 0.003138334915635555
2.037926572750194 0.003813688004975072
2.0476970099281426 0.0035146619617566306
2.057514289540909 0.0032986930771341147
2.0673786361653126 0.0038914924101109164
2.0772902754548603 0.002767349998816371
2.0872494341449133 0.0038937952554128586
2.097256340057868 0.0036758204125201034
2.107311222108371 0.0030323055814605337
2.1174143103085554 0.0035252711613600173
2.1275658357733027 0.003564587316018531
2.1377660307255275 0.003344870032364717
2.1480151285014935 0.003412756635274572
2.158313363556147 0.0037349300836022783
2.168660971468484 0.003523102079384352
2.1790581889469367 0.003304878814654351
2.189505253834789 0.0034486572274548158
2.2000024051156175 0.0035415538392753712
2.21054988291876 0.003409534830622287
2.2211479285248057 0.003081443684009775
2.231796784371116 0.0034410661946457175
2.2424966940573703 0.003023345527065637
2.2532479023511387 0.0034229131033930056
2.264050655193483 0.0030742926939654656
2.274905199704578 0.0034501202307508174
2.2858117841893697 0.003304145610445141
2.296770658143252 0.0031985283853249963
2.307782072257775 0.0030414979916397263
2.318846278426381 0.0031964073401497166
2.329963529750166 0.002625393465532374
2.341134080543669 0.002704561005134261
2.3523581863406884 0.002891218594443733
2.3636361039001312 0.0026494299261425845
2.374968091211883 0.002746936950081271
2.386354407502711 0.0026875872750662306
2.3977953132421947 0.0027667657324597444
2.4092910701486843 0.0018898497082421545
2.420841941195286 0.002335036718142547
2.4324481906158777 0.002247019160436782
2.444110083911157 0.0013937843827837692
2.4558278878547095 0.0022250228290476436
2.467601870499117 0.0023205889523981844
2.4794323011820847 0.0016686971531821911
2.491319450532605 0.0018247359795575046
2.503263590477147 0.001651881668252668
2.5152649942458787 0.0013732817928404795
2.5273239363789144 0.0019314685666069898
2.5394406927326 0.001604565826143746
2.5516155404858174 0.0016779519345468926
2.5638487581463285 0.0016491572303705885
2.5761406255571475 0.0017783156602999327
2.5884914239029375 0.0016184832396711056
2.6009014357164504 0.001205516211295195
2.6133709448849824 0.0018329301422003303
2.625900236656872 0.0017091153652940014
2.638489597648025 0.0016109300577310727
2.6511393158484706 0.0017267070312010028
2.663849680628949 0.0016387692331274997
2.676620982747533 0.001289933270568435
2.6894535143562757 0.0017385560785865965
2.702347569007896 0.0013177954688089978
2.7153034416624937 0.001767643563992508
2.7283214286942967 0.0015071369190845186
2.741401827898442 0.0013305778839126712
2.7545449384977845 0.0014952483628494278
2.7677510611497445 0.001419868578564336
2.7810204979531865 0.001591031126778523
2.7943535524553265 0.0014537827330122612
2.8077505296586787 0.0013747794488553088
2.821211736028033 0.000990226787110376
2.8347374794974622 0.001147364425015491
2.8483280694773696 0.0013154862164265681
2.861983816861565 0.0010669287999907843
2.8757050340343775 0.0011253504418922732
2.8894920348778004 0.0012642061082639852
2.903345134778675 0.0009819300388500753
2.9172646506359 0.001212986394415184
2.931250900867685 0.0011350132511560279
2.945304205418831 0.0012132205016534955
2.9594248857680525 0.0008703232862915961
2.9736132649353317 0.0010210589743228462
2.9878696674893046 0.0007323848183622072
3.0021944195546872 0.0011481993507031435
3.0165878488197375 0.0011354962032099063
3.031050284543749 0.0008217550931078637
3.045582057564585 0.0008910062653367603
3.060183500306246 0.001112515712059193
3.0748549467864725 0.0012112286500379195
3.089596732624388 0.001077927629349239
3.1044091950481763 0.0009296249260805618
3.1192926729027923 0.001004316556026117
3.1342475066577213 0.000918633663847949
3.1492740384147586 0.0009653859240548646
3.1643726119158395 0.0008214497069497375
3.1795435725509034 0.0008387534351832526
3.194787267365793 0.0008991890617406408
3.210104045070193 0.0007962320435596925
3.2254942560456112 0.0007645475830941875
3.240958252353387 0.0009274713918118544
3.2564963877427493 0.0008149582196674255
3.272109017658909 0.0008132146857431078
3.2877964992511868 0.0008106936680242927
3.3035591913811895 0.000831449275750568
3.3193974546310105 0.0006709581544467292
3.335311651311486 0.0007890672901648928
3.3513021454704788 0.0008310636991197596
3.3673693029012073 0.0007906570437658604
3.3835134911506137 0.000815020894085568
3.3997350795277725 0.0007301579018419368
3.416034439112336 0.0008545426220211142
3.4324119427630264 0.0008865630481752428
3.448867965126162 0.0008004973660275149
3.4654028826442294 0.0006351618666990656
3.482017073564496 0.0007309561568060805
3.4987109179476596 0.0006100200734464364
3.5154847976765438 0.000788662755871969
3.5323390964648356 0.0008053057174446246
3.5492741998658603 0.0007344988871483438
3.5662904952814025 0.0007309922113506638
3.58338837197057 0.0007450748832021019
3.6005682210586953 0.0007539931323917542
3.6178304355462845 0.0007407432008824751
3.635175410318007 0.0007012796586476163
3.6526035421517284 0.0007313774021502876
3.6701152297275876 0.0006619775053181676
3.687710873637119 0.0006666249202307514
3.7053908763924124 0.0007202881375091857
3.7231556424353216 0.0007143791705855483
3.7410055781467184 0.0006711893214274749
3.758941091855786 0.0006996888965508928
3.7769625938493654 0.0006913235962098402
3.795070496381332 0.0006396044163045065
3.8132652136820346 0.0006654130569462095
3.8315471619677655 0.0006620863384130381
3.849916759450285 0.0006453464555101901
3.8683744263463873 0.000617790880242383
3.8869205848875135 0.0006257623943606421
3.9055556593294094 0.0006237041848649044
3.9242800759618315 0.000618026392818853
3.943094263118298 0.0005953750575712399
3.9619986511858882 0.0005598030923053026
3.980993672615089 0.0005566652789588726
4.000079761929683 0.0005481020174857024
4.019257355736694 0.00047908574668867224
4.03852689273637 0.0005429634734260967
4.057888813732221 0.0004387994951987966
4.077343561641103 0.0005044118138072212
4.096891581503353 0.0005037769537347161
4.11653332049296 0.0004086796392105335
4.136269227927804 0.00047655884760458323
4.156099755279931 0.000463630255453642
4.17602535618588 0.0004083388288643239
4.19604648645706 0.0004265531581036986
4.216163604090182 0.000444746413808106
4.236377169277727 0.0004162366639029024
4.25668764441848 0.0004205526390162476
4.277095494128106 0.00043896958442348144
4.2976011852497775 0.0004227085011765747
4.318205186864858 0.00040362859630274357
4.338907970303623 0.0004123831433030993
4.359710009156054 0.0003755386527234473
4.380611779282662 0.00034868150600497294
4.4016137588253805 0.0002991397976054973
4.422716428218497 0.0003243426620202563
4.4439202701996505 0.00017485335695414567
4.465225769820868 0.00018436811988701546
4.486633414459661 0.00030265126893725026
4.50814369383018 0.00028629988347061926
4.529757099994412 0.0003049550406333597
4.551474127373438 0.00025319210739842626
4.5732952727587435 0.0002490492299515313
4.595221035323583 0.00030349579775339344
4.617251916634397 0.00030452721359905914
4.639388420662292 0.00030069472295774684
4.661631053794558 0.00030273904968444173
4.683980324846266 0.0002651121717480662
4.706436745071897 0.0002767877355505233
4.729000828177038 0.00028716202526966764
4.751673090330143 0.00027509093791382644
4.774454050174326 0.00020984397549054848
4.79734422883924 0.0002909839544438547
4.820344149952989 0.0002790739492588985
4.843454339654107 0.0002426160772025829
4.866675326603597 0.0002227159273345641
4.890007641997023 0.0002233290033838997
4.91345181957666 0.00023861253467572765
4.937008395643709 0.00022062506564107193
4.960677909070557 0.00022676708478621777
4.98446090131311 0.0002161113276716376
5.008357916423177 0.00020076256334237305
5.032369501060916 0.0002204217298188774
5.0564962045073445 0.0001882739009712067
5.0807385786768915 0.00019848274032726153
5.105097178130036 0.0001442821718512772
5.129572560085985 0.00020366529831766333
5.154165284435427 0.000202975622980627
5.1788759137533305 0.0001827106999092262
5.203705013311826 0.00018206415235257848
5.2286531510931225 0.0001350353918825342
5.253720897802513 0.00017444244270205396
5.278908826881421 0.00018326696599659979
5.304217514520523 0.00017208695882324208
5.329647539672928 0.0001723176339440209
5.355199484067426 0.00017488112488490254
5.380873932221783 0.00018001026907190474
5.406671471456126 0.0001280627294768037
5.432592691906369 0.0001222326910720847
5.458638186537719 0.00011993213217606846
5.484808551158237 0.00015500010518723265
5.511104384432469 0.0001628559903261648
5.537526287895138 0.00014477192547368765
5.5640748659649075 0.00011262837075600228
5.590750725958208 0.00012956732133737045
5.617554478103128 0.00015041733596998306
5.644486735553375 0.00012040509737574573
5.671548114402301 0.00015081067741451847
5.698739233696996 0.00014046207382754135
5.726060715452448 0.00012394485041432798
5.753513184665774 0.00011307980491467484
5.781097269330519 0.00013803284604832041
5.808813600451015 0.00014171369573801092
5.836662812056822 0.00013186108786411048
5.864645541217231 0.0001210882603641366
5.892762428055834 0.00012560002469060583
5.921014115765167 0.00011850736534383604
5.949401250621433 0.00010009537025290334
5.977924481999274 0.0001215099013699521
6.0065844623866305 0.00012510358007868916
6.035381847399669 0.00011620034479436708
6.0643172957977765 0.00010583634751851438
6.093391469498636 0.00010814973779043055
6.122605033593362 0.0001052342262892841
6.151958656361717 9.169533439935807e-05
6.181453009287397 8.803813183423981e-05
6.2110887670734 0.0001079194299647431
6.240866607657446 0.00010236324780288349
6.270787212227504 9.994014516736386e-05
6.300851265237357 0.00010344587671243987
6.331059454422269 0.00010478516346755416
6.361412470814716 9.802734762453649e-05
6.39191100876019 9.453067191124949e-05
6.422555765933088 9.541078116276742e-05
6.45334744335267 7.719052585087474e-05
6.4842867453990936 9.601717852272129e-05
6.515374379829527 7.759467998842423e-05
6.546611057794343 7.644866375541302e-05
6.57799749385338 7.39580819384764e-05
6.609534405992302 7.804928936097645e-05
6.641222515639004 6.799159969308829e-05
6.6730625476801295 7.623563459569326e-05
6.7050552304776465 6.819572678912216e-05
6.737201295885512 7.037581508130223e-05
6.769501479266411 6.520071675427991e-05
6.801956519508584 6.750579454838561e-05
6.83456715904272 5.723554685611139e-05
6.867334143858949 5.093554073978545e-05
6.900258223523903 5.807699110537071e-05
6.933340151197861 6.450301386758707e-05
6.966580683651985 6.472817395648921e-05
6.999980581285625 6.005334670737337e-05
7.0335406081437135 5.936819836346022e-05
7.067261531934249 6.769414758140918e-05
7.101144124045853 5.941461302635012e-05
7.135189159565416 5.949659356643368e-05
7.169397417295838 5.206604407393175e-05
7.203769679773824 5.38155146679422e-05
7.238306733287806 5.6368775793389774e-05
7.2730093678959165 5.761091845304985e-05
7.307878377444066 5.300742060144718e-05
7.342914559584106 5.029159592533766e-05
7.37811871579207 4.53954608496035e-05
7.413491651386511 5.38019685963721e-05
7.449034175546921 4.889013901805401e-05
7.484747101332247 5.257198868624661e-05
7.520631245699485 4.9786654323437494e-05
7.556687429522369 4.939931116370324e-05
7.592916477610153 4.932482747407457e-05
7.629319218726471 4.310263511579853e-05
7.665896485608313 4.49205964124695e-05
7.702649114985049 4.499703711843642e-05
7.73957794759759 4.4587230456889925e-05
7.77668382821761 4.842743065778305e-05
7.813967605666878 4.27632384513538e-05
7.8514301328366685 3.866142833951311e-05
7.8890722667072755 3.8109765383978666e-05
7.926894868367619 4.122224705975852e-05
7.964898803034935 4.188913286076721e-05
8.003084940074578 4.0682854840271575e-05
8.041454153019895 3.595726727504929e-05
8.080007319592234 3.80738759700583e-05
8.118745321720986 3.570117045654666e-05
8.15766904556379 3.6080119006467536e-05
8.196779381526783 3.630517887839286e-05
8.23607722428499 3.5130657434795796e-05
8.275563472802775 3.5052734221582535e-05
8.315239030354402 2.955218400498817e-05
8.355104804544718 3.158206589706325e-05
8.395161707329892 3.154649694440138e-05
8.435410655038293 2.993735764652352e-05
8.47585256839144 2.9349392012554064e-05
8.516488372525082 3.100128582087496e-05
8.557318997010336 2.918101919497407e-05
8.598345375874969 3.2187731210779814e-05
8.639568447624761 3.057291184688948e-05
8.680989155264971 2.6884480965470642e-05
8.722608446321914 2.4912648571298926e-05
8.764427272864628 2.8143104678326603e-05
8.806446591526663 2.5077762966428284e-05
8.84866736352796 2.2108347994583022e-05
8.891090554696834 2.680131907322167e-05
8.933717135492076 2.8326425336002167e-05
8.97654808102516 1.9329138965857082e-05
9.019584371082525 2.798836783387877e-05
9.06282699014801 2.345062832551433e-05
9.106276927425366 2.46437569300281e-05
9.14993517686089 2.230051094977478e-05
9.193802737166154 2.0568883462767305e-05
9.237880611840858 2.4780405810437073e-05
9.282169809195782 2.2348372175658737e-05
9.326671342375855 2.0043587358766043e-05
9.37138622938333 2.210622588234487e-05
9.416315493101063 2.0602376336703795e-05
9.461460161315939 1.9649218904241123e-05
9.506821266742346 2.1843817657649874e-05
9.552399847045825 2.0842631666714335e-05
9.5981969448668 2.0578935340866417e-05
9.644213607844426 2.022138417145137e-05
9.690450888640562 1.8677777716109375e-05
9.736909844963844 1.853490280898917e-05
9.783591539593884 1.9587182613811812e-05
9.830497040405579 1.8210930702951112e-05
9.877627420393544 1.9173133073149956e-05
9.924983757696651 1.6884569791969225e-05
9.972567135622711 1.8787910003245638e-05
10.020378642673224 1.6397268433459728e-05
10.068419372568302 1.736120342132296e-05
10.116690424271683 1.6681467202974294e-05
10.165192902015866 1.6792572078960865e-05
10.213927915327382 1.6106867106112547e-05
10.262896579052162 1.5308640584295308e-05
10.31210001338105 1.5366734689996335e-05
10.361539343875423 1.5175905442427076e-05
10.411215701492937 1.4831870678822559e-05
10.461130222613402 1.4167208618512053e-05
10.511284049064788 1.471567707103762e-05
10.56167832814932 1.2959331068294628e-05
10.612314212669743 1.2355755802323944e-05
10.663192860955688 1.3220395675640058e-05
10.714315436890168 1.2185164324772903e-05
10.765683109936202 1.3646200340997277e-05
10.817297055163571 1.2350614190229348e-05
10.869158453275698 1.228429957614333e-05
10.921268490636654 1.1197240712574539e-05
10.973628359298297 1.2152402751838448e-05
11.026239257027544 1.190238736376008e-05
11.079102387333766 1.1665716272068368e-05
11.132218959496333 1.1202350681958187e-05
11.18559018859226 1.124916814476639e-05
11.239217295524002 1.1079377673290863e-05
11.293101507047401 1.0521346342914685e-05
11.347244055799733 1.1136168124567363e-05
11.401646180327912 1.1261431392382771e-05
11.456309125116817 8.793374330943447e-06
11.511234140617772 1.0720038854814525e-05
11.566422483277135 1.0033764823711686e-05
11.621875415565054 8.713928696684296e-06
11.677594206004335 8.596269828087444e-06
11.73358012919948 9.341170773658648e-06
11.789834465865818 9.600521207531883e-06
11.846358502858818 9.779455399103504e-06
11.903153533203527 8.912622647466915e-06
11.960220856124144 7.78949395437656e-06
12.01756177707374 8.745476849322495e-06
12.075177607764124 7.989803964233934e-06
12.133069666195853 8.224468855045389e-06
12.191239276688373 8.437657515266355e-06
12.249687769910324 7.588065269767411e-06
12.308416482909958 7.729474845701257e-06
12.367426759145774 7.188755023394302e-06
12.426719948517185 6.028629474934584e-06
12.48629740739545 7.731841035193851e-06
12.54616049865467 7.252430737580468e-06
12.606310591702988 7.1597737810516835e-06
12.666749062513896 6.395565700890863e-06
12.727477293657726 5.291670023155337e-06
12.788496674333269 6.5561586582066275e-06
12.849808600399552 5.98629860236795e-06
12.911414474407778 6.639575902019681e-06
12.973315705633395 6.405330382985545e-06
13.035513710108367 6.051557055682916e-06
13.098009910653523 5.663364324008762e-06
13.160805736911131 5.8493428440217374e-06
13.223902625377601 5.435652033630336e-06
13.287302019436336 5.488258862619506e-06
13.35100536939076 4.8756580465181294e-06
13.415014132497493 5.040840178031132e-06
13.479329772999682 5.3955895605559745e-06
13.543953762160495 5.319160327162635e-06
13.608887578296788 4.63757392688367e-06
13.674132706812903 5.318234662002558e-06
13.739690640234688 5.0562833062174685e-06
13.805562878243586 4.9172397704404836e-06
13.871750927710973 5.174082675015398e-06
13.93825630273263 4.897815881360756e-06
14.00508052466336 3.7776342910090828e-06
14.07222512215181 4.802424863853234e-06
14.139691631175433 4.0776227517848385e-06
14.207481595075617 4.082485047452037e-06
14.275596564592998 4.627405119488036e-06
14.344038097902937 4.034049648651031e-06
14.412807760651145 4.259115560266064e-06
14.48190712598954 3.4780152160882372e-06
14.55133777461218 4.115047626813592e-06
14.621101294791464 3.7597569996089175e-06
14.691199282414441 3.4712170829322888e-06
14.761633341019332 4.06622055748688e-06
14.832405081832201 3.6093061522697976e-06
14.903516123803822 3.4458515926082803e-06
14.97496809364671 3.5132620536468488e-06
15.046762625872327 3.456571971513231e-06
15.118901362828483 3.1492696869842904e-06
15.19138595473689 3.333506812073235e-06
15.264218059730949 3.3368404396925085e-06
15.337399343893628 3.2782439744851596e-06
15.41093148129561 3.2003083581059042e-06
15.484816154033581 3.2002247891971612e-06
15.55905505226871 3.128118133228234e-06
15.633649874265304 3.2499041620672477e-06
15.70860232642967 2.991200592264767e-06
15.78391412334914 2.973810309674265e-06
15.859586987831298 2.6730218417265006e-06
15.935622650943388 3.131628941988906e-06
16.01202285205191 2.738516176654524e-06
16.088789338862437 2.8220923405857925e-06
16.16592386745954 2.481902487686835e-06
16.243428202347012 2.815789659840459e-06
16.321304116488204 2.411163126402672e-06
16.39955339134659 2.4012485329512877e-06
16.47817781692652 2.2611428507043927e-06
16.55717919181417 2.430942614273069e-06
16.63655932321868 2.0707647035548355e-06
16.7163200270135 2.3388886373385793e-06
16.796463127777923 2.4172661701580797e-06
16.876990458838833 2.1108636911668444e-06
16.957903862312623 2.2609246676570244e-06
17.03920518914739 2.2071558128823805e-06
17.12089629916519 2.0618521585427097e-06
17.202979061104653 1.6533992378344172e-06
17.285455352663703 2.0198416192199e-06
17.36832706054252 1.5904640298017266e-06
17.45159608048669 1.8480290241931309e-06
17.535264317330583 1.8981858271217426e-06
17.619333685040917 2.075745768899471e-06
17.70380610676055 1.7859234782391354e-06
17.78868351485247 1.94797711734249e-06
17.87396785094398 1.8795378766149973e-06
17.959661065971176 1.7606958987219703e-06
18.04576512022349 1.8162062106057736e-06
18.13228198338859 1.4906496573144324e-06
18.21921363459743 1.559261408567769e-06
18.306562062469503 1.7523747888680258e-06
18.39432926515836 1.6915786411150395e-06
18.482517250397294 1.563130764328242e-06
18.571128035545286 1.6080814469516268e-06
18.660163647633148 1.2972578594994729e-06
18.749626123409886 1.4284751970820613e-06
18.839517509389292 1.4818219063716315e-06
18.92983986189679 1.369070403516856e-06
19.020595247116432 1.4138797745596125e-06
19.111785741138178 1.2747667432325718e-06
19.203413430005398 1.057794602353703e-06
19.295480409762593 1.272969276526025e-06
19.38798878650332 1.2085188634383456e-06
19.480940676418403 1.310084781132087e-06
19.574338205844317 1.2563069888628787e-06
19.668183511311835 1.2937626586765122e-06
19.76247873959491 1.2120102657589105e-06
19.857226047759777 1.157038321856762e-06
19.952427603214318 1.1450401137092414e-06
20.048085583757594 1.1451135934764788e-06
20.144202177629715 1.007049749934492e-06
20.24077958356187 1.0348532891693849e-06
20.337820010826633 1.0289164238110298e-06
20.435325679288496 1.145205747223545e-06
20.53329881945466 1.0913875239009447e-06
20.631741672526047 1.1064307603859011e-06
20.730656490448578 1.0551060577261898e-06
20.830045535964686 1.0425680571737756e-06
20.92991108266506 9.239363383778083e-07
21.030255415040717 1.0129532455964749e-06
21.131080828535165 8.793119182107362e-07
21.232389629596987 8.805847442792148e-07
21.334184135732578 9.501359155232909e-07
21.436466675559153 8.83173175886021e-07
21.539239588858027 7.755044333951352e-07
21.642505226628145 8.562535589797451e-07
21.746265951139836 8.335788888587123e-07
21.85052413598888 7.668002743956369e-07
21.955282166150788 7.918369705915946e-07
22.060542438035363 8.242063433101946e-07
22.166307359541545 7.601660500990126e-07
22.272579350112444 7.990118975242921e-07
22.379360840790724 7.624602933994397e-07
22.4866542742742 7.185253153652517e-07
22.594462104971726 6.385694600718778e-07
22.70278679905933 7.655954171361398e-07
22.811630834536633 7.445636104846311e-07
22.920996701283542 7.357285685560018e-07
23.030886901117206 7.159727643862716e-07
23.141303947849234 6.471307747044505e-07
23.2522503673432 6.87868544961145e-07
23.363728697572473 6.597973419929747e-07
23.47574148867819 5.401169940801779e-07
23.58829130302766 6.275528183905681e-07
23.70138071527295 6.131335922595195e-07
23.815012312409788 5.578356636919575e-07
23.92918869383675 5.827865652085591e-07
24.043912471414707 5.204046217097402e-07
24.15918626952659 5.594802369374021e-07
24.275012725137408 5.44009403286268e-07
24.39139448785459 5.780735885885368e-07
24.508334219988576 5.251010678275616e-07
24.625834596613718 5.489136653467855e-07
24.743898305629525 5.138446432659869e-07
24.86252804782207 5.39467113581681e-07
24.98172653692583 5.166506327888441e-07
25.10149649968574 5.181143549475508e-07
25.221840675919577 4.2563513749052396e-07
25.342761818580637 4.920302486639433e-07
25.46426269382071 4.5283264129639426e-07
25.58634608105335 3.6180946906784624e-07
25.709014773017465 4.631448090068176e-07
25.832271575841194 4.490833848389681e-07
25.9561193091061 3.7841608079030767e-07
26.080560805911706 3.878004088674495e-07
26.205598912940236 4.3307551588864317e-07
26.33123649052178 4.355312719080986e-07
26.45747641269972 4.0624728374972804e-07
26.584321567296474 3.751344987847392e-07
26.711774855979552 3.6991097514326794e-07
26.83983919432794 3.916620155799245e-07
26.968517511898785 3.823380506193115e-07
27.09781275229443 3.7944235248721226e-07
27.22772787322973 3.446565679589294e-07
27.358265846599707 3.565918153652762e-07
27.489429658547593 3.448241284085926e-07
27.621222309533056 3.463181530298084e-07
27.753646814400888 3.3877277835857925e-07
27.886706202449954 3.1401528126758955e-07
28.020403517502498 3.375023295356224e-07
28.15474181797378 3.3528177737109155e-07
28.289724176942013 3.0001179922029724e-07
28.425353682218685 2.8401187276214296e-07
28.561633436419193 3.0467947271483116e-07
28.698566557033804 2.868356861873362e-07
28.836156176498964 2.970204188550994e-07
28.974405442269013 2.556730869667018e-07
29.113317516888102 2.7022463610176124e-07
29.252895578062578 2.5120489637916863e-07
29.393142818733686 2.5841288696453466e-07
29.534062447150593 2.1840827475415144e-07
29.67565768694379 2.583226906252067e-07
29.81793177719882 2.6412697667405565e-07
29.960887972530386 2.4080790102742344e-07
30.104529543156804 2.4435631699742664e-07
30.248859774974807 2.441711012389134e-07
30.39388196963469 2.032952022152243e-07
30.539599444615913 2.310842019519309e-07
30.686015533302882 2.0518724491834548e-07
30.833133585061283 1.974982414897978e-07
30.980956965314668 2.173031253262311e-07
31.129489055621452 2.0009434622305694e-07
31.278733253752264 2.1999190167640394e-07
31.428692973767678 1.997535084885884e-07
31.579371646096302 1.976943778489842e-07
31.730772717613263 1.8453554636554493e-07
31.88289965171905 1.7779145600057494e-07
32.03575592841872 1.9244598958333157e-07
32.18934504440159 1.8794063801582645e-07
32.343670513121104 1.7582443049698922e-07
32.498735864875286 1.8475952303901011e-07
32.65454464688749 1.750898226093057e-07
32.8111004233875 1.5963712950541226e-07
32.96840677569314 1.4387119800681833e-07
33.12646730229212 1.4421143519923248e-07
33.28528561892441 1.6049752252164699e-07
33.444865358664934 1.6230595317029318e-07
33.605210172006664 1.5536233295623092e-07
33.76632372694413 1.5927410382283012e-07
33.928209709057384 1.535669071484296e-07
34.09087182159624 1.3917677587188869e-07
34.25431378556498 1.4317594840523632e-07
34.418539339807566 1.4723946900681832e-07
34.583552241093074 1.335625822905802e-07
34.749356264201666 1.3414535970748948e-07
34.91595520201097 1.2841234536434543e-07
35.08335286558279 1.300953459717602e-07
35.251553084250325 1.0821484648091164e-07
35.42055970570576 1.1373320620641613e-07
35.59037659608828 1.2395890907864854e-07
35.76100764007253 1.2297267601350696e-07
35.93245674095742 1.0876028709829695e-07
36.1047278207555 1.2364864129695092e-07
36.2778248202826 1.152748446871177e-07
36.45175169924805 1.1695613994997067e-07
36.62651243634519 1.0775720120403776e-07
36.80211102934244 1.0957008002019438e-07
36.97855149517474 1.0991742430063279e-07
37.15583787003543 1.0787591228492304e-07
37.33397420946855 9.621158986851992e-08
37.51296458846169 8.714743774365602e-08
37.69281310153913 1.016075451925041e-07
37.8735238628556 9.796674123039293e-08
38.05510100629025 8.972812422057911e-08
38.237548685541356 9.786677114883555e-08
38.42087107422127 8.836306796186113e-08
38.605072365951884 8.72986662878591e-08
38.790156774460606 9.12333208972052e-08
38.97612853367673 8.309360804491457e-08
39.16299189782827 8.616710220507379e-08
39.35075114153932 8.541078366759443e-08
39.5394105599278 7.6303618475066e-08
39.728974468703726 7.621972626054748e-08
39.91944720426796 8.039195496719479e-08
40.11083312381136 7.958969916313146e-08
40.30313660541448 7.988784293351356e-08
40.49636204814771 7.680776917051156e-08
40.69051387217193 5.699639214132675e-08
40.885596518839606 6.98512073715577e-08
41.08161445079639 6.682489720683806e-08
41.2785721520832 7.156447135861671e-08
41.476474128238834 6.480971366666944e-08
41.67532490640297 6.686628016534544e-08
41.875129035419775 6.31077993001536e-08
42.075891085942 6.325552617968056e-08
42.27761565053542 6.424340694072034e-08
42.48030734378399 5.7418866459174585e-08
42.683970802395386 5.79578006252604e-08
42.88861068530706 6.298835340134592e-08
43.09423167379281 5.410793167754227e-08
43.3008384715699 5.7329610931776436e-08
43.508435804906604 5.790807088685041e-08
43.7170284227304 4.2824446399837386e-08
43.92662109673653 4.8516415831788133e-08
44.13721862149719 5.667709930345635e-08
44.34882581457125 5.4306679114037433e-08
44.561447516614365 5.388830229686755e-08
44.775088591489784 5.319242427190735e-08
44.98975392637957 4.859178804290253e-08
45.20544843189644 5.134583770699686e-08
45.42217704219607 4.709712553459071e-08
45.63994471508995 4.798608462304601e-08
45.85875643215886 4.976155664369516e-08
46.07861719886675 3.465648814866481e-08
46.2995320446753 3.821891224862118e-08
46.52150602315893 3.665858506332344e-08
46.74454421212047 4.3607596780369105e-08
46.96865171370725 4.493766648963317e-08
47.19383365452783 4.079533062581264e-08
47.42009518576928 4.03417075313912e-08
47.64744148331505 4.099745395129171e-08
47.875877747863306 4.0057948135600145e-08
48.10540920504598 3.4618818128206155e-08
48.33604110554822 3.701856949077633e-08
48.56777872522858 3.66995397581854e-08
48.80062736523967 3.5032492662579966e-08
49.034592352149396 3.7022319348540576e-08
49.26967903806294 3.3972361715943244e-08
49.505892800744995 3.5106281265344906e-08
49.74323904374293 3.518903323585765e-08
49.98172319651036 3.3565209287196e-08
50.221350714531326 3.4037315054524874e-08
50.46212707944513 3.4532582077070854e-08
50.70405779917171 3.198702702046298e-08
50.94714840803762 3.0659863666339125e-08
51.191404466902675 3.1731497975545756e-08
51.436831563287136 2.5411567446319465e-08
51.683435311499494 2.509452649222087e-08
51.931221352765 2.2951594631634896e-08
52.180195355354606 2.8348192394760034e-08
52.43036301471465 2.662811179923734e-08
52.68173005359721 2.8053464446219536e-08
52.93430222219094 2.6528333580785426e-08
53.18808529825265 2.5933622540152366e-08
53.443085087239474 2.693043121476759e-08
53.69930742244165 2.4387757428375404e-08
53.95675816511598 2.6349820413912764e-08
54.21544320461992 2.577081771724405e-08
54.47536845854628 2.486568646264441e-08
54.736539872858565 2.458123022608293e-08
54.998963422027124 2.0578870941479712e-08
55.262645109165646 2.3589582965798756e-08
55.52759096616858 2.3481946440074777e-08
55.79380705384912 2.0672674813510134e-08
56.06129946207781 2.26924744898388e-08
56.33007430992191 2.0897973619890472e-08
56.60013774578532 2.1687256331950974e-08
56.87149594754925 2.0105498416169426e-08
57.14415512271354 1.9449643155463167e-08
57.4181215085387 1.7281068295730495e-08
57.69340137218847 1.644939730306526e-08
57.970001010873396 1.86651101053338e-08
58.247926751994676 1.610656891635476e-08
58.52718495328899 1.8870671761886378e-08
58.80778200297394 1.75495504176836e-08
59.08972431989419 1.4743433602860848e-08
59.37301835366828 1.7356454939158132e-08
59.657670584836175 1.4992983855092828e-08
59.94368752500752 1.6412927448862998e-08
60.23107571701057 1.6308260785249474e-08
60.519841735041894 1.5966782059682276e-08
60.80999218481672 1.3824375041774187e-08
61.101533703720165 1.524914311444042e-08
61.394472960958886 1.550052024717375e-08
61.688816657713765 1.543401156532925e-08
61.984571527293184 1.5531022004275302e-08
62.28174433528704 1.486624066717642e-08
62.5803418797215 1.3973900077648886e-08
62.88037099121457 1.4133116432470964e-08
63.18183853313226 1.4042280893965019e-08
63.48475140174566 1.3671645204275395e-08
63.789116526388675 1.3582772246310461e-08
64.0949408696165 1.292380597167627e-08
64.402231427365 1.2591766410142465e-08
64.71099522911061 1.0835536232480662e-08
65.02123933803122 1.2438694474585139e-08
65.33297085116776 1.225525149432209e-08
65.64619689958649 1.1754904222807311e-08
65.96092464854217 1.1985529937179225e-08
66.27716129764197 9.790360428990604e-09
66.59491408101016 1.0824283520416992e-08
66.91419026745358 1.0841028932574674e-08
67.23499716062791 1.0345628032983131e-08
67.55734209920482 9.051847002047943e-09
67.88123245703977 1.078007087815518e-08
68.20667564334073 1.0428213106897706e-08
68.53367910283762 9.794098482230431e-09
68.86225031595268 9.632716544826272e-09
69.19239679897156 9.652873890759739e-09
69.52412610421521 9.541542755346344e-09
69.85744582021279 9.497930601552088e-09
70.19236357187506 8.711064614141402e-09
70.528887020669 8.36793834714263e-09
70.86702386479294 8.80878562588375e-09
71.20678183935267 8.412504538449034e-09
71.54816871653853 8.431680547828656e-09
71.89119230580299 8.28294820635327e-09
72.23586045403943 8.202851771133605e-09
72.58218104576163 8.18913239498187e-09
72.9301620032841 7.10212679489269e-09
73.27981128690331 7.735407543857474e-09
73.63113689507985 7.138021930042517e-09
73.98414686462132 7.290382363281948e-09
74.3388492708662 7.070545477524085e-09
74.69525222786862 7.060657056791029e-09
75.05336388858387 5.990944433339401e-09
75.41319244505516 6.956873636327113e-09
75.77474612860055 6.564497453831636e-09
76.13803321000184 5.779440893971066e-09
76.50306199969316 6.57534189480256e-09
76.86984084795169 6.508188323141838e-09
77.23837814508805 6.208402432007635e-09
77.60868232163878 5.669833559518813e-09
77.98076184855898 6.176831110722501e-09
78.35462523741583 5.817161143180103e-09
78.73028104058386 5.074934164609446e-09
79.10773785143994 5.515942798248951e-09
79.48700430456054 5.571292423726819e-09
79.86808907591856 5.60527108422748e-09
80.25100088308247 5.373040367204685e-09
80.63574848541508 4.5113707851929556e-09
81.02234068427455 5.219819904304149e-09
81.41078632321515 4.771679225939972e-09
81.80109428818997 4.835008057721063e-09
82.19327350775416 4.866124397550629e-09
82.58733295326873 4.838841247491379e-09
82.9832816391065 4.681865953466568e-09
83.38112862285755 4.651756935673853e-09
83.78088300553716 4.629424490239595e-09
84.1825539317933 4.505284430223967e-09
84.58615059011645 3.984903110379276e-09
84.99168221304917 3.946626096924173e-09
85.399158077398 4.161339068276903e-09
85.80858750444493 4.103458217601686e-09
86.21997986016123 3.99663466110141e-09
86.63334455542154 3.992491310257317e-09
87.04869104621876 3.96820774647028e-09
87.46602883388108 3.8501467117582196e-09
87.88536746528854 3.4711077661086076e-09
88.3067165330922 3.456915419949837e-09
88.73008567593281 3.68108268337899e-09
89.1554845786621 3.586442738984911e-09
89.58292297256347 3.2149146608824674e-09
90.01241063557545 3.0798007939390465e-09
90.4439573925146 3.4016861552572035e-09
90.87757311530092 3.3242866556291383e-09
91.31326772318333 3.2676640353103993e-09
91.7510511829664 3.2182102600036637e-09
92.19093350923895 3.089084147363599e-09
92.63292476460238 2.8492314069290407e-09
93.07703505990162 3.014149136432695e-09
93.52327455445568 2.9782943525304665e-09
93.97165345629085 2.885544647340903e-09
94.42218202237332 2.858535089938073e-09
94.87487055884475 1.9792264288824207e-09
95.3297294212571 2.6652394350682683e-09
95.78676901481035 2.6984289065836147e-09
96.2459997945901 2.6437778582703543e-09
96.70743226580653 2.319172455788647e-09
97.1710769840354 2.495356431208915e-09
97.63694455545861 2.5015459650398126e-09
98.10504563710784 2.4566193802531494e-09
98.57539093710726 2.3794476031750022e-09
99.04799121491956 2.0208445244040453e-09
99.52285728159107 2.0314509458315738e-09
100.0 2.198117665634342e-09
