       real :: wvandesitefine(2844) = (/0.4,0.401,0.402,0.403,0.404,0.405,0.406,0.407, &
      &          0.4080,0.4090,0.4100,0.4110,0.4120,0.4130,0.4140,0.4150, &
      &          0.4160,0.4170,0.4180,0.4190,0.4200,0.4210,0.4220,0.4230, &
      &          0.4240,0.4250,0.4260,0.4270,0.4280,0.4290,0.4300,0.4310, &
      &          0.4320,0.4330,0.4340,0.4350,0.4360,0.4370,0.4380,0.4390, &
      &          0.4400,0.4410,0.4420,0.4430,0.4440,0.4450,0.4460,0.4470, &
      &          0.4480,0.4490,0.4500,0.4510,0.4520,0.4530,0.4540,0.4550, &
      &          0.4560,0.4570,0.4580,0.4590,0.4600,0.4610,0.4620,0.4630, &
      &          0.4640,0.4650,0.4660,0.4670,0.4680,0.4690,0.4700,0.4710, &
      &          0.4720,0.4730,0.4740,0.4750,0.4760,0.4770,0.4780,0.4790, &
      &          0.4800,0.4810,0.4820,0.4830,0.4840,0.4850,0.4860,0.4870, &
      &          0.4880,0.4890,0.4900,0.4910,0.4920,0.4930,0.4940,0.4950, &
      &          0.4960,0.4970,0.4980,0.4990,0.5000,0.5010,0.5020,0.5030, &
      &          0.5040,0.5050,0.5060,0.5070,0.5080,0.5090,0.5100,0.5110, &
      &          0.5120,0.5130,0.5140,0.5150,0.5160,0.5170,0.5180,0.5190, &
      &          0.5200,0.5210,0.5220,0.5230,0.5240,0.5250,0.5260,0.5270, &
      &          0.5280,0.5290,0.5300,0.5310,0.5320,0.5330,0.5340,0.5350, &
      &          0.5360,0.5370,0.5380,0.5390,0.5400,0.5410,0.5420,0.5430, &
      &          0.5440,0.5450,0.5460,0.5470,0.5480,0.5490,0.5500,0.5510, &
      &          0.5520,0.5530,0.5540,0.5550,0.5560,0.5570,0.5580,0.5590, &
      &          0.5600,0.5610,0.5620,0.5630,0.5640,0.5650,0.5660,0.5670, &
      &          0.5680,0.5690,0.5700,0.5710,0.5720,0.5730,0.5740,0.5750, &
      &          0.5760,0.5770,0.5780,0.5790,0.5800,0.5810,0.5820,0.5830, &
      &          0.5840,0.5850,0.5860,0.5870,0.5880,0.5890,0.5900,0.5910, &
      &          0.5920,0.5930,0.5940,0.5950,0.5960,0.5970,0.5980,0.5990, &
      &          0.6000,0.6010,0.6020,0.6030,0.6040,0.6050,0.6060,0.6070, &
      &          0.6080,0.6090,0.6100,0.6110,0.6120,0.6130,0.6140,0.6150, &
      &          0.6160,0.6170,0.6180,0.6190,0.6200,0.6210,0.6220,0.6230, &
      &          0.6240,0.6250,0.6260,0.6270,0.6280,0.6290,0.6300,0.6310, &
      &          0.6320,0.6330,0.6340,0.6350,0.6360,0.6370,0.6380,0.6390, &
      &          0.6400,0.6410,0.6420,0.6430,0.6440,0.6450,0.6460,0.6470, &
      &          0.6480,0.6490,0.6500,0.6510,0.6520,0.6530,0.6540,0.6550, &
      &          0.6560,0.6570,0.6580,0.6590,0.6600,0.6610,0.6620,0.6630, &
      &          0.6640,0.6650,0.6660,0.6670,0.6680,0.6690,0.6700,0.6710, &
      &          0.6720,0.6730,0.6740,0.6750,0.6760,0.6770,0.6780,0.6790, &
      &          0.6800,0.6810,0.6820,0.6830,0.6840,0.6850,0.6860,0.6870, &
      &          0.6880,0.6890,0.6900,0.6910,0.6920,0.6930,0.6940,0.6950, &
      &          0.6960,0.6970,0.6980,0.6990,0.7000,0.7010,0.7020,0.7030, &
      &          0.7040,0.7050,0.7060,0.7070,0.7080,0.7090,0.7100,0.7110, &
      &          0.7120,0.7130,0.7140,0.7150,0.7160,0.7170,0.7180,0.7190, &
      &          0.7200,0.7210,0.7220,0.7230,0.7240,0.7250,0.7260,0.7270, &
      &          0.7280,0.7290,0.7300,0.7310,0.7320,0.7330,0.7340,0.7350, &
      &          0.7360,0.7370,0.7380,0.7390,0.7400,0.7410,0.7420,0.7430, &
      &          0.7440,0.7450,0.7460,0.7470,0.7480,0.7490,0.7500,0.7510, &
      &          0.7520,0.7530,0.7540,0.7550,0.7560,0.7570,0.7580,0.7590, &
      &          0.7600,0.7610,0.7620,0.7630,0.7640,0.7650,0.7660,0.7670, &
      &          0.7680,0.7690,0.7700,0.7710,0.7720,0.7730,0.7740,0.7750, &
      &          0.7760,0.7770,0.7780,0.7790,0.7800,0.7810,0.7820,0.7830, &
      &          0.7840,0.7850,0.7860,0.7870,0.7880,0.7890,0.7900,0.7910, &
      &          0.7920,0.7930,0.7940,0.7950,0.7960,0.7970,0.7980,0.7990, &
      &          0.8000,0.8040,0.8080,0.8120,0.8160,0.8200,0.8240,0.8280, &
      &          0.8320,0.8360,0.8400,0.8440,0.8480,0.8520,0.8560,0.8600, &
      &          0.8640,0.8680,0.8720,0.8760,0.8800,0.8840,0.8880,0.8920, &
      &          0.8960,0.9000,0.9040,0.9080,0.9120,0.9160,0.9200,0.9240, &
      &          0.9280,0.9320,0.9360,0.9400,0.9440,0.9480,0.9520,0.9560, &
      &          0.9600,0.9640,0.9680,0.9720,0.9760,0.9800,0.9840,0.9880, &
      &          0.9920,0.9960,1.0000,1.0040,1.0080,1.0120,1.0160,1.0200, &
      &          1.0240,1.0280,1.0320,1.0360,1.0400,1.0440,1.0480,1.0520, &
      &          1.0560,1.0600,1.0640,1.0680,1.0720,1.0760,1.0800,1.0840, &
      &          1.0880,1.0920,1.0960,1.1000,1.1040,1.1080,1.1120,1.1160, &
      &          1.1200,1.1240,1.1280,1.1320,1.1360,1.1400,1.1440,1.1480, &
      &          1.1520,1.1560,1.1600,1.1640,1.1680,1.1720,1.1760,1.1800, &
      &          1.1840,1.1880,1.1920,1.1960,1.2000,1.2040,1.2080,1.2120, &
      &          1.2160,1.2200,1.2240,1.2280,1.2320,1.2360,1.2400,1.2440, &
      &          1.2480,1.2520,1.2560,1.2600,1.2640,1.2680,1.2720,1.2760, &
      &          1.2800,1.2840,1.2880,1.2920,1.2960,1.3000,1.3040,1.3080, &
      &          1.3120,1.3160,1.3200,1.3240,1.3280,1.3320,1.3360,1.3400, &
      &          1.3440,1.3480,1.3520,1.3560,1.3600,1.3640,1.3680,1.3720, &
      &          1.3760,1.3800,1.3840,1.3880,1.3920,1.3960,1.4000,1.4040, &
      &          1.4080,1.4120,1.4160,1.4200,1.4240,1.4280,1.4320,1.4360, &
      &          1.4400,1.4440,1.4480,1.4520,1.4560,1.4600,1.4640,1.4680, &
      &          1.4720,1.4760,1.4800,1.4840,1.4880,1.4920,1.4960,1.5000, &
      &          1.5040,1.5080,1.5120,1.5160,1.5200,1.5240,1.5280,1.5320, &
      &          1.5360,1.5400,1.5440,1.5480,1.5520,1.5560,1.5600,1.5640, &
      &          1.5680,1.5720,1.5760,1.5800,1.5840,1.5880,1.5920,1.5960, &
      &          1.6000,1.6040,1.6080,1.6120,1.6160,1.6200,1.6240,1.6280, &
      &          1.6320,1.6360,1.6400,1.6440,1.6480,1.6520,1.6560,1.6600, &
      &          1.6640,1.6680,1.6720,1.6760,1.6800,1.6840,1.6880,1.6920, &
      &          1.6960,1.7000,1.7040,1.7080,1.7120,1.7160,1.7200,1.7240, &
      &          1.7280,1.7320,1.7360,1.7400,1.7440,1.7480,1.7520,1.7560, &
      &          1.7600,1.7640,1.7680,1.7720,1.7760,1.7800,1.7840,1.7880, &
      &          1.7920,1.7960,1.8000,1.8040,1.8080,1.8120,1.8160,1.8200, &
      &          1.8240,1.8280,1.8320,1.8360,1.8400,1.8440,1.8480,1.8520, &
      &          1.8560,1.8600,1.8640,1.8680,1.8720,1.8760,1.8800,1.8840, &
      &          1.8880,1.8920,1.8960,1.9000,1.9040,1.9080,1.9120,1.9160, &
      &          1.9200,1.9240,1.9280,1.9320,1.9360,1.9400,1.9440,1.9480, &
      &          1.9520,1.9560,1.9600,1.9640,1.9680,1.9720,1.9760,1.9800, &
      &          1.9840,1.9880,1.9920,1.9960,2.0000,2.0040,2.0080,2.0120, &
      &          2.0160,2.0200,2.0240,2.0280,2.0320,2.0360,2.0400,2.0440, &
      &          2.0480,2.0520,2.0560,2.0600,2.0640,2.0680,2.0720,2.0760, &
      &          2.0795,2.0803,2.0812,2.0820,2.0828,2.0837,2.0845,2.0853, &
      &          2.0862,2.0870,2.0879,2.0887,2.0895,2.0904,2.0912,2.0921, &
      &          2.0929,2.0938,2.0946,2.0955,2.0963,2.0971,2.0980,2.0988, &
      &          2.0997,2.1005,2.1014,2.1023,2.1031,2.1040,2.1048,2.1057, &
      &          2.1065,2.1074,2.1082,2.1091,2.1100,2.1108,2.1117,2.1125, &
      &          2.1134,2.1143,2.1151,2.1160,2.1168,2.1177,2.1186,2.1194, &
      &          2.1203,2.1212,2.1220,2.1229,2.1238,2.1247,2.1255,2.1264, &
      &          2.1273,2.1281,2.1290,2.1299,2.1308,2.1316,2.1325,2.1334, &
      &          2.1343,2.1352,2.1360,2.1369,2.1378,2.1387,2.1396,2.1404, &
      &          2.1413,2.1422,2.1431,2.1440,2.1449,2.1458,2.1466,2.1475, &
      &          2.1484,2.1493,2.1502,2.1511,2.1520,2.1529,2.1538,2.1547, &
      &          2.1556,2.1565,2.1574,2.1583,2.1592,2.1601,2.1610,2.1619, &
      &          2.1628,2.1637,2.1646,2.1655,2.1664,2.1673,2.1682,2.1691, &
      &          2.1700,2.1709,2.1718,2.1727,2.1736,2.1746,2.1755,2.1764, &
      &          2.1773,2.1782,2.1791,2.1800,2.1810,2.1819,2.1828,2.1837, &
      &          2.1846,2.1856,2.1865,2.1874,2.1883,2.1893,2.1902,2.1911, &
      &          2.1920,2.1930,2.1939,2.1948,2.1957,2.1967,2.1976,2.1985, &
      &          2.1995,2.2004,2.2013,2.2023,2.2032,2.2041,2.2051,2.2060, &
      &          2.2070,2.2079,2.2088,2.2098,2.2107,2.2117,2.2126,2.2136, &
      &          2.2145,2.2155,2.2164,2.2173,2.2183,2.2192,2.2202,2.2211, &
      &          2.2221,2.2231,2.2240,2.2250,2.2259,2.2269,2.2278,2.2288, &
      &          2.2297,2.2307,2.2317,2.2326,2.2336,2.2345,2.2355,2.2365, &
      &          2.2374,2.2384,2.2394,2.2403,2.2413,2.2423,2.2433,2.2442, &
      &          2.2452,2.2462,2.2471,2.2481,2.2491,2.2501,2.2510,2.2520, &
      &          2.2530,2.2540,2.2550,2.2559,2.2569,2.2579,2.2589,2.2599, &
      &          2.2609,2.2618,2.2628,2.2638,2.2648,2.2658,2.2668,2.2678, &
      &          2.2688,2.2698,2.2708,2.2718,2.2728,2.2738,2.2747,2.2757, &
      &          2.2767,2.2777,2.2787,2.2798,2.2808,2.2818,2.2828,2.2838, &
      &          2.2848,2.2858,2.2868,2.2878,2.2888,2.2898,2.2908,2.2918, &
      &          2.2929,2.2939,2.2949,2.2959,2.2969,2.2979,2.2990,2.3000, &
      &          2.3010,2.3020,2.3030,2.3041,2.3051,2.3061,2.3071,2.3082, &
      &          2.3092,2.3102,2.3113,2.3123,2.3133,2.3144,2.3154,2.3164, &
      &          2.3175,2.3185,2.3195,2.3206,2.3216,2.3226,2.3237,2.3247, &
      &          2.3258,2.3268,2.3279,2.3289,2.3300,2.3310,2.3321,2.3331, &
      &          2.3342,2.3352,2.3363,2.3373,2.3384,2.3394,2.3405,2.3415, &
      &          2.3426,2.3436,2.3447,2.3458,2.3468,2.3479,2.3490,2.3500, &
      &          2.3511,2.3522,2.3532,2.3543,2.3554,2.3564,2.3575,2.3586, &
      &          2.3597,2.3607,2.3618,2.3629,2.3640,2.3650,2.3661,2.3672, &
      &          2.3683,2.3694,2.3704,2.3715,2.3726,2.3737,2.3748,2.3759, &
      &          2.3770,2.3781,2.3791,2.3802,2.3813,2.3824,2.3835,2.3846, &
      &          2.3857,2.3868,2.3879,2.3890,2.3901,2.3912,2.3923,2.3934, &
      &          2.3945,2.3956,2.3967,2.3979,2.3990,2.4001,2.4012,2.4023, &
      &          2.4034,2.4045,2.4056,2.4068,2.4079,2.4090,2.4101,2.4112, &
      &          2.4124,2.4135,2.4146,2.4157,2.4169,2.4180,2.4191,2.4202, &
      &          2.4214,2.4225,2.4236,2.4248,2.4259,2.4270,2.4282,2.4293, &
      &          2.4305,2.4316,2.4327,2.4339,2.4350,2.4362,2.4373,2.4385, &
      &          2.4396,2.4408,2.4419,2.4431,2.4442,2.4454,2.4465,2.4477, &
      &          2.4488,2.4500,2.4511,2.4523,2.4535,2.4546,2.4558,2.4569, &
      &          2.4581,2.4593,2.4604,2.4616,2.4628,2.4640,2.4651,2.4663, &
      &          2.4675,2.4686,2.4698,2.4710,2.4722,2.4734,2.4745,2.4757, &
      &          2.4769,2.4781,2.4793,2.4805,2.4816,2.4828,2.4840,2.4852, &
      &          2.4864,2.4876,2.4888,2.4900,2.4912,2.4924,2.4936,2.4948, &
      &          2.4960,2.4972,2.4984,2.4996,2.5008,2.5020,2.5032,2.5044, &
      &          2.5056,2.5068,2.5081,2.5093,2.5105,2.5117,2.5129,2.5141, &
      &          2.5154,2.5166,2.5178,2.5190,2.5202,2.5215,2.5227,2.5239, &
      &          2.5252,2.5264,2.5276,2.5289,2.5301,2.5313,2.5326,2.5338, &
      &          2.5350,2.5363,2.5375,2.5388,2.5400,2.5413,2.5425,2.5437, &
      &          2.5450,2.5462,2.5475,2.5487,2.5500,2.5513,2.5525,2.5538, &
      &          2.5550,2.5563,2.5575,2.5588,2.5601,2.5613,2.5626,2.5639, &
      &          2.5651,2.5664,2.5677,2.5690,2.5702,2.5715,2.5728,2.5741, &
      &          2.5753,2.5766,2.5779,2.5792,2.5805,2.5817,2.5830,2.5843, &
      &          2.5856,2.5869,2.5882,2.5895,2.5908,2.5921,2.5934,2.5947, &
      &          2.5960,2.5973,2.5986,2.5999,2.6012,2.6025,2.6038,2.6051, &
      &          2.6064,2.6077,2.6090,2.6103,2.6117,2.6130,2.6143,2.6156, &
      &          2.6169,2.6183,2.6196,2.6209,2.6222,2.6236,2.6249,2.6262, &
      &          2.6275,2.6289,2.6302,2.6315,2.6329,2.6342,2.6356,2.6369, &
      &          2.6382,2.6396,2.6409,2.6423,2.6436,2.6450,2.6463,2.6477, &
      &          2.6490,2.6504,2.6517,2.6531,2.6545,2.6558,2.6572,2.6585, &
      &          2.6599,2.6613,2.6626,2.6640,2.6654,2.6667,2.6681,2.6695, &
      &          2.6709,2.6722,2.6736,2.6750,2.6764,2.6778,2.6791,2.6805, &
      &          2.6819,2.6833,2.6847,2.6861,2.6875,2.6889,2.6903,2.6917, &
      &          2.6931,2.6945,2.6959,2.6973,2.6987,2.7001,2.7015,2.7029, &
      &          2.7043,2.7057,2.7071,2.7085,2.7100,2.7114,2.7128,2.7142, &
      &          2.7156,2.7171,2.7185,2.7199,2.7213,2.7228,2.7242,2.7256, &
      &          2.7271,2.7285,2.7299,2.7314,2.7328,2.7343,2.7357,2.7371, &
      &          2.7386,2.7400,2.7415,2.7429,2.7444,2.7458,2.7473,2.7488, &
      &          2.7502,2.7517,2.7531,2.7546,2.7561,2.7575,2.7590,2.7605, &
      &          2.7619,2.7634,2.7649,2.7664,2.7678,2.7693,2.7708,2.7723, &
      &          2.7738,2.7752,2.7767,2.7782,2.7797,2.7812,2.7827,2.7842, &
      &          2.7857,2.7872,2.7887,2.7902,2.7917,2.7932,2.7947,2.7962, &
      &          2.7977,2.7992,2.8007,2.8022,2.8038,2.8053,2.8068,2.8083, &
      &          2.8098,2.8114,2.8129,2.8144,2.8159,2.8175,2.8190,2.8205, &
      &          2.8221,2.8236,2.8252,2.8267,2.8282,2.8298,2.8313,2.8329, &
      &          2.8344,2.8360,2.8375,2.8391,2.8406,2.8422,2.8437,2.8453, &
      &          2.8469,2.8484,2.8500,2.8516,2.8531,2.8547,2.8563,2.8579, &
      &          2.8594,2.8610,2.8626,2.8642,2.8658,2.8673,2.8689,2.8705, &
      &          2.8721,2.8737,2.8753,2.8769,2.8785,2.8801,2.8817,2.8833, &
      &          2.8849,2.8865,2.8881,2.8897,2.8913,2.8929,2.8946,2.8962, &
      &          2.8978,2.8994,2.9010,2.9027,2.9043,2.9059,2.9075,2.9092, &
      &          2.9108,2.9124,2.9141,2.9157,2.9174,2.9190,2.9207,2.9223, &
      &          2.9239,2.9256,2.9272,2.9289,2.9306,2.9322,2.9339,2.9355, &
      &          2.9372,2.9389,2.9405,2.9422,2.9439,2.9455,2.9472,2.9489, &
      &          2.9506,2.9523,2.9539,2.9556,2.9573,2.9590,2.9607,2.9624, &
      &          2.9641,2.9658,2.9675,2.9692,2.9709,2.9726,2.9743,2.9760, &
      &          2.9777,2.9794,2.9811,2.9828,2.9845,2.9863,2.9880,2.9897, &
      &          2.9914,2.9932,2.9949,2.9966,2.9984,3.0001,3.0018,3.0036, &
      &          3.0053,3.0070,3.0088,3.0105,3.0123,3.0140,3.0158,3.0176, &
      &          3.0193,3.0211,3.0228,3.0246,3.0264,3.0281,3.0299,3.0317, &
      &          3.0334,3.0352,3.0370,3.0388,3.0406,3.0423,3.0441,3.0459, &
      &          3.0477,3.0495,3.0513,3.0531,3.0549,3.0567,3.0585,3.0603, &
      &          3.0621,3.0639,3.0657,3.0675,3.0694,3.0712,3.0730,3.0748, &
      &          3.0766,3.0785,3.0803,3.0821,3.0840,3.0858,3.0876,3.0895, &
      &          3.0913,3.0932,3.0950,3.0969,3.0987,3.1006,3.1024,3.1043, &
      &          3.1061,3.1080,3.1099,3.1117,3.1136,3.1155,3.1174,3.1192, &
      &          3.1211,3.1230,3.1249,3.1268,3.1286,3.1305,3.1324,3.1343, &
      &          3.1362,3.1381,3.1400,3.1419,3.1438,3.1457,3.1476,3.1495, &
      &          3.1515,3.1534,3.1553,3.1572,3.1591,3.1611,3.1630,3.1649, &
      &          3.1669,3.1688,3.1707,3.1727,3.1746,3.1766,3.1785,3.1805, &
      &          3.1824,3.1844,3.1863,3.1883,3.1902,3.1922,3.1942,3.1961, &
      &          3.1981,3.2001,3.2021,3.2040,3.2060,3.2080,3.2100,3.2120, &
      &          3.2140,3.2160,3.2180,3.2200,3.2220,3.2240,3.2260,3.2280, &
      &          3.2300,3.2320,3.2340,3.2361,3.2381,3.2401,3.2421,3.2442, &
      &          3.2462,3.2482,3.2503,3.2523,3.2543,3.2564,3.2584,3.2605, &
      &          3.2625,3.2646,3.2666,3.2687,3.2708,3.2728,3.2749,3.2770, &
      &          3.2790,3.2811,3.2832,3.2853,3.2874,3.2894,3.2915,3.2936, &
      &          3.2957,3.2978,3.2999,3.3020,3.3041,3.3062,3.3083,3.3104, &
      &          3.3126,3.3147,3.3168,3.3189,3.3210,3.3232,3.3253,3.3274, &
      &          3.3296,3.3317,3.3339,3.3360,3.3382,3.3403,3.3425,3.3446, &
      &          3.3468,3.3489,3.3511,3.3533,3.3554,3.3576,3.3598,3.3620, &
      &          3.3641,3.3663,3.3685,3.3707,3.3729,3.3751,3.3773,3.3795, &
      &          3.3817,3.3839,3.3861,3.3883,3.3906,3.3928,3.3950,3.3972, &
      &          3.3994,3.4017,3.4039,3.4061,3.4084,3.4106,3.4129,3.4151, &
      &          3.4174,3.4196,3.4219,3.4241,3.4264,3.4287,3.4309,3.4332, &
      &          3.4355,3.4378,3.4400,3.4423,3.4446,3.4469,3.4492,3.4515, &
      &          3.4538,3.4561,3.4584,3.4607,3.4630,3.4653,3.4677,3.4700, &
      &          3.4723,3.4746,3.4770,3.4793,3.4816,3.4840,3.4863,3.4887, &
      &          3.4910,3.4934,3.4957,3.4981,3.5004,3.5028,3.5052,3.5075, &
      &          3.5099,3.5123,3.5147,3.5171,3.5195,3.5218,3.5242,3.5266, &
      &          3.5290,3.5314,3.5338,3.5363,3.5387,3.5411,3.5435,3.5459, &
      &          3.5484,3.5508,3.5532,3.5557,3.5581,3.5605,3.5630,3.5654, &
      &          3.5679,3.5704,3.5728,3.5753,3.5777,3.5802,3.5827,3.5852, &
      &          3.5876,3.5901,3.5926,3.5951,3.5976,3.6001,3.6026,3.6051, &
      &          3.6076,3.6101,3.6127,3.6152,3.6177,3.6202,3.6227,3.6253, &
      &          3.6278,3.6304,3.6329,3.6355,3.6380,3.6406,3.6431,3.6457, &
      &          3.6482,3.6508,3.6534,3.6560,3.6585,3.6611,3.6637,3.6663, &
      &          3.6689,3.6715,3.6741,3.6767,3.6793,3.6819,3.6845,3.6872, &
      &          3.6898,3.6924,3.6950,3.6977,3.7003,3.7030,3.7056,3.7083, &
      &          3.7109,3.7136,3.7162,3.7189,3.7216,3.7242,3.7269,3.7296, &
      &          3.7323,3.7350,3.7377,3.7404,3.7431,3.7458,3.7485,3.7512, &
      &          3.7539,3.7566,3.7594,3.7621,3.7648,3.7676,3.7703,3.7730, &
      &          3.7758,3.7785,3.7813,3.7841,3.7868,3.7896,3.7924,3.7951, &
      &          3.7979,3.8007,3.8035,3.8063,3.8091,3.8119,3.8147,3.8175, &
      &          3.8203,3.8231,3.8259,3.8288,3.8316,3.8344,3.8373,3.8401, &
      &          3.8430,3.8458,3.8487,3.8515,3.8544,3.8573,3.8601,3.8630, &
      &          3.8659,3.8688,3.8717,3.8746,3.8775,3.8804,3.8833,3.8862, &
      &          3.8891,3.8920,3.8949,3.8979,3.9008,3.9037,3.9067,3.9096, &
      &          3.9126,3.9155,3.9185,3.9214,3.9244,3.9274,3.9304,3.9333, &
      &          3.9363,3.9393,3.9423,3.9453,3.9483,3.9513,3.9544,3.9574, &
      &          3.9604,3.9634,3.9665,3.9695,3.9725,3.9756,3.9786,3.9817, &
      &          3.9847,3.9878,3.9909,3.9940,3.9970,4.0001,4.0032,4.0063, &
      &          4.0094,4.0125,4.0156,4.0187,4.0218,4.0250,4.0281,4.0312, &
      &          4.0344,4.0375,4.0406,4.0438,4.0470,4.0501,4.0533,4.0565, &
      &          4.0596,4.0628,4.0660,4.0692,4.0724,4.0756,4.0788,4.0820, &
      &          4.0852,4.0884,4.0917,4.0949,4.0981,4.1014,4.1046,4.1079, &
      &          4.1111,4.1144,4.1177,4.1209,4.1242,4.1275,4.1308,4.1341, &
      &          4.1374,4.1407,4.1440,4.1473,4.1506,4.1540,4.1573,4.1606, &
      &          4.1640,4.1673,4.1707,4.1740,4.1774,4.1808,4.1841,4.1875, &
      &          4.1909,4.1943,4.1977,4.2011,4.2045,4.2079,4.2113,4.2148, &
      &          4.2182,4.2216,4.2251,4.2285,4.2320,4.2354,4.2389,4.2424, &
      &          4.2458,4.2493,4.2528,4.2563,4.2598,4.2633,4.2668,4.2703, &
      &          4.2738,4.2774,4.2809,4.2844,4.2880,4.2915,4.2951,4.2986, &
      &          4.3022,4.3058,4.3094,4.3129,4.3165,4.3201,4.3237,4.3273, &
      &          4.3310,4.3346,4.3382,4.3418,4.3455,4.3491,4.3528,4.3564, &
      &          4.3601,4.3638,4.3674,4.3711,4.3748,4.3785,4.3822,4.3859, &
      &          4.3896,4.3934,4.3971,4.4008,4.4045,4.4083,4.4120,4.4158, &
      &          4.4196,4.4233,4.4271,4.4309,4.4347,4.4385,4.4423,4.4461, &
      &          4.4499,4.4537,4.4576,4.4614,4.4652,4.4691,4.4730,4.4768, &
      &          4.4807,4.4846,4.4884,4.4923,4.4962,4.5001,4.5040,4.5080, &
      &          4.5119,4.5158,4.5197,4.5237,4.5276,4.5316,4.5356,4.5395, &
      &          4.5435,4.5475,4.5515,4.5555,4.5595,4.5635,4.5675,4.5716, &
      &          4.5756,4.5796,4.5837,4.5877,4.5918,4.5959,4.6000,4.6040, &
      &          4.6081,4.6122,4.6163,4.6205,4.6246,4.6287,4.6328,4.6370, &
      &          4.6411,4.6453,4.6495,4.6536,4.6578,4.6620,4.6662,4.6704, &
      &          4.6746,4.6788,4.6831,4.6873,4.6915,4.6958,4.7000,4.7043, &
      &          4.7086,4.7129,4.7172,4.7215,4.7258,4.7301,4.7344,4.7387, &
      &          4.7431,4.7474,4.7517,4.7561,4.7605,4.7648,4.7692,4.7736, &
      &          4.7780,4.7824,4.7868,4.7913,4.7957,4.8001,4.8046,4.8090, &
      &          4.8135,4.8180,4.8225,4.8270,4.8315,4.8360,4.8405,4.8450, &
      &          4.8495,4.8541,4.8586,4.8632,4.8678,4.8723,4.8769,4.8815, &
      &          4.8861,4.8907,4.8953,4.9000,4.9046,4.9092,4.9139,4.9186, &
      &          4.9232,4.9279,4.9326,4.9373,4.9420,4.9467,4.9514,4.9562, &
      &          4.9609,4.9657,4.9704,4.9752,4.9800,4.9848,4.9896,4.9944, &
      &          4.9992,5.0040,5.0088,5.0137,5.0185,5.0234,5.0283,5.0332, &
      &          5.0380,5.0430,5.0479,5.0528,5.0577,5.0627,5.0676,5.0726, &
      &          5.0775,5.0825,5.0875,5.0925,5.0975,5.1025,5.1075,5.1126, &
      &          5.1176,5.1227,5.1277,5.1328,5.1379,5.1430,5.1481,5.1532, &
      &          5.1584,5.1635,5.1686,5.1738,5.1790,5.1842,5.1893,5.1945, &
      &          5.1998,5.2050,5.2102,5.2154,5.2207,5.2260,5.2312,5.2365, &
      &          5.2418,5.2471,5.2524,5.2578,5.2631,5.2684,5.2738,5.2792, &
      &          5.2846,5.2900,5.2954,5.3008,5.3062,5.3116,5.3171,5.3225, &
      &          5.3280,5.3335,5.3390,5.3445,5.3500,5.3555,5.3611,5.3666, &
      &          5.3722,5.3778,5.3833,5.3889,5.3945,5.4002,5.4058,5.4114, &
      &          5.4171,5.4228,5.4284,5.4341,5.4398,5.4455,5.4513,5.4570, &
      &          5.4628,5.4685,5.4743,5.4801,5.4859,5.4917,5.4975,5.5033, &
      &          5.5092,5.5151,5.5209,5.5268,5.5327,5.5386,5.5445,5.5505, &
      &          5.5564,5.5624,5.5684,5.5744,5.5804,5.5864,5.5924,5.5984, &
      &          5.6045,5.6106,5.6166,5.6227,5.6288,5.6349,5.6411,5.6472, &
      &          5.6534,5.6596,5.6657,5.6719,5.6782,5.6844,5.6906,5.6969, &
      &          5.7031,5.7094,5.7157,5.7220,5.7283,5.7347,5.7410,5.7474, &
      &          5.7538,5.7602,5.7666,5.7730,5.7794,5.7859,5.7923,5.7988, &
      &          5.8053,5.8118,5.8184,5.8249,5.8314,5.8380,5.8446,5.8512, &
      &          5.8578,5.8644,5.8711,5.8777,5.8844,5.8911,5.8978,5.9045, &
      &          5.9112,5.9180,5.9247,5.9315,5.9383,5.9451,5.9520,5.9588, &
      &          5.9657,5.9725,5.9794,5.9863,5.9932,6.0002,6.0071,6.0141, &
      &          6.0211,6.0281,6.0351,6.0421,6.0492,6.0563,6.0633,6.0704, &
      &          6.0776,6.0847,6.0918,6.0990,6.1062,6.1134,6.1206,6.1278, &
      &          6.1351,6.1424,6.1496,6.1570,6.1643,6.1716,6.1790,6.1863, &
      &          6.1937,6.2011,6.2086,6.2160,6.2235,6.2310,6.2385,6.2460, &
      &          6.2535,6.2611,6.2686,6.2762,6.2838,6.2914,6.2991,6.3068, &
      &          6.3144,6.3221,6.3299,6.3376,6.3454,6.3531,6.3609,6.3687, &
      &          6.3766,6.3844,6.3923,6.4002,6.4081,6.4160,6.4240,6.4320, &
      &          6.4399,6.4480,6.4560,6.4640,6.4721,6.4802,6.4883,6.4964, &
      &          6.5046,6.5128,6.5209,6.5292,6.5374,6.5456,6.5539,6.5622, &
      &          6.5705,6.5789,6.5872,6.5956,6.6040,6.6124,6.6209,6.6294, &
      &          6.6378,6.6464,6.6549,6.6634,6.6720,6.6806,6.6892,6.6979, &
      &          6.7065,6.7152,6.7239,6.7327,6.7414,6.7502,6.7590,6.7678, &
      &          6.7767,6.7855,6.7944,6.8034,6.8123,6.8213,6.8302,6.8393, &
      &          6.8483,6.8573,6.8664,6.8755,6.8847,6.8938,6.9030,6.9122, &
      &          6.9214,6.9307,6.9400,6.9493,6.9586,6.9679,6.9773,6.9867, &
      &          6.9962,7.0056,7.0151,7.0246,7.0341,7.0437,7.0533,7.0629, &
      &          7.0725,7.0822,7.0919,7.1016,7.1113,7.1211,7.1309,7.1407, &
      &          7.1506,7.1604,7.1703,7.1803,7.1902,7.2002,7.2102,7.2203, &
      &          7.2303,7.2404,7.2506,7.2607,7.2709,7.2811,7.2914,7.3016, &
      &          7.3119,7.3223,7.3326,7.3430,7.3534,7.3639,7.3743,7.3848, &
      &          7.3954,7.4059,7.4165,7.4272,7.4378,7.4485,7.4592,7.4700, &
      &          7.4807,7.4916,7.5024,7.5133,7.5242,7.5351,7.5461,7.5571, &
      &          7.5681,7.5792,7.5903,7.6014,7.6126,7.6238,7.6350,7.6462, &
      &          7.6575,7.6689,7.6802,7.6916,7.7031,7.7145,7.7260,7.7375, &
      &          7.7491,7.7607,7.7723,7.7840,7.7957,7.8075,7.8192,7.8310, &
      &          7.8429,7.8548,7.8667,7.8786,7.8906,7.9027,7.9147,7.9268, &
      &          7.9390,7.9512,7.9634,7.9756,7.9879,8.0002,8.0126,8.0250, &
      &          8.0374,8.0499,8.0624,8.0750,8.0876,8.1002,8.1129,8.1256, &
      &          8.1384,8.1512,8.1640,8.1769,8.1898,8.2028,8.2158,8.2288, &
      &          8.2419,8.2550,8.2682,8.2814,8.2946,8.3079,8.3213,8.3347, &
      &          8.3481,8.3615,8.3750,8.3886,8.4022,8.4158,8.4295,8.4432, &
      &          8.4570,8.4708,8.4847,8.4986,8.5126,8.5266,8.5406,8.5547, &
      &          8.5688,8.5830,8.5973,8.6116,8.6259,8.6403,8.6547,8.6692, &
      &          8.6837,8.6982,8.7129,8.7275,8.7422,8.7570,8.7718,8.7867, &
      &          8.8016,8.8166,8.8316,8.8467,8.8618,8.8770,8.8922,8.9075, &
      &          8.9228,8.9382,8.9536,8.9691,8.9847,9.0003,9.0159,9.0316, &
      &          9.0474,9.0632,9.0791,9.0950,9.1110,9.1270,9.1431,9.1593, &
      &          9.1755,9.1918,9.2081,9.2245,9.2409,9.2574,9.2740,9.2906, &
      &          9.3073,9.3240,9.3408,9.3577,9.3746,9.3916,9.4086,9.4257, &
      &          9.4429,9.4601,9.4774,9.4948,9.5122,9.5297,9.5472,9.5649, &
      &          9.5825,9.6003,9.6181,9.6360,9.6539,9.6719,9.6900,9.7082, &
      &          9.7264,9.7447,9.7630,9.7814,9.7999,9.8185,9.8371,9.8558, &
      &          9.8746,9.8934,9.9123,9.9313,9.9504,9.9695,9.9887,10.0080, &
      &          10.0270,10.0470,10.0660,10.0860,10.1060,10.1250,10.1450,10.1650, &
      &          10.1850,10.2050,10.2250,10.2450,10.2660,10.2860,10.3060,10.3270, &
      &          10.3480,10.3680,10.3890,10.4100,10.4310,10.4520,10.4730,10.4940, &
      &          10.5160,10.5370,10.5580,10.5800,10.6020,10.6230,10.6450,10.6670, &
      &          10.6890,10.7110,10.7330,10.7550,10.7780,10.8000,10.8230,10.8460, &
      &          10.8680,10.8910,10.9140,10.9370,10.9600,10.9830,11.0070,11.0300, &
      &          11.0540,11.0770,11.1010,11.1250,11.1490,11.1730,11.1970,11.2210, &
      &          11.2450,11.2700,11.2940,11.3190,11.3440,11.3690,11.3940,11.4190, &
      &          11.4440,11.4690,11.4950,11.5200,11.5460,11.5720,11.5980,11.6240, &
      &          11.6500,11.6760,11.7020,11.7290,11.7550,11.7820,11.8090,11.8360, &
      &          11.8630,11.8900,11.9180,11.9450,11.9730,12.0000,12.0280,12.0560, &
      &          12.0840,12.1130,12.1410,12.1690,12.1980,12.2270,12.2560,12.2850, &
      &          12.3140,12.3430,12.3730,12.4020,12.4320,12.4620,12.4920,12.5220, &
      &          12.5520,12.5830,12.6140,12.6440,12.6750,12.7060,12.7370,12.7690, &
      &          12.8000,12.8320,12.8640,12.8960,12.9280,12.9600,12.9930,13.0260, &
      &          13.0580,13.0910,13.1240,13.1580,13.1910,13.2250,13.2590,13.2930, &
      &          13.3270,13.3610,13.3960,13.4300,13.4650,13.5000,13.5360,13.5710, &
      &          13.6070,13.6430,13.6790,13.7150,13.7510,13.7880,13.8240,13.8610, &
      &          13.899,13.936,13.973,14.011 /)


       real :: andesitefine(2844) = (/17.473,17.611,17.686,17.656,17.671,17.626,17.86,17.815, &
      &          17.8570,17.8570,17.8570,17.9290,18.0060,18.0210,17.9600,18.0920, &
      &          18.1650,18.2760,18.3960,18.0870,18.2720,18.1370,18.2420,18.1960, &
      &          18.2470,18.7610,18.5870,18.6540,18.5540,18.7610,18.6250,18.7120, &
      &          18.8990,18.5260,18.5590,18.8160,18.6460,18.5440,18.7650,18.9150, &
      &          19.0340,18.9500,18.9050,18.7660,18.8510,18.8840,18.8320,18.9830, &
      &          19.0660,18.9950,19.3870,19.0310,18.9300,18.9600,19.1420,19.0600, &
      &          19.0420,19.0240,19.0990,19.0740,18.8980,19.0740,18.9770,19.1290, &
      &          18.9700,19.0660,19.0480,19.2430,19.2840,19.2250,19.1270,19.1270, &
      &          19.1270,19.0650,19.2410,19.2230,19.3180,19.4160,19.3360,19.4560, &
      &          19.2800,19.4560,19.5350,19.5310,19.4560,19.3580,19.4330,19.5510, &
      &          19.5700,19.4560,19.7660,19.8040,19.8040,19.6490,19.4190,19.6300, &
      &          19.7260,19.7640,19.7450,19.9210,19.8220,19.7070,19.6280,19.8420, &
      &          19.6640,19.8390,19.8220,19.7640,19.8040,19.9170,19.9750,20.1300, &
      &          20.2500,19.8390,19.8000,19.9960,19.9560,20.0150,20.1100,20.1100, &
      &          20.2260,20.2290,19.9360,20.0910,20.1900,20.1340,20.2300,20.2300, &
      &          20.3300,20.4470,20.3300,20.3100,20.2500,20.4070,20.4070,20.5810, &
      &          20.4790,20.4590,20.5810,20.5220,20.3640,20.5400,20.4810,20.4790, &
      &          20.4790,20.4950,20.4180,20.5930,20.6200,20.3030,20.4150,20.2020, &
      &          20.4510,20.5310,20.6800,21.1550,21.0590,21.1210,21.0490,21.2370, &
      &          21.1930,21.1070,21.0850,21.0640,21.0990,21.3640,21.4650,21.3780, &
      &          21.3480,21.6120,21.6120,21.6340,21.7340,21.7440,21.8220,21.7870, &
      &          21.7870,21.7200,21.5970,21.4170,21.3950,21.4830,21.5280,21.6390, &
      &          21.7980,21.5830,21.6500,21.7980,21.7980,21.8210,21.7980,21.9000, &
      &          21.9000,21.7310,21.8550,21.8320,21.7870,21.7870,21.8440,21.7990, &
      &          21.8780,21.7660,21.7660,21.8670,21.7440,21.8000,22.0010,21.9780, &
      &          21.8000,21.8670,21.9780,21.9560,21.7120,21.7120,21.9560,22.0340, &
      &          22.0780,22.0010,22.0450,21.8780,21.9560,22.0560,22.0780,22.0560, &
      &          22.0340,22.0780,22.0780,21.9340,21.9670,21.9340,22.0440,22.0990, &
      &          22.1440,22.1210,21.9230,21.9450,22.0660,21.9230,22.1110,22.1330, &
      &          22.0660,22.0660,21.9560,22.0220,21.9450,21.9450,22.0440,22.0220, &
      &          21.9230,21.9670,22.2330,22.1780,22.0120,21.8580,21.9230,21.9230, &
      &          21.8580,22.2210,22.0230,22.0230,22.2660,22.5640,22.3650,22.4100, &
      &          22.3650,22.2080,22.0550,22.1990,22.1550,22.2980,22.1990,22.0230, &
      &          22.3200,22.4100,22.4100,22.3210,22.3980,22.4520,22.2620,22.3610, &
      &          22.3070,22.0570,22.2080,22.2330,22.2330,22.3210,22.4200,22.3540, &
      &          22.4420,22.3530,22.3530,22.2540,22.1230,22.2440,22.3440,22.2440, &
      &          22.2210,22.1880,22.2220,22.0150,22.1160,22.3320,22.4530,22.4350, &
      &          22.2300,22.2730,22.1120,22.3010,22.0980,22.0230,22.1290,22.3690, &
      &          22.1650,21.9470,21.9050,22.0900,22.0050,21.9050,22.1180,22.3890, &
      &          22.2610,22.3260,22.3260,22.5620,22.3040,22.1400,22.5620,22.6560, &
      &          22.3040,21.9800,22.1650,22.1010,21.8960,21.8960,22.0230,22.1190, &
      &          22.5620,22.1400,22.2050,22.2830,22.3330,22.4750,22.3220,22.5930, &
      &          22.3110,22.0980,22.0130,22.1630,22.1840,22.4100,22.2940,22.2690, &
      &          22.4080,22.2690,21.9010,22.0130,22.2260,22.1190,22.4750,22.2260, &
      &          22.2050,22.2050,22.3220,22.3650,22.3890,22.1840,22.2690,22.0340, &
      &          22.2900,22.2690,22.2260,22.1410,22.1630,22.0710,22.1460,22.1920, &
      &          22.1710,22.1670,21.8090,22.1340,21.9840,22.2720,22.1170,22.3050, &
      &          22.1990,22.2410,22.3090,22.1000,22.1920,22.1500,22.1000,22.1420, &
      &          22.2050,22.0960,22.1500,22.0540,22.0590,21.8810,21.9590,21.9590, &
      &          22.2110,22.2300,22.2140,22.1620,22.0570,22.0390,21.9690,21.9150, &
      &          21.8980,21.7910,21.7560,21.7200,21.6660,21.6480,21.5590,21.5760, &
      &          21.3830,21.3490,21.3490,21.1550,21.0660,20.9100,20.9260,20.7880, &
      &          20.7000,20.4740,20.4130,20.5560,20.3090,20.2200,20.1320,20.1320, &
      &          20.1010,20.0760,19.9470,19.9150,19.7960,19.7960,19.7960,19.8120, &
      &          19.6610,19.7070,19.6030,19.6450,19.7960,19.7330,19.7180,19.7440, &
      &          19.8580,19.7340,19.7340,19.9000,19.8060,19.9670,20.0870,20.0720, &
      &          20.2720,20.2970,20.2490,20.1850,20.2100,20.2890,20.3210,20.6030, &
      &          20.6420,20.7310,20.8750,21.0790,21.0450,20.9900,21.1840,21.2630, &
      &          21.2290,21.3520,21.4230,21.3860,21.3520,21.3350,21.4850,21.6790, &
      &          21.7320,21.6970,21.9260,21.9970,22.0140,21.9080,21.7860,21.8470, &
      &          21.8470,21.9000,21.9190,21.8840,22.0070,22.1620,21.9680,21.7440, &
      &          21.9160,21.9510,21.9860,21.9930,22.0470,22.0650,22.0120,21.9230, &
      &          22.1220,22.0670,22.0930,22.0390,21.9770,22.0140,22.0940,21.9320, &
      &          21.8070,21.8250,21.9570,21.9390,21.9570,22.0840,21.9950,21.9050, &
      &          21.9760,21.9040,21.9030,21.9380,21.8840,21.8670,21.8490,21.7430, &
      &          21.7780,21.9150,21.8430,21.9110,21.9630,21.9810,22.0160,22.1370, &
      &          22.1280,22.1820,22.1180,22.2160,22.1270,22.1950,22.1000,22.1810, &
      &          22.1540,22.0300,21.9570,21.9200,21.8650,22.0990,22.1540,21.8650, &
      &          22.1360,22.0990,22.0410,22.0930,22.1110,22.1290,22.1750,22.1750, &
      &          22.2080,22.1530,22.1680,22.1490,22.0400,21.8980,21.9340,21.8640, &
      &          21.9600,21.9600,21.8820,21.9410,21.9230,21.8720,21.7140,22.1100, &
      &          22.0510,22.0660,22.1530,22.2090,22.3150,22.2460,22.2460,22.1720, &
      &          22.1720,22.2270,22.2460,22.2460,22.1720,22.2010,22.2760,22.1390, &
      &          22.2390,22.1510,22.1180,22.1140,22.0630,22.1370,22.3180,22.2480, &
      &          22.3940,22.3940,22.2430,22.2060,22.1550,22.0150,22.0940,22.1920, &
      &          22.1370,22.1400,22.1550,22.2110,22.1920,22.1920,22.1000,22.0190, &
      &          22.0380,22.0560,22.0560,22.2140,22.1770,22.1960,22.2330,22.0190, &
      &          22.0380,22.2140,22.2330,22.0150,22.1500,22.1170,22.1540,22.1540, &
      &          22.0650,22.0650,22.0470,22.0610,22.0240,21.9020,21.8840,21.6880, &
      &          21.7060,21.6880,21.6150,21.7920,21.7730,21.5240,21.6150,21.5970, &
      &          21.8280,21.9070,21.7730,21.7730,21.8250,21.9020,21.7920,21.8470, &
      &          21.9020,21.9760,21.7800,21.8720,21.7830,21.7280,21.6990,21.6100, &
      &          21.4340,21.4760,21.5790,21.5150,21.6220,21.6500,21.6100,21.4950, &
      &          21.7890,21.5400,21.5630,21.6060,21.5390,21.5350,21.4990,21.2220, &
      &          21.2280,21.3570,21.4330,21.4500,21.7000,21.5960,21.7570,21.6630, &
      &          21.6970,21.6220,21.5660,21.4760,21.4940,21.4410,21.4670,21.3300, &
      &          21.3490,21.2970,21.3340,21.5150,21.5150,21.4780,21.5530,21.1960, &
      &          21.2800,21.2800,21.3910,21.7040,21.6660,21.7040,21.7800,21.5770, &
      &          21.6150,21.9150,21.8070,21.5250,21.5250,21.6180,21.6560,21.5990, &
      &          21.5990,21.6740,21.5950,21.5420,21.5270,21.5520,21.5550,21.4940, &
      &          21.5460,21.5860,21.5560,21.5410,21.5440,21.5270,21.5700,21.5870, &
      &          21.5700,21.5940,21.5560,21.5260,21.4590,21.4460,21.5170,21.5000, &
      &          21.4810,21.4570,21.4770,21.4940,21.4380,21.4960,21.6050,21.5670, &
      &          21.5210,21.4570,21.3900,21.3790,21.4140,21.4430,21.4800,21.3780, &
      &          21.3560,21.4430,21.4130,21.3520,21.3640,21.3320,21.3210,21.3710, &
      &          21.3850,21.3730,21.3810,21.3980,21.3980,21.3890,21.4230,21.3640, &
      &          21.3010,21.3110,21.3860,21.4510,21.4020,21.3270,21.4020,21.4030, &
      &          21.2970,21.3020,21.2840,21.3140,21.3970,21.3120,21.2300,21.2720, &
      &          21.3230,21.2790,21.2290,21.2230,21.3020,21.2640,21.2680,21.2870, &
      &          21.2980,21.2720,21.2510,21.2490,21.3140,21.2920,21.2700,21.2530, &
      &          21.2120,21.1960,21.2210,21.2300,21.2230,21.2740,21.2040,21.1190, &
      &          21.1560,21.2220,21.2160,21.1640,21.1490,21.2290,21.3090,21.2470, &
      &          21.2190,21.1800,21.0830,21.0680,21.1550,21.2060,21.1900,21.1690, &
      &          21.1610,21.2170,21.1860,21.0860,21.1550,21.2130,21.1090,21.0700, &
      &          21.1430,21.1140,21.0490,21.0490,21.0790,21.0290,21.0440,21.0820, &
      &          21.0940,21.1680,21.1800,21.1170,21.0750,21.0850,21.0870,20.9830, &
      &          20.9410,21.0000,21.0500,21.0810,21.0320,21.0000,21.0530,21.0050, &
      &          20.9650,21.0220,21.0340,21.0410,21.0690,21.0050,20.9630,20.9850, &
      &          20.9260,20.9150,21.0030,21.0640,21.0400,20.9980,21.0170,21.0040, &
      &          20.9930,20.9210,20.9170,20.9410,20.9340,20.9350,20.9070,20.9230, &
      &          20.9170,20.9550,20.9370,20.9630,20.9760,20.9360,20.9030,20.9000, &
      &          20.9430,20.9240,20.8970,20.9390,21.0080,20.9390,20.9240,20.9410, &
      &          20.9430,20.9620,20.9850,20.9610,20.9200,20.8810,20.8910,20.8960, &
      &          20.9200,20.8530,20.8520,20.9560,21.0070,20.9490,20.9060,20.9400, &
      &          20.9180,20.9090,20.8800,20.8510,20.9150,20.9410,20.9180,20.9230, &
      &          20.9510,20.9370,20.9170,20.9670,20.9610,20.9810,21.0080,20.9460, &
      &          20.9040,20.9730,20.9600,20.8860,20.9250,20.9840,20.9810,20.9430, &
      &          20.9300,20.8960,20.8990,20.9220,20.9400,20.9070,20.8590,20.9310, &
      &          20.9720,20.9210,20.9040,20.9320,20.9090,20.8330,20.8860,20.9440, &
      &          20.9340,20.9340,20.9320,20.9440,20.9290,20.9410,20.9680,20.9260, &
      &          20.9000,20.9350,21.0030,21.0130,21.0050,20.9440,20.9180,20.9340, &
      &          20.9540,20.9520,20.9400,20.9510,20.9490,20.9800,20.9940,20.9740, &
      &          20.8760,20.8500,20.8930,20.9030,20.9590,20.9300,20.9190,20.9940, &
      &          21.0850,21.0180,20.9970,20.9820,20.9620,20.9660,20.9130,20.8750, &
      &          20.9330,20.9720,20.9660,20.9330,20.9350,20.9210,20.9180,20.8940, &
      &          20.9100,21.0610,21.0800,21.0380,21.0060,20.9790,20.9630,20.9060, &
      &          21.0070,21.0760,21.0280,20.9820,21.0140,20.9980,20.9240,20.9870, &
      &          21.0200,20.9790,20.9910,20.9730,21.0000,21.0460,21.0820,21.0250, &
      &          21.0100,21.0330,21.0610,21.1000,21.0970,21.1030,21.1000,21.1180, &
      &          21.1130,21.0360,21.0370,21.0480,20.9950,20.9850,21.0580,21.0200, &
      &          21.0030,21.0070,21.0550,21.1290,21.0960,21.1180,21.1220,21.0460, &
      &          21.0370,21.0600,21.1090,21.1220,21.0250,21.0430,21.1220,21.1480, &
      &          21.1400,21.0450,21.0650,21.1410,21.1280,21.1410,21.1290,21.0630, &
      &          21.1020,21.1480,21.1430,21.0940,21.0600,21.0690,21.1510,21.2110, &
      &          21.1980,21.1390,21.1240,21.1920,21.2280,21.1600,21.1160,21.1280, &
      &          21.2140,21.2360,21.2530,21.2610,21.1790,21.1490,21.1940,21.2250, &
      &          21.2460,21.2240,21.2410,21.2950,21.3200,21.2810,21.2450,21.2430, &
      &          21.2620,21.2740,21.2490,21.2800,21.3110,21.3370,21.3470,21.2990, &
      &          21.2880,21.3230,21.3450,21.3060,21.2970,21.3740,21.3600,21.2790, &
      &          21.3110,21.4040,21.4190,21.3640,21.3510,21.3690,21.3450,21.3130, &
      &          21.3750,21.3730,21.3610,21.3650,21.3740,21.3720,21.3640,21.3820, &
      &          21.3820,21.3990,21.3820,21.3060,21.3310,21.3990,21.4520,21.4470, &
      &          21.3840,21.3880,21.4240,21.4560,21.4390,21.4270,21.4070,21.3790, &
      &          21.4220,21.4360,21.4320,21.4990,21.4550,21.4420,21.3970,21.4110, &
      &          21.4410,21.4590,21.5210,21.5930,21.5350,21.4840,21.4930,21.5780, &
      &          21.5700,21.4680,21.4520,21.4430,21.4290,21.4940,21.5840,21.5750, &
      &          21.5660,21.5640,21.5260,21.5000,21.5290,21.6060,21.5930,21.5520, &
      &          21.5580,21.6030,21.6160,21.5770,21.5610,21.6310,21.6080,21.5460, &
      &          21.5580,21.6170,21.5920,21.5310,21.5860,21.6420,21.5770,21.6320, &
      &          21.6800,21.5920,21.5530,21.6030,21.6260,21.5990,21.5960,21.6090, &
      &          21.6590,21.6420,21.6200,21.6090,21.6110,21.6360,21.5940,21.5860, &
      &          21.6460,21.7190,21.7000,21.6970,21.6920,21.6730,21.7080,21.6970, &
      &          21.6970,21.7130,21.6910,21.7070,21.7220,21.7330,21.7300,21.7320, &
      &          21.7480,21.7630,21.7810,21.7580,21.7160,21.7600,21.8270,21.7700, &
      &          21.7490,21.8030,21.7700,21.7720,21.8490,21.8710,21.8340,21.7970, &
      &          21.7990,21.8040,21.7740,21.7740,21.7810,21.8200,21.8620,21.8190, &
      &          21.7760,21.8050,21.8080,21.8180,21.8160,21.7960,21.8010,21.7990, &
      &          21.8370,21.8410,21.8430,21.7620,21.7290,21.7640,21.7370,21.6920, &
      &          21.7010,21.7010,21.7290,21.7530,21.7140,21.6280,21.6270,21.6780, &
      &          21.7540,21.8030,21.7360,21.6380,21.6540,21.6770,21.6340,21.6110, &
      &          21.6610,21.6800,21.6470,21.6120,21.6010,21.5840,21.5320,21.5250, &
      &          21.4720,21.4300,21.4440,21.4140,21.3270,21.2900,21.2150,21.1180, &
      &          21.1050,21.0710,21.0190,20.9040,20.7990,20.7550,20.7230,20.6950, &
      &          20.6440,20.5940,20.5300,20.4770,20.4670,20.3990,20.3200,20.3180, &
      &          20.2840,20.1970,20.1390,20.1020,20.0770,20.1150,20.1070,20.0990, &
      &          20.0310,20.0070,19.9710,19.9050,19.8810,19.9300,19.9430,19.8820, &
      &          19.8720,19.8950,19.8960,19.8510,19.8360,19.8280,19.7730,19.7760, &
      &          19.8150,19.8160,19.7680,19.7400,19.7680,19.7220,19.6820,19.7070, &
      &          19.7510,19.7220,19.6520,19.6350,19.6240,19.6540,19.6970,19.6820, &
      &          19.6800,19.6880,19.6800,19.6910,19.6880,19.6810,19.6430,19.6610, &
      &          19.7100,19.6720,19.6620,19.6540,19.6400,19.6510,19.6570,19.6730, &
      &          19.7430,19.7280,19.6830,19.6740,19.7040,19.6800,19.6680,19.7250, &
      &          19.7690,19.7500,19.6920,19.6850,19.7100,19.6930,19.6920,19.7240, &
      &          19.6540,19.6390,19.7140,19.7540,19.7220,19.6920,19.6880,19.6870, &
      &          19.7040,19.7360,19.7140,19.7210,19.7220,19.6940,19.7000,19.7070, &
      &          19.6930,19.7040,19.7650,19.7910,19.7810,19.7010,19.6640,19.7430, &
      &          19.7660,19.7610,19.7930,19.7740,19.7810,19.8310,19.7500,19.7210, &
      &          19.7470,19.7520,19.7480,19.7270,19.7330,19.7700,19.8050,19.8230, &
      &          19.8020,19.8060,19.7660,19.8260,19.8760,19.8180,19.7670,19.7670, &
      &          19.7450,19.7400,19.7710,19.8260,19.8300,19.8330,19.7870,19.8100, &
      &          19.8620,19.8320,19.8190,19.8090,19.8080,19.8230,19.8260,19.8150, &
      &          19.8290,19.8470,19.8690,19.8620,19.8350,19.8590,19.9240,19.9380, &
      &          19.9460,19.9500,19.9500,19.9210,19.8990,19.9250,19.9590,19.9810, &
      &          19.9740,19.9430,19.9470,19.9700,19.9720,19.9790,20.0280,20.0350, &
      &          20.0110,19.9790,19.9900,20.0380,20.0740,20.0680,20.0660,20.0750, &
      &          20.0650,20.0850,20.1330,20.1580,20.1940,20.1820,20.1620,20.1430, &
      &          20.1250,20.1810,20.2270,20.1870,20.1920,20.2240,20.2440,20.2480, &
      &          20.2140,20.2090,20.2750,20.2890,20.2520,20.2750,20.3080,20.2690, &
      &          20.2610,20.2790,20.2610,20.2720,20.3040,20.3240,20.3480,20.3290, &
      &          20.2740,20.2840,20.3200,20.3180,20.3370,20.3170,20.3140,20.3470, &
      &          20.3100,20.2880,20.3300,20.3890,20.3790,20.3530,20.3870,20.3970, &
      &          20.3940,20.4050,20.3940,20.4000,20.4090,20.4210,20.4330,20.4240, &
      &          20.4520,20.4860,20.4820,20.4780,20.4700,20.5120,20.5490,20.5720, &
      &          20.5560,20.5010,20.4860,20.5660,20.6130,20.5760,20.5670,20.6040, &
      &          20.6270,20.6090,20.6070,20.6220,20.6420,20.6980,20.6630,20.6430, &
      &          20.6700,20.6720,20.6920,20.7300,20.7640,20.7380,20.7320,20.7580, &
      &          20.7810,20.7740,20.7530,20.7800,20.8210,20.8290,20.8100,20.8040, &
      &          20.7990,20.8100,20.8210,20.8420,20.8320,20.8270,20.8950,20.8960, &
      &          20.8590,20.8540,20.8650,20.9150,20.9140,20.9090,20.9360,20.9440, &
      &          20.9390,20.9850,21.0210,21.0130,20.9890,20.9690,20.9480,20.9760, &
      &          21.0200,21.0250,21.0430,21.0200,20.9930,21.0140,21.0670,21.0790, &
      &          21.0660,21.0740,21.0810,21.0740,21.0720,21.0910,21.1070,21.1210, &
      &          21.1160,21.0930,21.1120,21.1360,21.1560,21.1650,21.1420,21.1630, &
      &          21.1940,21.1960,21.1910,21.1800,21.1800,21.2160,21.2110,21.2060, &
      &          21.2310,21.2020,21.1860,21.2100,21.2390,21.2510,21.2790,21.2610, &
      &          21.2380,21.2810,21.2890,21.3000,21.2740,21.2430,21.2520,21.2690, &
      &          21.2910,21.3260,21.3530,21.3330,21.3360,21.3390,21.3220,21.3200, &
      &          21.3290,21.3400,21.3540,21.3520,21.3480,21.3440,21.3520,21.3720, &
      &          21.3770,21.3820,21.4020,21.3970,21.4080,21.3990,21.3940,21.3890, &
      &          21.3890,21.4240,21.4380,21.4140,21.4400,21.4280,21.4370,21.4500, &
      &          21.4450,21.4240,21.4060,21.4070,21.4130,21.4230,21.4280,21.4290, &
      &          21.4460,21.4580,21.4790,21.4880,21.4820,21.4630,21.4730,21.4830, &
      &          21.5070,21.5220,21.5130,21.5100,21.5200,21.5000,21.4620,21.4810, &
      &          21.5190,21.5160,21.5020,21.5100,21.5190,21.5020,21.4760,21.5090, &
      &          21.5580,21.5680,21.5210,21.4930,21.4980,21.5160,21.5380,21.5050, &
      &          21.4800,21.5230,21.5310,21.5370,21.5390,21.5350,21.5040,21.4970, &
      &          21.5320,21.4930,21.4720,21.5170,21.5350,21.5200,21.5090,21.4920, &
      &          21.4940,21.4990,21.5030,21.4920,21.4810,21.5060,21.5280,21.5170, &
      &          21.5030,21.5030,21.5130,21.4790,21.4860,21.5330,21.5320,21.4880, &
      &          21.4720,21.4940,21.4940,21.4750,21.4970,21.4810,21.4660,21.4680, &
      &          21.4810,21.4990,21.4860,21.4500,21.4730,21.4590,21.4340,21.4490, &
      &          21.4790,21.5030,21.4830,21.4860,21.4670,21.4530,21.4750,21.4760, &
      &          21.4530,21.4460,21.4580,21.4650,21.4590,21.4540,21.4490,21.4560, &
      &          21.4510,21.4370,21.4670,21.4470,21.4090,21.4210,21.4530,21.4250, &
      &          21.4020,21.4410,21.4420,21.4220,21.4160,21.3970,21.3860,21.4220, &
      &          21.4130,21.4040,21.4280,21.4280,21.4030,21.3900,21.3930,21.4100, &
      &          21.4100,21.4000,21.3920,21.3760,21.3720,21.3890,21.4160,21.3960, &
      &          21.3580,21.3660,21.3600,21.3760,21.3870,21.3630,21.3630,21.3570, &
      &          21.3450,21.3270,21.3260,21.3510,21.3770,21.3620,21.3400,21.3420, &
      &          21.3110,21.2890,21.3110,21.3430,21.3340,21.3240,21.3120,21.3140, &
      &          21.3190,21.3010,21.2850,21.2680,21.2660,21.2930,21.3130,21.2840, &
      &          21.2630,21.2660,21.2690,21.2660,21.2390,21.2300,21.2420,21.2250, &
      &          21.2390,21.2590,21.2250,21.2270,21.2500,21.2300,21.2040,21.2010, &
      &          21.2020,21.1900,21.1920,21.1990,21.1680,21.1590,21.1570,21.1640, &
      &          21.1400,21.1490,21.1550,21.1500,21.1620,21.1560,21.1220,21.0840, &
      &          21.1160,21.1380,21.0910,21.0770,21.1070,21.1010,21.0880,21.0860, &
      &          21.0680,21.0480,21.0570,21.0550,21.0300,21.0130,21.0280,21.0300, &
      &          21.0060,21.0050,21.0080,20.9980,21.0070,21.0030,20.9960,21.0150, &
      &          20.9950,20.9760,20.9670,20.9570,20.9370,20.9210,20.9250,20.9430, &
      &          20.9540,20.9580,20.9240,20.9140,20.9000,20.9170,20.9020,20.8870, &
      &          20.8970,20.8960,20.8730,20.8710,20.8620,20.8440,20.8340,20.8290, &
      &          20.8310,20.8260,20.8250,20.8160,20.7870,20.8040,20.8250,20.8040, &
      &          20.7740,20.7750,20.7600,20.7260,20.7330,20.7550,20.7530,20.7100, &
      &          20.7000,20.7210,20.7230,20.7020,20.6660,20.6680,20.6770,20.6770, &
      &          20.6670,20.6650,20.6560,20.6180,20.5890,20.5960,20.6180,20.6420, &
      &          20.6320,20.5850,20.5640,20.5710,20.5510,20.5510,20.5600,20.5270, &
      &          20.5180,20.5240,20.5030,20.4780,20.4600,20.4510,20.4460,20.4440, &
      &          20.4340,20.4140,20.4070,20.4170,20.4040,20.3800,20.3810,20.3890, &
      &          20.3800,20.3570,20.3400,20.3180,20.2880,20.2810,20.2930,20.2650, &
      &          20.2380,20.2310,20.2090,20.2230,20.2260,20.2000,20.1730,20.1410, &
      &          20.1210,20.1090,20.0780,20.0590,20.0590,20.0290,20.0460,20.0490, &
      &          20.0090,19.9630,19.9380,19.9100,19.8890,19.8960,19.9090,19.8770, &
      &          19.8440,19.8520,19.8130,19.7860,19.8090,19.7840,19.7440,19.7290, &
      &          19.7090,19.6810,19.6640,19.6630,19.6390,19.6260,19.6470,19.6420, &
      &          19.6170,19.5870,19.5790,19.5880,19.5630,19.5340,19.5230,19.5330, &
      &          19.5350,19.5140,19.4950,19.4870,19.4590,19.4490,19.4320,19.4100, &
      &          19.3810,19.3640,19.3630,19.3160,19.2670,19.2870,19.2970,19.2450, &
      &          19.2080,19.2110,19.2090,19.1700,19.1470,19.1410,19.1110,19.0780, &
      &          19.0370,19.0010,18.9760,18.9670,18.9680,18.9630,18.9120,18.8700, &
      &          18.8220,18.7770,18.7840,18.7710,18.7200,18.6990,18.6790,18.6520, &
      &          18.6160,18.5760,18.5510,18.5390,18.5210,18.4690,18.4290,18.3720, &
      &          18.3330,18.3260,18.2970,18.2780,18.2600,18.2300,18.1930,18.1560, &
      &          18.1420,18.0930,18.0540,18.0390,18.0280,17.9940,17.9530,17.9330, &
      &          17.9210,17.8790,17.8470,17.8240,17.7820,17.7540,17.7360,17.6970, &
      &          17.6400,17.6140,17.6080,17.5750,17.5220,17.4850,17.4900,17.4770, &
      &          17.4430,17.4220,17.3780,17.3440,17.3260,17.2950,17.2350,17.2040, &
      &          17.1890,17.1700,17.1490,17.1430,17.1360,17.1050,17.0440,17.0120, &
      &          16.9930,16.9320,16.8520,16.8260,16.8080,16.7700,16.7130,16.6760, &
      &          16.6480,16.5960,16.5230,16.4700,16.4220,16.3870,16.3230,16.2500, &
      &          16.2080,16.1420,16.0500,15.9740,15.9420,15.8890,15.8160,15.7510, &
      &          15.7080,15.7110,15.6720,15.5970,15.5660,15.5280,15.4690,15.4320, &
      &          15.3960,15.3400,15.3040,15.2900,15.2390,15.1960,15.1500,15.1180, &
      &          15.0980,15.0570,15.0470,15.0500,15.0160,14.9620,14.9410,14.9260, &
      &          14.8750,14.8250,14.8230,14.8290,14.8000,14.7810,14.7360,14.6760, &
      &          14.6320,14.5850,14.5340,14.5190,14.4960,14.4290,14.3820,14.3490, &
      &          14.2920,14.2490,14.2220,14.1660,14.1130,14.0710,13.9830,13.9360, &
      &          13.8820,13.7910,13.7050,13.6660,13.6120,13.5360,13.4600,13.3750, &
      &          13.2920,13.2110,13.1110,13.0040,12.9480,12.9060,12.8250,12.7350, &
      &          12.6680,12.5940,12.5350,12.4830,12.4460,12.4060,12.3720,12.3300, &
      &          12.2950,12.2740,12.2320,12.2060,12.1960,12.2090,12.2380,12.2400, &
      &          12.2740,12.3040,12.3080,12.3280,12.3300,12.3190,12.3220,12.3090, &
      &          12.2890,12.2810,12.2510,12.2390,12.2320,12.2090,12.1870,12.1530, &
      &          12.1140,12.0860,12.0590,12.0770,12.0580,12.0040,11.9830,11.9510, &
      &          11.8990,11.8620,11.8540,11.8190,11.7690,11.7460,11.7360,11.6950, &
      &          11.6290,11.6120,11.6150,11.5550,11.4910,11.4610,11.4440,11.4010, &
      &          11.3690,11.3570,11.3040,11.2730,11.2700,11.2180,11.1700,11.1480, &
      &          11.1200,11.1080,11.0860,11.0550,11.0500,11.0320,10.9880,10.9510, &
      &          10.9370,10.9080,10.8870,10.8750,10.8710,10.8500,10.7780,10.7420, &
      &          10.7340,10.6960,10.6330,10.6340,10.6170,10.5840,10.5660,10.5190, &
      &          10.4700,10.4490,10.4070,10.3660,10.3420,10.3260,10.2760,10.2000, &
      &          10.1660,10.1220,10.0680,10.0010,9.9501,9.9281,9.8857,9.8395, &
      &          9.8198,9.7670,9.6886,9.6164,9.5623,9.5364,9.4870,9.4280, &
      &          9.3621,9.3056,9.2325,9.1800,9.1364,9.0743,9.0182,8.9862, &
      &          8.9294,8.8889,8.8549,8.7813,8.7108,8.7093,8.6867,8.6290, &
      &          8.5908,8.5734,8.5099,8.4802,8.4231,8.3592,8.3421,8.3250, &
      &          8.2816,8.2472,8.2303,8.2067,8.2005,8.2130,8.2141,8.1963, &
      &          8.2188,8.2402,8.2605,8.2755,8.2696,8.2769,8.3006,8.2929, &
      &          8.2922,8.3171,8.3433,8.3514,8.3444,8.3580,8.4063,8.4288, &
      &          8.4241,8.4012,8.4054,8.3995,8.3946,8.4202,8.4228,8.4042, &
      &          8.4244,8.4206,8.3920,8.3803,8.3683,8.3496,8.3283,8.3226, &
      &          8.3402,8.3250,8.3044,8.2810,8.2413,8.2038,8.1891,8.1537, &
      &          8.1560,8.1525,8.1086,8.0941,8.0927,8.0594,8.0273,8.0135, &
      &          7.9741,7.9327,7.9186,7.9192,7.9171,7.8792,7.8541,7.8304, &
      &          7.8031,7.8127,7.7937,7.7587,7.7412,7.7023,7.7055,7.7192, &
      &          7.6732,7.6524,7.6577,7.6610,7.6317,7.6005,7.5790,7.5394, &
      &          7.5249,7.5056,7.4550,7.4171,7.3877,7.3488,7.3280,7.3228, &
      &          7.2773,7.2070,7.1946,7.1709,7.1339,7.0901,7.0327,6.9893, &
      &          6.9626,6.9291,6.8789,6.8299,6.7629,6.7345,6.7260,6.6782, &
      &          6.6150,6.5688,6.5423,6.5086,6.4652,6.4233,6.3722,6.3384, &
      &          6.3049,6.2337,6.1722,6.1376,6.0924,6.0506,6.0096,5.9498, &
      &          5.8835,5.8141,5.7945,5.7377,5.6702,5.6187,5.5603,5.5254, &
      &          5.4759,5.4156,5.3548,5.2950,5.2348,5.1876,5.1278,5.0733, &
      &          4.9982,4.9359,4.9003,4.8473,4.7798,4.7275,4.6664,4.6075, &
      &          4.5517,4.4868,4.3990,4.3387,4.3200,4.2496,4.1878,4.1285, &
      &          4.0877,4.0291,3.9639,3.9077,3.8578,3.8049,3.7525,3.6972, &
      &          3.6382,3.5772,3.5179,3.4605,3.3951,3.3276,3.2979,3.2951, &
      &          3.2763,3.1997,3.1200,3.0748,3.0490,2.9868,2.9189,2.8870, &
      &          2.8617,2.7940,2.7176,2.6784,2.6555,2.6210,2.5797,2.5720, &
      &          2.5554,2.4954,2.4467,2.3880,2.3379,2.3067,2.2714,2.2671, &
      &          2.2333,2.1654,2.1464,2.0862,1.9437,1.9517,2.0072,1.9812, &
      &          1.9788,1.9833,1.9418,1.9135,1.9519,1.9629,1.9322,1.9652, &
      &          1.9945,1.9995,2.0013,2.0395,2.0852,2.0867,2.0925,2.1418, &
      &          2.1616,2.1907,2.2432,2.2692,2.3065,2.3156,2.2992,2.3320, &
      &          2.3847,2.3700,2.3158,2.3330,2.3792,2.3917,2.4143,2.4766, &
      &          2.5216,2.5090,2.4984,2.5205,2.5408,2.5645,2.5641,2.5554, &
      &          2.5380,2.4933,2.4509,2.4928,2.5376,2.5132,2.5015,2.5308, &
      &          2.5898,2.6023,2.5746,2.5514,2.5233,2.4787,2.5294,2.5533, &
      &          2.5411,2.5774,2.6200,2.6356,2.6346,2.6571,2.6623,2.6381, &
      &          2.6545,2.6595,2.6880,2.7485,2.7694,2.7467,2.8059,2.8629, &
      &          2.7875,2.7743,2.8186,2.7996,2.7527,2.7593,2.7834,2.7389, &
      &          2.6838,2.7862,2.7511,2.6241,2.5929,2.5434,2.5071,2.4834, &
      &          2.4384,2.3871,2.4276,2.4649,2.4426,2.4182,2.4223,2.3529, &
      &          2.3229,2.3707,2.4039,2.3749,2.4073,2.4556,2.4886,2.5008, &
      &          2.4753,2.5015,2.5976,2.5945,2.5730,2.6124,2.6020,2.6158, &
      &          2.6815,2.6981,2.6730,2.6771,2.7068,2.7276,2.7494,2.7855, &
      &          2.7724,2.7309,2.6829,2.7358,2.8013,2.7626,2.7452,2.7654, &
      &          2.7844,2.7551,2.7710,2.7790,2.7584,2.7771,2.7743,2.7476, &
      &          2.6824,2.6273,2.6678,2.7204,2.7717,2.8090,2.8050,2.8139, &
      &          2.8990,2.9121,2.8924,2.9381,2.9852,2.9655,2.9597,3.0300, &
      &          3.0389,3.0228,2.9977,2.9564,3.0185,3.0989,3.0813,3.0556, &
      &          3.0417,3.1212,3.1714,3.1549,3.1598,3.2100,3.1964,3.1873, &
      &          3.2320,3.1863,3.1319,3.1596,3.2418,3.2339,3.2194,3.2515, &
      &          3.1844,3.1312,3.2309,3.2691,3.2662,3.3059,3.3330,3.4101, &
      &          3.4399,3.4259,3.4488,3.4753,3.4751,3.4976,3.5250,3.4950, &
      &          3.4982,3.5489,3.5935,3.6394,3.5649,3.5137,3.5034,3.4865, &
      &          3.5990,3.6204,3.6014,3.6804,3.7223,3.8719,3.9325,3.9743, &
      &          3.9792,3.9316,3.9820,4.0772,4.1585,4.3205,4.3938,4.4156, &
      &          4.4817,4.4751,4.3378,4.2891,4.2896,4.2727,4.1508,3.8590, &
      &          3.7376,3.5388,3.1985,2.9508,2.6977,2.6208,2.6316,2.3327, &
      &          2.0700,2.1382,2.3301,2.1694,2.0377,2.0620,1.8958,1.7320, &
      &          1.8438,1.7871,1.8164,1.8722,1.6228,1.3097,1.1414,1.3865, &
      &          1.5891,1.7439,1.5844,1.3982,1.5724,1.4855,1.4742,1.6847, &
      &          1.6676,1.0917,1.1499,1.9164,1.8220,1.3716,1.4460,1.0727, &
      &          0.9696,1.6875,2.0963,0.9947,0.3867,0.9187,1.1686,0.8250, &
      &          1.394,1.0013,0.1767,0.0619 /)
