       real :: wvyellowsand(2868) = (/0.4,0.401,0.402,0.403,0.404,0.405,0.406,0.407, &
      &          0.4080,0.4090,0.4100,0.4110,0.4120,0.4130,0.4140,0.4150, &
      &          0.4160,0.4170,0.4180,0.4190,0.4200,0.4210,0.4220,0.4230, &
      &          0.4240,0.4250,0.4260,0.4270,0.4280,0.4290,0.4300,0.4310, &
      &          0.4320,0.4330,0.4340,0.4350,0.4360,0.4370,0.4380,0.4390, &
      &          0.4400,0.4410,0.4420,0.4430,0.4440,0.4450,0.4460,0.4470, &
      &          0.4480,0.4490,0.4500,0.4510,0.4520,0.4530,0.4540,0.4550, &
      &          0.4560,0.4570,0.4580,0.4590,0.4600,0.4610,0.4620,0.4630, &
      &          0.4640,0.4650,0.4660,0.4670,0.4680,0.4690,0.4700,0.4710, &
      &          0.4720,0.4730,0.4740,0.4750,0.4760,0.4770,0.4780,0.4790, &
      &          0.4800,0.4810,0.4820,0.4830,0.4840,0.4850,0.4860,0.4870, &
      &          0.4880,0.4890,0.4900,0.4910,0.4920,0.4930,0.4940,0.4950, &
      &          0.4960,0.4970,0.4980,0.4990,0.5000,0.5010,0.5020,0.5030, &
      &          0.5040,0.5050,0.5060,0.5070,0.5080,0.5090,0.5100,0.5110, &
      &          0.5120,0.5130,0.5140,0.5150,0.5160,0.5170,0.5180,0.5190, &
      &          0.5200,0.5210,0.5220,0.5230,0.5240,0.5250,0.5260,0.5270, &
      &          0.5280,0.5290,0.5300,0.5310,0.5320,0.5330,0.5340,0.5350, &
      &          0.5360,0.5370,0.5380,0.5390,0.5400,0.5410,0.5420,0.5430, &
      &          0.5440,0.5450,0.5460,0.5470,0.5480,0.5490,0.5500,0.5510, &
      &          0.5520,0.5530,0.5540,0.5550,0.5560,0.5570,0.5580,0.5590, &
      &          0.5600,0.5610,0.5620,0.5630,0.5640,0.5650,0.5660,0.5670, &
      &          0.5680,0.5690,0.5700,0.5710,0.5720,0.5730,0.5740,0.5750, &
      &          0.5760,0.5770,0.5780,0.5790,0.5800,0.5810,0.5820,0.5830, &
      &          0.5840,0.5850,0.5860,0.5870,0.5880,0.5890,0.5900,0.5910, &
      &          0.5920,0.5930,0.5940,0.5950,0.5960,0.5970,0.5980,0.5990, &
      &          0.6000,0.6010,0.6020,0.6030,0.6040,0.6050,0.6060,0.6070, &
      &          0.6080,0.6090,0.6100,0.6110,0.6120,0.6130,0.6140,0.6150, &
      &          0.6160,0.6170,0.6180,0.6190,0.6200,0.6210,0.6220,0.6230, &
      &          0.6240,0.6250,0.6260,0.6270,0.6280,0.6290,0.6300,0.6310, &
      &          0.6320,0.6330,0.6340,0.6350,0.6360,0.6370,0.6380,0.6390, &
      &          0.6400,0.6410,0.6420,0.6430,0.6440,0.6450,0.6460,0.6470, &
      &          0.6480,0.6490,0.6500,0.6510,0.6520,0.6530,0.6540,0.6550, &
      &          0.6560,0.6570,0.6580,0.6590,0.6600,0.6610,0.6620,0.6630, &
      &          0.6640,0.6650,0.6660,0.6670,0.6680,0.6690,0.6700,0.6710, &
      &          0.6720,0.6730,0.6740,0.6750,0.6760,0.6770,0.6780,0.6790, &
      &          0.6800,0.6810,0.6820,0.6830,0.6840,0.6850,0.6860,0.6870, &
      &          0.6880,0.6890,0.6900,0.6910,0.6920,0.6930,0.6940,0.6950, &
      &          0.6960,0.6970,0.6980,0.6990,0.7000,0.7010,0.7020,0.7030, &
      &          0.7040,0.7050,0.7060,0.7070,0.7080,0.7090,0.7100,0.7110, &
      &          0.7120,0.7130,0.7140,0.7150,0.7160,0.7170,0.7180,0.7190, &
      &          0.7200,0.7210,0.7220,0.7230,0.7240,0.7250,0.7260,0.7270, &
      &          0.7280,0.7290,0.7300,0.7310,0.7320,0.7330,0.7340,0.7350, &
      &          0.7360,0.7370,0.7380,0.7390,0.7400,0.7410,0.7420,0.7430, &
      &          0.7440,0.7450,0.7460,0.7470,0.7480,0.7490,0.7500,0.7510, &
      &          0.7520,0.7530,0.7540,0.7550,0.7560,0.7570,0.7580,0.7590, &
      &          0.7600,0.7610,0.7620,0.7630,0.7640,0.7650,0.7660,0.7670, &
      &          0.7680,0.7690,0.7700,0.7710,0.7720,0.7730,0.7740,0.7750, &
      &          0.7760,0.7770,0.7780,0.7790,0.7800,0.7810,0.7820,0.7830, &
      &          0.7840,0.7850,0.7860,0.7870,0.7880,0.7890,0.7900,0.7910, &
      &          0.7920,0.7930,0.7940,0.7950,0.7960,0.7970,0.7980,0.7990, &
      &          0.8000,0.8040,0.8080,0.8120,0.8160,0.8200,0.8240,0.8280, &
      &          0.8320,0.8360,0.8400,0.8440,0.8480,0.8520,0.8560,0.8600, &
      &          0.8640,0.8680,0.8720,0.8760,0.8800,0.8840,0.8880,0.8920, &
      &          0.8960,0.9000,0.9040,0.9080,0.9120,0.9160,0.9200,0.9240, &
      &          0.9280,0.9320,0.9360,0.9400,0.9440,0.9480,0.9520,0.9560, &
      &          0.9600,0.9640,0.9680,0.9720,0.9760,0.9800,0.9840,0.9880, &
      &          0.9920,0.9960,1.0000,1.0040,1.0080,1.0120,1.0160,1.0200, &
      &          1.0240,1.0280,1.0320,1.0360,1.0400,1.0440,1.0480,1.0520, &
      &          1.0560,1.0600,1.0640,1.0680,1.0720,1.0760,1.0800,1.0840, &
      &          1.0880,1.0920,1.0960,1.1000,1.1040,1.1080,1.1120,1.1160, &
      &          1.1200,1.1240,1.1280,1.1320,1.1360,1.1400,1.1440,1.1480, &
      &          1.1520,1.1560,1.1600,1.1640,1.1680,1.1720,1.1760,1.1800, &
      &          1.1840,1.1880,1.1920,1.1960,1.2000,1.2040,1.2080,1.2120, &
      &          1.2160,1.2200,1.2240,1.2280,1.2320,1.2360,1.2400,1.2440, &
      &          1.2480,1.2520,1.2560,1.2600,1.2640,1.2680,1.2720,1.2760, &
      &          1.2800,1.2840,1.2880,1.2920,1.2960,1.3000,1.3040,1.3080, &
      &          1.3120,1.3160,1.3200,1.3240,1.3280,1.3320,1.3360,1.3400, &
      &          1.3440,1.3480,1.3520,1.3560,1.3600,1.3640,1.3680,1.3720, &
      &          1.3760,1.3800,1.3840,1.3880,1.3920,1.3960,1.4000,1.4040, &
      &          1.4080,1.4120,1.4160,1.4200,1.4240,1.4280,1.4320,1.4360, &
      &          1.4400,1.4440,1.4480,1.4520,1.4560,1.4600,1.4640,1.4680, &
      &          1.4720,1.4760,1.4800,1.4840,1.4880,1.4920,1.4960,1.5000, &
      &          1.5040,1.5080,1.5120,1.5160,1.5200,1.5240,1.5280,1.5320, &
      &          1.5360,1.5400,1.5440,1.5480,1.5520,1.5560,1.5600,1.5640, &
      &          1.5680,1.5720,1.5760,1.5800,1.5840,1.5880,1.5920,1.5960, &
      &          1.6000,1.6040,1.6080,1.6120,1.6160,1.6200,1.6240,1.6280, &
      &          1.6320,1.6360,1.6400,1.6440,1.6480,1.6520,1.6560,1.6600, &
      &          1.6640,1.6680,1.6720,1.6760,1.6800,1.6840,1.6880,1.6920, &
      &          1.6960,1.7000,1.7040,1.7080,1.7120,1.7160,1.7200,1.7240, &
      &          1.7280,1.7320,1.7360,1.7400,1.7440,1.7480,1.7520,1.7560, &
      &          1.7600,1.7640,1.7680,1.7720,1.7760,1.7800,1.7840,1.7880, &
      &          1.7920,1.7960,1.8000,1.8040,1.8080,1.8120,1.8160,1.8200, &
      &          1.8240,1.8280,1.8320,1.8360,1.8400,1.8440,1.8480,1.8520, &
      &          1.8560,1.8600,1.8640,1.8680,1.8720,1.8760,1.8800,1.8840, &
      &          1.8880,1.8920,1.8960,1.9000,1.9040,1.9080,1.9120,1.9160, &
      &          1.9200,1.9240,1.9280,1.9320,1.9360,1.9400,1.9440,1.9480, &
      &          1.9520,1.9560,1.9600,1.9640,1.9680,1.9720,1.9760,1.9800, &
      &          1.9840,1.9880,1.9920,1.9960,2.0000,2.0040,2.0080,2.0120, &
      &          2.0160,2.0200,2.0240,2.0280,2.0320,2.0360,2.0400,2.0440, &
      &          2.0480,2.0520,2.0560,2.0600,2.0640,2.0680,2.0720,2.0760, &
      &          2.0795,2.0803,2.0812,2.0820,2.0828,2.0837,2.0845,2.0853, &
      &          2.0862,2.0870,2.0879,2.0887,2.0895,2.0904,2.0912,2.0921, &
      &          2.0929,2.0938,2.0946,2.0955,2.0963,2.0971,2.0980,2.0988, &
      &          2.0997,2.1005,2.1014,2.1023,2.1031,2.1040,2.1048,2.1057, &
      &          2.1065,2.1074,2.1082,2.1091,2.1100,2.1108,2.1117,2.1125, &
      &          2.1134,2.1143,2.1151,2.1160,2.1168,2.1177,2.1186,2.1194, &
      &          2.1203,2.1212,2.1220,2.1229,2.1238,2.1247,2.1255,2.1264, &
      &          2.1273,2.1281,2.1290,2.1299,2.1308,2.1316,2.1325,2.1334, &
      &          2.1343,2.1352,2.1360,2.1369,2.1378,2.1387,2.1396,2.1404, &
      &          2.1413,2.1422,2.1431,2.1440,2.1449,2.1458,2.1466,2.1475, &
      &          2.1484,2.1493,2.1502,2.1511,2.1520,2.1529,2.1538,2.1547, &
      &          2.1556,2.1565,2.1574,2.1583,2.1592,2.1601,2.1610,2.1619, &
      &          2.1628,2.1637,2.1646,2.1655,2.1664,2.1673,2.1682,2.1691, &
      &          2.1700,2.1709,2.1718,2.1727,2.1736,2.1746,2.1755,2.1764, &
      &          2.1773,2.1782,2.1791,2.1800,2.1810,2.1819,2.1828,2.1837, &
      &          2.1846,2.1856,2.1865,2.1874,2.1883,2.1893,2.1902,2.1911, &
      &          2.1920,2.1930,2.1939,2.1948,2.1957,2.1967,2.1976,2.1985, &
      &          2.1995,2.2004,2.2013,2.2023,2.2032,2.2041,2.2051,2.2060, &
      &          2.2070,2.2079,2.2088,2.2098,2.2107,2.2117,2.2126,2.2136, &
      &          2.2145,2.2155,2.2164,2.2173,2.2183,2.2192,2.2202,2.2211, &
      &          2.2221,2.2231,2.2240,2.2250,2.2259,2.2269,2.2278,2.2288, &
      &          2.2297,2.2307,2.2317,2.2326,2.2336,2.2345,2.2355,2.2365, &
      &          2.2374,2.2384,2.2394,2.2403,2.2413,2.2423,2.2433,2.2442, &
      &          2.2452,2.2462,2.2471,2.2481,2.2491,2.2501,2.2510,2.2520, &
      &          2.2530,2.2540,2.2550,2.2559,2.2569,2.2579,2.2589,2.2599, &
      &          2.2609,2.2618,2.2628,2.2638,2.2648,2.2658,2.2668,2.2678, &
      &          2.2688,2.2698,2.2708,2.2718,2.2728,2.2738,2.2747,2.2757, &
      &          2.2767,2.2777,2.2787,2.2798,2.2808,2.2818,2.2828,2.2838, &
      &          2.2848,2.2858,2.2868,2.2878,2.2888,2.2898,2.2908,2.2918, &
      &          2.2929,2.2939,2.2949,2.2959,2.2969,2.2979,2.2990,2.3000, &
      &          2.3010,2.3020,2.3030,2.3041,2.3051,2.3061,2.3071,2.3082, &
      &          2.3092,2.3102,2.3113,2.3123,2.3133,2.3144,2.3154,2.3164, &
      &          2.3175,2.3185,2.3195,2.3206,2.3216,2.3226,2.3237,2.3247, &
      &          2.3258,2.3268,2.3279,2.3289,2.3300,2.3310,2.3321,2.3331, &
      &          2.3342,2.3352,2.3363,2.3373,2.3384,2.3394,2.3405,2.3415, &
      &          2.3426,2.3436,2.3447,2.3458,2.3468,2.3479,2.3490,2.3500, &
      &          2.3511,2.3522,2.3532,2.3543,2.3554,2.3564,2.3575,2.3586, &
      &          2.3597,2.3607,2.3618,2.3629,2.3640,2.3650,2.3661,2.3672, &
      &          2.3683,2.3694,2.3704,2.3715,2.3726,2.3737,2.3748,2.3759, &
      &          2.3770,2.3781,2.3791,2.3802,2.3813,2.3824,2.3835,2.3846, &
      &          2.3857,2.3868,2.3879,2.3890,2.3901,2.3912,2.3923,2.3934, &
      &          2.3945,2.3956,2.3967,2.3979,2.3990,2.4001,2.4012,2.4023, &
      &          2.4034,2.4045,2.4056,2.4068,2.4079,2.4090,2.4101,2.4112, &
      &          2.4124,2.4135,2.4146,2.4157,2.4169,2.4180,2.4191,2.4202, &
      &          2.4214,2.4225,2.4236,2.4248,2.4259,2.4270,2.4282,2.4293, &
      &          2.4305,2.4316,2.4327,2.4339,2.4350,2.4362,2.4373,2.4385, &
      &          2.4396,2.4408,2.4419,2.4431,2.4442,2.4454,2.4465,2.4477, &
      &          2.4488,2.4500,2.4511,2.4523,2.4535,2.4546,2.4558,2.4569, &
      &          2.4581,2.4593,2.4604,2.4616,2.4628,2.4640,2.4651,2.4663, &
      &          2.4675,2.4686,2.4698,2.4710,2.4722,2.4734,2.4745,2.4757, &
      &          2.4769,2.4781,2.4793,2.4805,2.4816,2.4828,2.4840,2.4852, &
      &          2.4864,2.4876,2.4888,2.4900,2.4912,2.4924,2.4936,2.4948, &
      &          2.4960,2.4972,2.4984,2.4996,2.5008,2.5020,2.5032,2.5044, &
      &          2.5056,2.5068,2.5081,2.5093,2.5105,2.5117,2.5129,2.5141, &
      &          2.5154,2.5166,2.5178,2.5190,2.5202,2.5215,2.5227,2.5239, &
      &          2.5252,2.5264,2.5276,2.5289,2.5301,2.5313,2.5326,2.5338, &
      &          2.5350,2.5363,2.5375,2.5388,2.5400,2.5413,2.5425,2.5437, &
      &          2.5450,2.5462,2.5475,2.5487,2.5500,2.5513,2.5525,2.5538, &
      &          2.5550,2.5563,2.5575,2.5588,2.5601,2.5613,2.5626,2.5639, &
      &          2.5651,2.5664,2.5677,2.5690,2.5702,2.5715,2.5728,2.5741, &
      &          2.5753,2.5766,2.5779,2.5792,2.5805,2.5817,2.5830,2.5843, &
      &          2.5856,2.5869,2.5882,2.5895,2.5908,2.5921,2.5934,2.5947, &
      &          2.5960,2.5973,2.5986,2.5999,2.6012,2.6025,2.6038,2.6051, &
      &          2.6064,2.6077,2.6090,2.6103,2.6117,2.6130,2.6143,2.6156, &
      &          2.6169,2.6183,2.6196,2.6209,2.6222,2.6236,2.6249,2.6262, &
      &          2.6275,2.6289,2.6302,2.6315,2.6329,2.6342,2.6356,2.6369, &
      &          2.6382,2.6396,2.6409,2.6423,2.6436,2.6450,2.6463,2.6477, &
      &          2.6490,2.6504,2.6517,2.6531,2.6545,2.6558,2.6572,2.6585, &
      &          2.6599,2.6613,2.6626,2.6640,2.6654,2.6667,2.6681,2.6695, &
      &          2.6709,2.6722,2.6736,2.6750,2.6764,2.6778,2.6791,2.6805, &
      &          2.6819,2.6833,2.6847,2.6861,2.6875,2.6889,2.6903,2.6917, &
      &          2.6931,2.6945,2.6959,2.6973,2.6987,2.7001,2.7015,2.7029, &
      &          2.7043,2.7057,2.7071,2.7085,2.7100,2.7114,2.7128,2.7142, &
      &          2.7156,2.7171,2.7185,2.7199,2.7213,2.7228,2.7242,2.7256, &
      &          2.7271,2.7285,2.7299,2.7314,2.7328,2.7343,2.7357,2.7371, &
      &          2.7386,2.7400,2.7415,2.7429,2.7444,2.7458,2.7473,2.7488, &
      &          2.7502,2.7517,2.7531,2.7546,2.7561,2.7575,2.7590,2.7605, &
      &          2.7619,2.7634,2.7649,2.7664,2.7678,2.7693,2.7708,2.7723, &
      &          2.7738,2.7752,2.7767,2.7782,2.7797,2.7812,2.7827,2.7842, &
      &          2.7857,2.7872,2.7887,2.7902,2.7917,2.7932,2.7947,2.7962, &
      &          2.7977,2.7992,2.8007,2.8022,2.8038,2.8053,2.8068,2.8083, &
      &          2.8098,2.8114,2.8129,2.8144,2.8159,2.8175,2.8190,2.8205, &
      &          2.8221,2.8236,2.8252,2.8267,2.8282,2.8298,2.8313,2.8329, &
      &          2.8344,2.8360,2.8375,2.8391,2.8406,2.8422,2.8437,2.8453, &
      &          2.8469,2.8484,2.8500,2.8516,2.8531,2.8547,2.8563,2.8579, &
      &          2.8594,2.8610,2.8626,2.8642,2.8658,2.8673,2.8689,2.8705, &
      &          2.8721,2.8737,2.8753,2.8769,2.8785,2.8801,2.8817,2.8833, &
      &          2.8849,2.8865,2.8881,2.8897,2.8913,2.8929,2.8946,2.8962, &
      &          2.8978,2.8994,2.9010,2.9027,2.9043,2.9059,2.9075,2.9092, &
      &          2.9108,2.9124,2.9141,2.9157,2.9174,2.9190,2.9207,2.9223, &
      &          2.9239,2.9256,2.9272,2.9289,2.9306,2.9322,2.9339,2.9355, &
      &          2.9372,2.9389,2.9405,2.9422,2.9439,2.9455,2.9472,2.9489, &
      &          2.9506,2.9523,2.9539,2.9556,2.9573,2.9590,2.9607,2.9624, &
      &          2.9641,2.9658,2.9675,2.9692,2.9709,2.9726,2.9743,2.9760, &
      &          2.9777,2.9794,2.9811,2.9828,2.9845,2.9863,2.9880,2.9897, &
      &          2.9914,2.9932,2.9949,2.9966,2.9984,3.0001,3.0018,3.0036, &
      &          3.0053,3.0070,3.0088,3.0105,3.0123,3.0140,3.0158,3.0176, &
      &          3.0193,3.0211,3.0228,3.0246,3.0264,3.0281,3.0299,3.0317, &
      &          3.0334,3.0352,3.0370,3.0388,3.0406,3.0423,3.0441,3.0459, &
      &          3.0477,3.0495,3.0513,3.0531,3.0549,3.0567,3.0585,3.0603, &
      &          3.0621,3.0639,3.0657,3.0675,3.0694,3.0712,3.0730,3.0748, &
      &          3.0766,3.0785,3.0803,3.0821,3.0840,3.0858,3.0876,3.0895, &
      &          3.0913,3.0932,3.0950,3.0969,3.0987,3.1006,3.1024,3.1043, &
      &          3.1061,3.1080,3.1099,3.1117,3.1136,3.1155,3.1174,3.1192, &
      &          3.1211,3.1230,3.1249,3.1268,3.1286,3.1305,3.1324,3.1343, &
      &          3.1362,3.1381,3.1400,3.1419,3.1438,3.1457,3.1476,3.1495, &
      &          3.1515,3.1534,3.1553,3.1572,3.1591,3.1611,3.1630,3.1649, &
      &          3.1669,3.1688,3.1707,3.1727,3.1746,3.1766,3.1785,3.1805, &
      &          3.1824,3.1844,3.1863,3.1883,3.1902,3.1922,3.1942,3.1961, &
      &          3.1981,3.2001,3.2021,3.2040,3.2060,3.2080,3.2100,3.2120, &
      &          3.2140,3.2160,3.2180,3.2200,3.2220,3.2240,3.2260,3.2280, &
      &          3.2300,3.2320,3.2340,3.2361,3.2381,3.2401,3.2421,3.2442, &
      &          3.2462,3.2482,3.2503,3.2523,3.2543,3.2564,3.2584,3.2605, &
      &          3.2625,3.2646,3.2666,3.2687,3.2708,3.2728,3.2749,3.2770, &
      &          3.2790,3.2811,3.2832,3.2853,3.2874,3.2894,3.2915,3.2936, &
      &          3.2957,3.2978,3.2999,3.3020,3.3041,3.3062,3.3083,3.3104, &
      &          3.3126,3.3147,3.3168,3.3189,3.3210,3.3232,3.3253,3.3274, &
      &          3.3296,3.3317,3.3339,3.3360,3.3382,3.3403,3.3425,3.3446, &
      &          3.3468,3.3489,3.3511,3.3533,3.3554,3.3576,3.3598,3.3620, &
      &          3.3641,3.3663,3.3685,3.3707,3.3729,3.3751,3.3773,3.3795, &
      &          3.3817,3.3839,3.3861,3.3883,3.3906,3.3928,3.3950,3.3972, &
      &          3.3994,3.4017,3.4039,3.4061,3.4084,3.4106,3.4129,3.4151, &
      &          3.4174,3.4196,3.4219,3.4241,3.4264,3.4287,3.4309,3.4332, &
      &          3.4355,3.4378,3.4400,3.4423,3.4446,3.4469,3.4492,3.4515, &
      &          3.4538,3.4561,3.4584,3.4607,3.4630,3.4653,3.4677,3.4700, &
      &          3.4723,3.4746,3.4770,3.4793,3.4816,3.4840,3.4863,3.4887, &
      &          3.4910,3.4934,3.4957,3.4981,3.5004,3.5028,3.5052,3.5075, &
      &          3.5099,3.5123,3.5147,3.5171,3.5195,3.5218,3.5242,3.5266, &
      &          3.5290,3.5314,3.5338,3.5363,3.5387,3.5411,3.5435,3.5459, &
      &          3.5484,3.5508,3.5532,3.5557,3.5581,3.5605,3.5630,3.5654, &
      &          3.5679,3.5704,3.5728,3.5753,3.5777,3.5802,3.5827,3.5852, &
      &          3.5876,3.5901,3.5926,3.5951,3.5976,3.6001,3.6026,3.6051, &
      &          3.6076,3.6101,3.6127,3.6152,3.6177,3.6202,3.6227,3.6253, &
      &          3.6278,3.6304,3.6329,3.6355,3.6380,3.6406,3.6431,3.6457, &
      &          3.6482,3.6508,3.6534,3.6560,3.6585,3.6611,3.6637,3.6663, &
      &          3.6689,3.6715,3.6741,3.6767,3.6793,3.6819,3.6845,3.6872, &
      &          3.6898,3.6924,3.6950,3.6977,3.7003,3.7030,3.7056,3.7083, &
      &          3.7109,3.7136,3.7162,3.7189,3.7216,3.7242,3.7269,3.7296, &
      &          3.7323,3.7350,3.7377,3.7404,3.7431,3.7458,3.7485,3.7512, &
      &          3.7539,3.7566,3.7594,3.7621,3.7648,3.7676,3.7703,3.7730, &
      &          3.7758,3.7785,3.7813,3.7841,3.7868,3.7896,3.7924,3.7951, &
      &          3.7979,3.8007,3.8035,3.8063,3.8091,3.8119,3.8147,3.8175, &
      &          3.8203,3.8231,3.8259,3.8288,3.8316,3.8344,3.8373,3.8401, &
      &          3.8430,3.8458,3.8487,3.8515,3.8544,3.8573,3.8601,3.8630, &
      &          3.8659,3.8688,3.8717,3.8746,3.8775,3.8804,3.8833,3.8862, &
      &          3.8891,3.8920,3.8949,3.8979,3.9008,3.9037,3.9067,3.9096, &
      &          3.9126,3.9155,3.9185,3.9214,3.9244,3.9274,3.9304,3.9333, &
      &          3.9363,3.9393,3.9423,3.9453,3.9483,3.9513,3.9544,3.9574, &
      &          3.9604,3.9634,3.9665,3.9695,3.9725,3.9756,3.9786,3.9817, &
      &          3.9847,3.9878,3.9909,3.9940,3.9970,4.0001,4.0032,4.0063, &
      &          4.0094,4.0125,4.0156,4.0187,4.0218,4.0250,4.0281,4.0312, &
      &          4.0344,4.0375,4.0406,4.0438,4.0470,4.0501,4.0533,4.0565, &
      &          4.0596,4.0628,4.0660,4.0692,4.0724,4.0756,4.0788,4.0820, &
      &          4.0852,4.0884,4.0917,4.0949,4.0981,4.1014,4.1046,4.1079, &
      &          4.1111,4.1144,4.1177,4.1209,4.1242,4.1275,4.1308,4.1341, &
      &          4.1374,4.1407,4.1440,4.1473,4.1506,4.1540,4.1573,4.1606, &
      &          4.1640,4.1673,4.1707,4.1740,4.1774,4.1808,4.1841,4.1875, &
      &          4.1909,4.1943,4.1977,4.2011,4.2045,4.2079,4.2113,4.2148, &
      &          4.2182,4.2216,4.2251,4.2285,4.2320,4.2354,4.2389,4.2424, &
      &          4.2458,4.2493,4.2528,4.2563,4.2598,4.2633,4.2668,4.2703, &
      &          4.2738,4.2774,4.2809,4.2844,4.2880,4.2915,4.2951,4.2986, &
      &          4.3022,4.3058,4.3094,4.3129,4.3165,4.3201,4.3237,4.3273, &
      &          4.3310,4.3346,4.3382,4.3418,4.3455,4.3491,4.3528,4.3564, &
      &          4.3601,4.3638,4.3674,4.3711,4.3748,4.3785,4.3822,4.3859, &
      &          4.3896,4.3934,4.3971,4.4008,4.4045,4.4083,4.4120,4.4158, &
      &          4.4196,4.4233,4.4271,4.4309,4.4347,4.4385,4.4423,4.4461, &
      &          4.4499,4.4537,4.4576,4.4614,4.4652,4.4691,4.4730,4.4768, &
      &          4.4807,4.4846,4.4884,4.4923,4.4962,4.5001,4.5040,4.5080, &
      &          4.5119,4.5158,4.5197,4.5237,4.5276,4.5316,4.5356,4.5395, &
      &          4.5435,4.5475,4.5515,4.5555,4.5595,4.5635,4.5675,4.5716, &
      &          4.5756,4.5796,4.5837,4.5877,4.5918,4.5959,4.6000,4.6040, &
      &          4.6081,4.6122,4.6163,4.6205,4.6246,4.6287,4.6328,4.6370, &
      &          4.6411,4.6453,4.6495,4.6536,4.6578,4.6620,4.6662,4.6704, &
      &          4.6746,4.6788,4.6831,4.6873,4.6915,4.6958,4.7000,4.7043, &
      &          4.7086,4.7129,4.7172,4.7215,4.7258,4.7301,4.7344,4.7387, &
      &          4.7431,4.7474,4.7517,4.7561,4.7605,4.7648,4.7692,4.7736, &
      &          4.7780,4.7824,4.7868,4.7913,4.7957,4.8001,4.8046,4.8090, &
      &          4.8135,4.8180,4.8225,4.8270,4.8315,4.8360,4.8405,4.8450, &
      &          4.8495,4.8541,4.8586,4.8632,4.8678,4.8723,4.8769,4.8815, &
      &          4.8861,4.8907,4.8953,4.9000,4.9046,4.9092,4.9139,4.9186, &
      &          4.9232,4.9279,4.9326,4.9373,4.9420,4.9467,4.9514,4.9562, &
      &          4.9609,4.9657,4.9704,4.9752,4.9800,4.9848,4.9896,4.9944, &
      &          4.9992,5.0040,5.0088,5.0137,5.0185,5.0234,5.0283,5.0332, &
      &          5.0380,5.0430,5.0479,5.0528,5.0577,5.0627,5.0676,5.0726, &
      &          5.0775,5.0825,5.0875,5.0925,5.0975,5.1025,5.1075,5.1126, &
      &          5.1176,5.1227,5.1277,5.1328,5.1379,5.1430,5.1481,5.1532, &
      &          5.1584,5.1635,5.1686,5.1738,5.1790,5.1842,5.1893,5.1945, &
      &          5.1998,5.2050,5.2102,5.2154,5.2207,5.2260,5.2312,5.2365, &
      &          5.2418,5.2471,5.2524,5.2578,5.2631,5.2684,5.2738,5.2792, &
      &          5.2846,5.2900,5.2954,5.3008,5.3062,5.3116,5.3171,5.3225, &
      &          5.3280,5.3335,5.3390,5.3445,5.3500,5.3555,5.3611,5.3666, &
      &          5.3722,5.3778,5.3833,5.3889,5.3945,5.4002,5.4058,5.4114, &
      &          5.4171,5.4228,5.4284,5.4341,5.4398,5.4455,5.4513,5.4570, &
      &          5.4628,5.4685,5.4743,5.4801,5.4859,5.4917,5.4975,5.5033, &
      &          5.5092,5.5151,5.5209,5.5268,5.5327,5.5386,5.5445,5.5505, &
      &          5.5564,5.5624,5.5684,5.5744,5.5804,5.5864,5.5924,5.5984, &
      &          5.6045,5.6106,5.6166,5.6227,5.6288,5.6349,5.6411,5.6472, &
      &          5.6534,5.6596,5.6657,5.6719,5.6782,5.6844,5.6906,5.6969, &
      &          5.7031,5.7094,5.7157,5.7220,5.7283,5.7347,5.7410,5.7474, &
      &          5.7538,5.7602,5.7666,5.7730,5.7794,5.7859,5.7923,5.7988, &
      &          5.8053,5.8118,5.8184,5.8249,5.8314,5.8380,5.8446,5.8512, &
      &          5.8578,5.8644,5.8711,5.8777,5.8844,5.8911,5.8978,5.9045, &
      &          5.9112,5.9180,5.9247,5.9315,5.9383,5.9451,5.9520,5.9588, &
      &          5.9657,5.9725,5.9794,5.9863,5.9932,6.0002,6.0071,6.0141, &
      &          6.0211,6.0281,6.0351,6.0421,6.0492,6.0563,6.0633,6.0704, &
      &          6.0776,6.0847,6.0918,6.0990,6.1062,6.1134,6.1206,6.1278, &
      &          6.1351,6.1424,6.1496,6.1570,6.1643,6.1716,6.1790,6.1863, &
      &          6.1937,6.2011,6.2086,6.2160,6.2235,6.2310,6.2385,6.2460, &
      &          6.2535,6.2611,6.2686,6.2762,6.2838,6.2914,6.2991,6.3068, &
      &          6.3144,6.3221,6.3299,6.3376,6.3454,6.3531,6.3609,6.3687, &
      &          6.3766,6.3844,6.3923,6.4002,6.4081,6.4160,6.4240,6.4320, &
      &          6.4399,6.4480,6.4560,6.4640,6.4721,6.4802,6.4883,6.4964, &
      &          6.5046,6.5128,6.5209,6.5292,6.5374,6.5456,6.5539,6.5622, &
      &          6.5705,6.5789,6.5872,6.5956,6.6040,6.6124,6.6209,6.6294, &
      &          6.6378,6.6464,6.6549,6.6634,6.6720,6.6806,6.6892,6.6979, &
      &          6.7065,6.7152,6.7239,6.7327,6.7414,6.7502,6.7590,6.7678, &
      &          6.7767,6.7855,6.7944,6.8034,6.8123,6.8213,6.8302,6.8393, &
      &          6.8483,6.8573,6.8664,6.8755,6.8847,6.8938,6.9030,6.9122, &
      &          6.9214,6.9307,6.9400,6.9493,6.9586,6.9679,6.9773,6.9867, &
      &          6.9962,7.0056,7.0151,7.0246,7.0341,7.0437,7.0533,7.0629, &
      &          7.0725,7.0822,7.0919,7.1016,7.1113,7.1211,7.1309,7.1407, &
      &          7.1506,7.1604,7.1703,7.1803,7.1902,7.2002,7.2102,7.2203, &
      &          7.2303,7.2404,7.2506,7.2607,7.2709,7.2811,7.2914,7.3016, &
      &          7.3119,7.3223,7.3326,7.3430,7.3534,7.3639,7.3743,7.3848, &
      &          7.3954,7.4059,7.4165,7.4272,7.4378,7.4485,7.4592,7.4700, &
      &          7.4807,7.4916,7.5024,7.5133,7.5242,7.5351,7.5461,7.5571, &
      &          7.5681,7.5792,7.5903,7.6014,7.6126,7.6238,7.6350,7.6462, &
      &          7.6575,7.6689,7.6802,7.6916,7.7031,7.7145,7.7260,7.7375, &
      &          7.7491,7.7607,7.7723,7.7840,7.7957,7.8075,7.8192,7.8310, &
      &          7.8429,7.8548,7.8667,7.8786,7.8906,7.9027,7.9147,7.9268, &
      &          7.9390,7.9512,7.9634,7.9756,7.9879,8.0002,8.0126,8.0250, &
      &          8.0374,8.0499,8.0624,8.0750,8.0876,8.1002,8.1129,8.1256, &
      &          8.1384,8.1512,8.1640,8.1769,8.1898,8.2028,8.2158,8.2288, &
      &          8.2419,8.2550,8.2682,8.2814,8.2946,8.3079,8.3213,8.3347, &
      &          8.3481,8.3615,8.3750,8.3886,8.4022,8.4158,8.4295,8.4432, &
      &          8.4570,8.4708,8.4847,8.4986,8.5126,8.5266,8.5406,8.5547, &
      &          8.5688,8.5830,8.5973,8.6116,8.6259,8.6403,8.6547,8.6692, &
      &          8.6837,8.6982,8.7129,8.7275,8.7422,8.7570,8.7718,8.7867, &
      &          8.8016,8.8166,8.8316,8.8467,8.8618,8.8770,8.8922,8.9075, &
      &          8.9228,8.9382,8.9536,8.9691,8.9847,9.0003,9.0159,9.0316, &
      &          9.0474,9.0632,9.0791,9.0950,9.1110,9.1270,9.1431,9.1593, &
      &          9.1755,9.1918,9.2081,9.2245,9.2409,9.2574,9.2740,9.2906, &
      &          9.3073,9.3240,9.3408,9.3577,9.3746,9.3916,9.4086,9.4257, &
      &          9.4429,9.4601,9.4774,9.4948,9.5122,9.5297,9.5472,9.5649, &
      &          9.5825,9.6003,9.6181,9.6360,9.6539,9.6719,9.6900,9.7082, &
      &          9.7264,9.7447,9.7630,9.7814,9.7999,9.8185,9.8371,9.8558, &
      &          9.8746,9.8934,9.9123,9.9313,9.9504,9.9695,9.9887,10.0080, &
      &          10.0274,10.0468,10.0663,10.0859,10.1056,10.1253,10.1451,10.1650, &
      &          10.1850,10.2050,10.2251,10.2454,10.2656,10.2860,10.3065,10.3270, &
      &          10.3476,10.3683,10.3891,10.4099,10.4309,10.4519,10.4730,10.4942, &
      &          10.5155,10.5369,10.5584,10.5799,10.6015,10.6233,10.6451,10.6670, &
      &          10.6890,10.7111,10.7332,10.7555,10.7779,10.8003,10.8229,10.8455, &
      &          10.8682,10.8911,10.9140,10.9370,10.9602,10.9834,11.0067,11.0301, &
      &          11.0536,11.0773,11.1010,11.1248,11.1487,11.1727,11.1969,11.2211, &
      &          11.2455,11.2699,11.2944,11.3191,11.3439,11.3688,11.3937,11.4188, &
      &          11.4440,11.4694,11.4948,11.5203,11.5460,11.5718,11.5977,11.6237, &
      &          11.6498,11.6760,11.7024,11.7289,11.7555,11.7822,11.8090,11.8360, &
      &          11.8631,11.8903,11.9176,11.9450,11.9726,12.0003,12.0282,12.0562, &
      &          12.0843,12.1125,12.1409,12.1694,12.1980,12.2268,12.2557,12.2847, &
      &          12.3139,12.3432,12.3727,12.4023,12.4320,12.4619,12.4919,12.5221, &
      &          12.5524,12.5829,12.6135,12.6443,12.6752,12.7063,12.7375,12.7688, &
      &          12.8004,12.8321,12.8639,12.8959,12.9281,12.9604,12.9929,13.0255, &
      &          13.0583,13.0913,13.1244,13.1577,13.1912,13.2249,13.2587,13.2927, &
      &          13.3269,13.3612,13.3957,13.4304,13.4653,13.5004,13.5356,13.5711, &
      &          13.6067,13.6425,13.6785,13.7147,13.7511,13.7876,13.8244,13.8614, &
      &          13.8985,13.9359,13.9734,14.0112,14.0492,14.0874,14.1258,14.1643, &
      &          14.2032,14.2422,14.2814,14.3209,14.3605,14.4004,14.4405,14.4809, &
      &          14.5214,14.5622,14.6033,14.6445,14.6860,14.7277,14.7697,14.8119, &
      &          14.8543,14.897,14.9399,14.9831 /)


       real :: yellowsand(2868) = (/6.1194,6.2814,6.2325,6.4265,6.4124,6.5747,6.5721,6.5669, &
      &          6.5617,6.9532,6.9417,7.0195,7.2829,7.4563,7.4563,7.4705, &
      &          7.6353,7.8156,7.8156,8.0046,8.0376,8.1799,8.5206,8.2581, &
      &          8.8282,8.8626,9.1607,9.1451,9.2981,9.2455,9.3933,9.5899, &
      &          9.6994,9.6654,10.1010,10.2448,10.2509,10.4014,10.7405,10.6813, &
      &          11.2766,11.0277,11.2337,11.3503,11.4592,11.6295,11.7449,11.7223, &
      &          11.8906,12.0086,11.9520,12.3622,12.6144,12.6861,12.7029,12.7113, &
      &          12.5584,13.0939,13.1089,12.9391,13.3281,13.6406,13.2916,13.6311, &
      &          13.9030,13.8453,13.5745,13.8070,14.1073,14.0439,14.3174,14.3580, &
      &          14.3378,14.1369,14.4380,14.4686,14.7096,14.9972,14.6785,15.2469, &
      &          14.9080,15.1016,15.3770,15.3661,15.5980,15.5487,15.7853,15.8189, &
      &          16.0934,16.0590,16.0590,16.1766,16.3756,16.4107,16.8362,16.7524, &
      &          16.8700,17.0632,17.0253,17.1546,17.2038,17.5016,17.6846,17.9434, &
      &          17.8797,17.8290,17.9069,18.3414,18.3938,18.5906,18.5642,18.4986, &
      &          18.7002,18.6538,19.2073,19.2814,19.1636,19.4836,19.5527,19.7962, &
      &          20.0252,20.2394,20.0677,20.1396,20.1112,20.8399,20.6098,20.7235, &
      &          20.8224,21.0342,21.3940,21.6923,21.7435,22.1422,21.9070,21.9224, &
      &          22.3960,22.8626,22.2256,22.3074,22.6925,23.1830,22.5667,22.6944, &
      &          23.4985,23.6591,23.7088,23.7536,24.1097,24.2050,24.3339,24.3882, &
      &          24.5255,24.7123,24.8053,24.7377,24.9058,25.2437,25.1686,25.6459, &
      &          26.2849,26.6022,26.5075,26.8777,26.9123,26.7072,26.8168,27.0918, &
      &          27.2561,27.5125,27.7566,27.9438,28.1136,28.1493,28.2973,28.3062, &
      &          28.5198,28.6934,29.1146,28.9384,29.0090,28.9677,29.3157,29.1622, &
      &          29.4557,29.7291,29.6021,30.1765,30.1031,30.0431,30.2331,30.2368, &
      &          30.3054,30.9056,30.8611,30.3309,30.3801,30.4504,30.9532,30.9976, &
      &          30.9989,31.1511,31.1727,31.1512,31.3436,31.5495,31.6123,31.4063, &
      &          31.5123,31.8023,31.5968,31.5324,31.6532,31.7617,31.7913,31.8131, &
      &          31.6001,31.6653,31.7962,31.9472,32.1206,32.4238,32.4860,32.2636, &
      &          32.3616,32.1278,32.2991,32.4758,32.0842,32.1935,32.4586,32.1278, &
      &          32.2333,32.6152,32.5268,32.8093,32.8316,32.6923,32.8252,32.9817, &
      &          33.2450,33.3132,33.3421,33.4102,33.5014,33.5838,33.4330,33.4557, &
      &          33.0163,33.6109,34.1891,34.2820,34.2705,33.8756,33.7250,34.0606, &
      &          33.8226,34.2474,34.6820,34.1855,34.3265,34.5610,34.2007,34.5353, &
      &          33.8462,34.2590,34.5246,34.5711,34.6409,34.6176,34.3631,34.4552, &
      &          34.7689,35.0012,34.8839,35.5912,35.1484,35.0781,34.9980,35.2899, &
      &          35.8576,35.6965,35.8089,35.6166,35.6567,35.2143,35.3318,35.4499, &
      &          35.6091,35.2847,35.7599,35.9348,35.9348,35.8526,36.1343,36.3043, &
      &          36.0861,36.2799,36.2921,37.7324,36.4042,36.7736,36.8219,36.8985, &
      &          36.7905,36.5458,36.6533,36.8020,36.9064,37.0306,36.9823,36.9525, &
      &          37.1789,37.0547,37.1305,37.4784,37.3973,37.2546,37.7251,37.6498, &
      &          37.6007,37.6214,37.5727,37.4755,37.5750,37.6257,37.6805,37.9267, &
      &          38.1483,38.3212,38.2968,38.2673,38.2921,38.6389,38.1445,38.2674, &
      &          38.3663,38.4408,38.9920,38.7127,38.7377,38.6877,38.9833,39.0792, &
      &          39.1797,38.6844,38.6350,38.9294,38.6316,38.7053,38.8535,39.1545, &
      &          39.1269,38.9772,38.7793,39.2491,39.2743,39.5176,39.3416,39.1219, &
      &          39.2669,38.9978,39.3168,39.6117,40.0168,39.7127,39.5842,39.5813, &
      &          39.3834,39.6585,39.9837,40.3264,40.3007,40.2495,40.2186,39.9938, &
      &          39.8986,39.6501,39.5505,39.5972,40.4056,40.8102,40.2832,40.1568, &
      &          40.2170,40.4212,40.3189,40.7120,40.4358,40.2832,39.8143,39.7397, &
      &          40.5067,40.6348,40.3819,40.6031,40.4812,40.3104,40.4163,40.4133, &
      &          40.9090,40.5924,40.4941,40.6440,40.9127,40.8105,40.7861,40.8117, &
      &          40.6649,40.8592,40.7389,41.2812,40.9594,41.1796,40.7366,40.5671, &
      &          40.5225,40.3100,40.5772,40.6503,40.4624,40.5586,40.5376,40.1612, &
      &          40.4007,40.4742,40.4540,40.7595,40.4799,40.5745,40.6690,40.7429, &
      &          40.7885,40.9520,40.8604,41.1419,41.2604,41.1419,41.5184,41.5418, &
      &          41.5888,41.2878,41.3585,41.7327,41.8724,41.7093,42.0583,42.1264, &
      &          42.2371,42.2438,42.2422,42.7323,42.7085,42.6847,42.7057,42.8659, &
      &          43.2610,42.9743,42.8762,42.9869,43.6164,44.0602,43.4009,43.4154, &
      &          43.6831,43.6460,43.5500,43.6296,43.6296,43.3829,43.5234,44.0144, &
      &          44.1355,44.3474,44.4055,44.4220,44.4467,44.4143,44.5032,44.4223, &
      &          44.3332,44.4953,44.7314,44.5518,44.8761,45.1770,45.2164,45.1677, &
      &          44.6861,44.7558,44.8486,44.9379,45.0129,44.9404,45.3458,45.2835, &
      &          45.5672,45.5918,45.8267,45.7647,45.9013,46.2880,46.1247,46.3734, &
      &          46.8357,47.0442,46.9932,47.2081,47.4668,47.3630,47.5354,47.5956, &
      &          47.8011,47.9202,48.1500,48.3201,48.6153,49.1992,49.4818,49.0297, &
      &          48.9724,49.0442,48.9746,48.9317,49.1018,49.0585,49.3307,49.7714, &
      &          49.8819,49.6458,49.4269,49.3897,49.6380,49.7163,49.9312,50.1219, &
      &          50.0717,50.2536,49.8472,49.7213,50.3526,50.5736,50.1239,49.5062, &
      &          49.2874,49.4998,49.4075,48.9063,48.5989,48.1784,47.7265,47.0141, &
      &          46.9375,47.3875,48.1458,48.4400,48.6880,49.0318,49.3807,49.5669, &
      &          49.9716,50.1357,50.4408,50.5948,50.8612,50.8082,51.3149,51.4745, &
      &          51.7944,52.0694,52.2555,52.5167,52.8764,52.9006,53.0998,52.2310, &
      &          52.1318,52.3377,52.8747,53.3023,53.2972,53.3976,53.4530,53.9156, &
      &          53.9653,53.8315,53.5253,53.5419,53.9615,53.8072,54.2061,54.1781, &
      &          54.4237,54.4028,54.6215,54.7272,54.5083,54.5985,54.4299,54.5141, &
      &          54.9443,54.9551,55.1359,55.2689,54.8249,55.0136,55.1744,55.2120, &
      &          55.4306,55.2593,55.6588,55.5731,55.7344,55.8009,55.9973,55.7810, &
      &          56.0548,55.9421,55.8850,55.8749,55.9787,55.9759,55.9217,56.5056, &
      &          56.4651,56.0047,56.0047,56.5686,56.4939,56.1470,56.1478,56.1700, &
      &          56.0749,56.5345,56.7300,56.7919,56.4577,56.6936,56.6593,56.6999, &
      &          56.9461,57.1708,56.8381,57.0247,57.1285,56.7802,56.6936,56.9828, &
      &          57.0445,56.8132,56.8709,56.8709,56.9799,57.2961,57.2220,57.1509, &
      &          57.0641,57.1026,57.0468,57.2422,57.0058,56.8419,56.8503,56.3957, &
      &          56.5501,56.3903,55.6214,54.9815,53.8603,52.9665,51.6067,50.5620, &
      &          48.6658,47.0823,45.3290,44.3037,44.2521,44.2752,44.8621,45.0715, &
      &          45.3673,46.0088,47.0225,47.2945,47.9031,48.1010,48.3920,48.8621, &
      &          48.9901,49.3544,49.7444,49.5193,49.7227,50.0548,50.2323,50.7393, &
      &          51.3499,51.5015,51.6756,52.3109,52.3563,52.4983,52.7990,53.1009, &
      &          53.5521,53.5934,54.0679,54.0611,53.9279,53.8371,54.3198,54.4193, &
      &          53.8891,54.2450,54.3778,54.2909,54.4695,54.7316,54.8222,54.8438, &
      &          55.0673,55.0881,55.1615,55.1440,55.1580,55.1684,55.1757,55.1928, &
      &          55.2037,55.2058,55.1977,55.1802,55.1598,55.1416,55.1291,55.1224, &
      &          55.1191,55.1165,55.1122,55.1066,55.1004,55.0957,55.0938,55.0947, &
      &          55.0973,55.0992,55.0973,55.0881,55.0715,55.0500,55.0279,55.0111, &
      &          55.0031,55.0047,55.0123,55.0197,55.0225,55.0187,55.0097,54.9988, &
      &          54.9900,54.9858,54.9867,54.9912,54.9974,55.0026,55.0043,54.9990, &
      &          54.9865,54.9687,54.9503,54.9368,54.9330,54.9394,54.9517,54.9638, &
      &          54.9704,54.9699,54.9638,54.9555,54.9479,54.9408,54.9320,54.9185, &
      &          54.8993,54.8752,54.8480,54.8200,54.7930,54.7672,54.7426,54.7198, &
      &          54.7000,54.6834,54.6687,54.6531,54.6322,54.6014,54.5581,54.5010, &
      &          54.4328,54.3570,54.2794,54.2052,54.1387,54.0814,54.0317,53.9860, &
      &          53.9395,53.8891,53.8344,53.7768,53.7193,53.6644,53.6127,53.5630, &
      &          53.5135,53.4631,53.4119,53.3612,53.3129,53.2689,53.2296,53.1936, &
      &          53.1585,53.1213,53.0787,53.0299,52.9764,52.9215,52.8679,52.8170, &
      &          52.7666,52.7121,52.6491,52.5755,52.4928,52.4054,52.3190,52.2375, &
      &          52.1608,52.0862,52.0097,51.9280,51.8404,51.7476,51.6521,51.5565, &
      &          51.4617,51.3675,51.2728,51.1764,51.0769,50.9732,50.8647,50.7513, &
      &          50.6317,50.5050,50.3707,50.2291,50.0828,49.9373,49.8017,49.6866, &
      &          49.6032,49.5601,49.5625,49.6108,49.7022,49.8298,49.9857,50.1583, &
      &          50.3361,50.5067,50.6592,50.7875,50.8905,50.9715,51.0376,51.0949, &
      &          51.1477,51.1967,51.2405,51.2770,51.3052,51.3260,51.3417,51.3547, &
      &          51.3665,51.3779,51.3874,51.3926,51.3916,51.3833,51.3684,51.3488, &
      &          51.3272,51.3064,51.2872,51.2685,51.2486,51.2278,51.2069,51.1892, &
      &          51.1778,51.1740,51.1766,51.1830,51.1901,51.1965,51.2019,51.2090, &
      &          51.2202,51.2372,51.2602,51.2891,51.3220,51.3563,51.3878,51.4139, &
      &          51.4333,51.4461,51.4551,51.4629,51.4710,51.4769,51.4757,51.4624, &
      &          51.4345,51.3928,51.3424,51.2896,51.2389,51.1915,51.1453,51.0954, &
      &          51.0369,50.9665,50.8844,50.7918,50.6916,50.5874,50.4820,50.3766, &
      &          50.2708,50.1635,50.0539,49.9418,49.8291,49.7188,49.6148,49.5198, &
      &          49.4344,49.3569,49.2854,49.2177,49.1528,49.0900,49.0301,48.9723, &
      &          48.9160,48.8603,48.8054,48.7507,48.6967,48.6422,48.5866,48.5292, &
      &          48.4700,48.4108,48.3540,48.3031,48.2607,48.2278,48.2034,48.1861, &
      &          48.1726,48.1603,48.1473,48.1316,48.1120,48.0869,48.0551,48.0170, &
      &          47.9746,47.9299,47.8868,47.8484,47.8148,47.7840,47.7520,47.7160, &
      &          47.6741,47.6270,47.5780,47.5313,47.4896,47.4536,47.4228,47.3961, &
      &          47.3707,47.3452,47.3186,47.2916,47.2649,47.2403,47.2204,47.2071, &
      &          47.2009,47.2007,47.2043,47.2092,47.2144,47.2189,47.2230,47.2272, &
      &          47.2308,47.2327,47.2310,47.2249,47.2140,47.1986,47.1794,47.1569, &
      &          47.1304,47.0993,47.0629,47.0205,46.9715,46.9158,46.8526,46.7813, &
      &          46.7024,46.6181,46.5324,46.4505,46.3761,46.3122,46.2584,46.2129, &
      &          46.1739,46.1393,46.1080,46.0794,46.0531,46.0294,46.0093,45.9934, &
      &          45.9830,45.9776,45.9759,45.9749,45.9714,45.9622,45.9463,45.9238, &
      &          45.8968,45.8674,45.8381,45.8111,45.7862,45.7630,45.7393,45.7133, &
      &          45.6830,45.6481,45.6100,45.5700,45.5297,45.4892,45.4478,45.4040, &
      &          45.3573,45.3085,45.2586,45.2096,45.1620,45.1139,45.0623,45.0028, &
      &          44.9337,44.8558,44.7729,44.6909,44.6149,44.5477,44.4885,44.4347, &
      &          44.3831,44.3317,44.2803,44.2299,44.1815,44.1356,44.0918,44.0494, &
      &          44.0077,43.9675,43.9296,43.8936,43.8590,43.8239,43.7875,43.7482, &
      &          43.7072,43.6655,43.6248,43.5848,43.5447,43.5024,43.4562,43.4050, &
      &          43.3506,43.2958,43.2442,43.1988,43.1594,43.1251,43.0922,43.0567, &
      &          43.0157,42.9686,42.9153,42.8577,42.7990,42.7417,42.6879,42.6394, &
      &          42.5961,42.5565,42.5186,42.4800,42.4395,42.3964,42.3517,42.3071, &
      &          42.2638,42.2224,42.1821,42.1423,42.1018,42.0606,42.0196,41.9806, &
      &          41.9451,41.9133,41.8847,41.8562,41.8252,41.7895,41.7485,41.7049, &
      &          41.6616,41.6216,41.5860,41.5555,41.5283,41.5024,41.4764,41.4480, &
      &          41.4141,41.3701,41.3132,41.2436,41.1657,41.0890,41.0253,40.9831, &
      &          40.9627,40.9552,40.9478,40.9301,40.8957,40.8467,40.7910,40.7342, &
      &          40.6745,40.6080,40.5374,40.4754,40.4410,40.4503,40.5014,40.5616, &
      &          40.5741,40.4839,40.2674,39.9530,39.6136,39.3403,39.2008,39.2098, &
      &          39.3218,39.4537,39.5267,39.5021,39.3917,39.2470,39.1277,39.0763, &
      &          39.0914,39.1269,39.1241,39.0412,38.8771,38.6753,38.5046,38.4248, &
      &          38.4411,38.4866,38.4591,38.2787,37.9386,37.5218,37.1727,37.0323, &
      &          37.1571,37.4763,37.8313,38.0577,38.0615,37.8574,37.5580,37.3167, &
      &          37.2480,37.3655,37.5874,37.7901,37.8614,37.7451,37.4685,37.1313, &
      &          36.8566,36.7278,36.7578,36.8952,37.0392,37.0816,36.9662,36.7105, &
      &          36.3953,36.1208,35.9721,35.9910,36.1521,36.3796,36.5885,36.7098, &
      &          36.7086,36.5873,36.3825,36.1442,35.9084,35.6905,35.4871,35.2801, &
      &          35.0530,34.8036,34.5441,34.2935,34.0626,33.8422,33.5971,33.2729, &
      &          32.8267,32.2444,31.5472,30.7981,30.0882,29.4985,29.0661,28.7717, &
      &          28.5595,28.3523,28.0781,27.7041,27.2402,26.7157,26.1485,25.5344, &
      &          24.8465,24.0427,23.0803,21.9379,20.6250,19.1766,17.6475,16.1037, &
      &          14.6134,13.2368,12.0167,10.9750,10.1158,9.4307,8.9033,8.5140, &
      &          8.2433,8.0733,7.9852,7.9563,7.9622,7.9736,7.9570,7.8836, &
      &          7.7358,7.5151,7.2425,6.9531,6.6837,6.4596,6.2877,6.1567, &
      &          6.0452,5.9294,5.7925,5.6282,5.4399,5.2381,5.0380,4.8557, &
      &          4.7039,4.5895,4.5111,4.4588,4.4161,4.3669,4.2982,4.2051, &
      &          4.0912,3.9674,3.8468,3.7407,3.6581,3.6029,3.5754,3.5731, &
      &          3.5930,3.6325,3.6879,3.7554,3.8303,3.9068,3.9785,4.0398, &
      &          4.0874,4.1213,4.1445,4.1623,4.1803,4.2032,4.2328,4.2684, &
      &          4.3072,4.3470,4.3856,4.4230,4.4588,4.4933,4.5248,4.5504, &
      &          4.5684,4.5779,4.5819,4.5855,4.5952,4.6158,4.6477,4.6882, &
      &          4.7325,4.7754,4.8128,4.8438,4.8701,4.8940,4.9182,4.9450, &
      &          4.9753,5.0087,5.0439,5.0785,5.1102,5.1368,5.1576,5.1740, &
      &          5.1884,5.2031,5.2204,5.2403,5.2613,5.2815,5.2988,5.3115, &
      &          5.3205,5.3262,5.3288,5.3293,5.3279,5.3255,5.3236,5.3236, &
      &          5.3260,5.3300,5.3340,5.3357,5.3333,5.3258,5.3137,5.2995, &
      &          5.2850,5.2729,5.2647,5.2602,5.2590,5.2590,5.2580,5.2549, &
      &          5.2493,5.2410,5.2308,5.2194,5.2076,5.1962,5.1860,5.1787, &
      &          5.1742,5.1713,5.1680,5.1614,5.1510,5.1372,5.1230,5.1117, &
      &          5.1062,5.1065,5.1098,5.1126,5.1121,5.1074,5.1001,5.0937, &
      &          5.0913,5.0937,5.0996,5.1060,5.1098,5.1091,5.1048,5.1001, &
      &          5.0982,5.1020,5.1121,5.1273,5.1443,5.1593,5.1690,5.1728, &
      &          5.1718,5.1697,5.1690,5.1721,5.1794,5.1898,5.2021,5.2152, &
      &          5.2289,5.2440,5.2618,5.2815,5.3023,5.3227,5.3419,5.3608, &
      &          5.3812,5.4046,5.4316,5.4596,5.4856,5.5060,5.5206,5.5311, &
      &          5.5410,5.5548,5.5746,5.6009,5.6305,5.6613,5.6912,5.7193, &
      &          5.7463,5.7731,5.7991,5.8233,5.8444,5.8617,5.8756,5.8887, &
      &          5.9038,5.9232,5.9472,5.9737,6.0002,6.0239,6.0438,6.0601, &
      &          6.0748,6.0902,6.1080,6.1288,6.1525,6.1785,6.2053,6.2313, &
      &          6.2548,6.2749,6.2912,6.3045,6.3159,6.3270,6.3391,6.3531, &
      &          6.3687,6.3867,6.4066,6.4286,6.4525,6.4781,6.5044,6.5311, &
      &          6.5579,6.5849,6.6117,6.6391,6.6673,6.6962,6.7260,6.7564, &
      &          6.7871,6.8184,6.8504,6.8842,6.9205,6.9595,7.0019,7.0476, &
      &          7.0962,7.1462,7.1971,7.2477,7.2977,7.3472,7.3962,7.4453, &
      &          7.4950,7.5464,7.6011,7.6593,7.7226,7.7903,7.8613,7.9340, &
      &          8.0058,8.0757,8.1429,8.2076,8.2710,8.3354,8.4020,8.4721, &
      &          8.5464,8.6248,8.7051,8.7854,8.8633,8.9374,9.0071,9.0743, &
      &          9.1418,9.2121,9.2874,9.3684,9.4542,9.5423,9.6306,9.7177, &
      &          9.8035,9.8882,9.9730,10.0588,10.1452,10.2307,10.3143,10.3946, &
      &          10.4715,10.5464,10.6214,10.6996,10.7829,10.8729,10.9691,11.0695, &
      &          11.1711,11.2698,11.3634,11.4508,11.5332,11.6134,11.6951,11.7806, &
      &          11.8716,11.9663,12.0627,12.1581,12.2517,12.3433,12.4340,12.5254, &
      &          12.6185,12.7127,12.8072,12.9010,12.9931,13.0831,13.1724,13.2622, &
      &          13.3540,13.4497,13.5497,13.6541,13.7614,13.8703,13.9790,14.0870, &
      &          14.1931,14.2982,14.4024,14.5059,14.6087,14.7108,14.8126,14.9144, &
      &          15.0172,15.1219,15.2284,15.3364,15.4451,15.5534,15.6611,15.7679, &
      &          15.8738,15.9784,16.0819,16.1830,16.2816,16.3777,16.4720,16.5655, &
      &          16.6579,16.7490,16.8374,16.9221,17.0022,17.0777,17.1502,17.2205, &
      &          17.2892,17.3562,17.4214,17.4839,17.5438,17.6016,17.6584,17.7148, &
      &          17.7707,17.8251,17.8770,17.9255,17.9727,18.0212,18.0764,18.1427, &
      &          18.2227,18.3153,18.4155,18.5157,18.6076,18.6843,18.7418,18.7797, &
      &          18.8006,18.8096,18.8131,18.8176,18.8304,18.8581,18.9062,18.9782, &
      &          19.0760,19.1991,19.3460,19.5129,19.6967,19.8925,20.0945,20.2965, &
      &          20.4921,20.6773,20.8497,21.0103,21.1614,21.3061,21.4458,21.5808, &
      &          21.7096,21.8302,21.9415,22.0426,22.1349,22.2195,22.2983,22.3734, &
      &          22.4482,22.5254,22.6083,22.6976,22.7921,22.8871,22.9768,23.0552, &
      &          23.1187,23.1684,23.2101,23.2534,23.3117,23.3979,23.5222,23.6889, &
      &          23.8945,24.1299,24.3814,24.6338,24.8751,25.0975,25.2983,25.4781, &
      &          25.6400,25.7881,25.9261,26.0571,26.1835,26.3069,26.4279,26.5468, &
      &          26.6638,26.7794,26.8942,27.0091,27.1244,27.2397,27.3536,27.4649, &
      &          27.5725,27.6755,27.7749,27.8723,27.9696,28.0681,28.1685,28.2706, &
      &          28.3729,28.4747,28.5756,28.6753,28.7741,28.8719,28.9685,29.0632, &
      &          29.1553,29.2446,29.3315,29.4170,29.5016,29.5856,29.6702,29.7552, &
      &          29.8407,29.9262,30.0110,30.0934,30.1725,30.2482,30.3212,30.3932, &
      &          30.4654,30.5381,30.6113,30.6830,30.7517,30.8166,30.8775,30.9350, &
      &          30.9897,31.0418,31.0915,31.1384,31.1830,31.2258,31.2682,31.3104, &
      &          31.3523,31.3935,31.4330,31.4709,31.5074,31.5436,31.5806,31.6192, &
      &          31.6590,31.6995,31.7411,31.7842,31.8292,31.8768,31.9270,31.9791, &
      &          32.0324,32.0859,32.1399,32.1953,32.2534,32.3154,32.3817,32.4513, &
      &          32.5229,32.5944,32.6640,32.7320,32.7988,32.8658,32.9340,33.0034, &
      &          33.0727,33.1402,33.2039,33.2622,33.3148,33.3617,33.4033,33.4403, &
      &          33.4727,33.5011,33.5265,33.5485,33.5677,33.5840,33.5973,33.6068, &
      &          33.6127,33.6153,33.6155,33.6143,33.6125,33.6108,33.6098,33.6094, &
      &          33.6106,33.6143,33.6219,33.6352,33.6546,33.6797,33.7088,33.7396, &
      &          33.7699,33.7981,33.8244,33.8495,33.8758,33.9054,33.9388,33.9750, &
      &          34.0122,34.0468,34.0766,34.0998,34.1173,34.1308,34.1415,34.1507, &
      &          34.1578,34.1612,34.1590,34.1495,34.1313,34.1038,34.0662,34.0165, &
      &          33.9535,33.8760,33.7841,33.6797,33.5665,33.4493,33.3330,33.2219, &
      &          33.1187,33.0251,32.9425,32.8710,32.8115,32.7658,32.7360,32.7237, &
      &          32.7298,32.7538,32.7928,32.8435,32.9018,32.9648,33.0299,33.0950, &
      &          33.1592,33.2210,33.2790,33.3328,33.3823,33.4275,33.4687,33.5066, &
      &          33.5405,33.5703,33.5952,33.6148,33.6295,33.6387,33.6425,33.6402, &
      &          33.6304,33.6129,33.5866,33.5521,33.5104,33.4633,33.4123,33.3591, &
      &          33.3044,33.2480,33.1900,33.1291,33.0645,32.9958,32.9219,32.8433, &
      &          32.7604,32.6747,32.5885,32.5037,32.4220,32.3436,32.2676,32.1932, &
      &          32.1193,32.0454,31.9713,31.8974,31.8235,31.7489,31.6727,31.5938, &
      &          31.5117,31.4266,31.3390,31.2497,31.1590,31.0679,30.9767,30.8865, &
      &          30.7993,30.7171,30.6425,30.5767,30.5196,30.4697,30.4233,30.3771, &
      &          30.3276,30.2724,30.2106,30.1419,30.0664,29.9830,29.8909,29.7879, &
      &          29.6733,29.5475,29.4135,29.2759,29.1407,29.0130,28.8972,28.7944, &
      &          28.7035,28.6206,28.5418,28.4634,28.3828,28.3002,28.2173,28.1358, &
      &          28.0577,27.9836,27.9123,27.8408,27.7652,27.6821,27.5888,27.4841, &
      &          27.3679,27.2416,27.1071,26.9653,26.8173,26.6638,26.5047,26.3403, &
      &          26.1712,25.9979,25.8203,25.6391,25.4541,25.2659,25.0750,24.8832, &
      &          24.6928,24.5064,24.3267,24.1554,23.9930,23.8386,23.6899,23.5454, &
      &          23.4040,23.2655,23.1305,22.9988,22.8695,22.7405,22.6083,22.4710, &
      &          22.3282,22.1828,22.0402,21.9071,21.7892,21.6895,21.6075,21.5408, &
      &          21.4849,21.4370,21.3970,21.3665,21.3489,21.3473,21.3627,21.3932, &
      &          21.4335,21.4775,21.5195,21.5545,21.5798,21.5948,21.5993,21.5936, &
      &          21.5777,21.5512,21.5131,21.4626,21.3999,21.3246,21.2388,21.1443, &
      &          21.0432,20.9383,20.8306,20.7202,20.6068,20.4884,20.3638,20.2328, &
      &          20.0955,19.9532,19.8066,19.6559,19.5011,19.3417,19.1778,19.0106, &
      &          18.8418,18.6729,18.5057,18.3407,18.1785,18.0203,17.8694,17.7306, &
      &          17.6106,17.5158,17.4505,17.4161,17.4093,17.4223,17.4453,17.4678, &
      &          17.4815,17.4813,17.4652,17.4339,17.3906,17.3378,17.2778,17.2118, &
      &          17.1398,17.0612,16.9754,16.8835,16.7874,16.6905,16.5970,16.5101, &
      &          16.4315,16.3611,16.2970,16.2363,16.1764,16.1153,16.0518,15.9851, &
      &          15.9143,15.8382,15.7556,15.6663,15.5706,15.4695,15.3637,15.2531, &
      &          15.1370,15.0136,14.8813,14.7382,14.5838,14.4171,14.2376,14.0458, &
      &          13.8428,13.6316,13.4168,13.2044,13.0017,12.8153,12.6502,12.5096, &
      &          12.3926,12.2952,12.2112,12.1323,12.0511,11.9616,11.8607,11.7487, &
      &          11.6279,11.5029,11.3792,11.2620,11.1547,11.0598,10.9755,10.8994, &
      &          10.8282,10.7590,10.6913,10.6255,10.5634,10.5075,10.4578,10.4130, &
      &          10.3711,10.3292,10.2856,10.2385,10.1883,10.1362,10.0836,10.0322, &
      &          9.9832,9.9368,9.8918,9.8461,9.7983,9.7464,9.6900,9.6282, &
      &          9.5610,9.4880,9.4106,9.3308,9.2519,9.1780,9.1124,9.0558, &
      &          9.0080,8.9651,8.9237,8.8787,8.8268,8.7648,8.6919,8.6083, &
      &          8.5164,8.4195,8.3203,8.2213,8.1233,8.0255,7.9267,7.8270, &
      &          7.7275,7.6300,7.5362,7.4471,7.3628,7.2818,7.2035,7.1279, &
      &          7.0573,6.9948,6.9430,6.9022,6.8707,6.8435,6.8141,6.7767, &
      &          6.7279,6.6694,6.6074,6.5496,6.5041,6.4764,6.4674,6.4734, &
      &          6.4880,6.5058,6.5207,6.5283,6.5269,6.5181,6.5058,6.4949, &
      &          6.4899,6.4937,6.5030,6.5091,6.5025,6.4764,6.4295,6.3663, &
      &          6.2967,6.2311,6.1752,6.1290,6.0876,6.0442,5.9929,5.9308, &
      &          5.8593,5.7821,5.7035,5.6260,5.5512,5.4778,5.4041,5.3303, &
      &          5.2583,5.1927,5.1391,5.1031,5.0868,5.0880,5.0996,5.1131, &
      &          5.1197,5.1140,5.0953,5.0681,5.0406,5.0217,5.0179,5.0321, &
      &          5.0619,5.1005,5.1396,5.1713,5.1898,5.1924,5.1801,5.1567, &
      &          5.1278,5.0979,5.0702,5.0435,5.0136,4.9746,4.9229,4.8616, &
      &          4.7988,4.7453,4.7110,4.6982,4.6989,4.6970,4.6769,4.6297, &
      &          4.5578,4.4730,4.3925,4.3292,4.2852,4.2504,4.2080,4.1429, &
      &          4.0486,3.9309,3.8056,3.6924,3.6058,3.5484,3.5108,3.4772, &
      &          3.4317,3.3680,3.2889,3.2051,3.1302,3.0710,3.0270,2.9907, &
      &          2.9552,2.9166,2.8757,2.8368,2.8046,2.7788,2.7535,2.7208, &
      &          2.6748,2.6154,2.5481,2.4840,2.4347,2.4077,2.4020,2.4101, &
      &          2.4222,2.4288,2.4262,2.4165,2.4079,2.4084,2.4222,2.4484, &
      &          2.4823,2.5166,2.5451,2.5661,2.5827,2.6002,2.6251,2.6623, &
      &          2.7120,2.7710,2.8333,2.8927,2.9453,2.9905,3.0298,3.0670, &
      &          3.1044,3.1442,3.1859,3.2292,3.2730,3.3157,3.3545,3.3855, &
      &          3.4054,3.4139,3.4149,3.4158,3.4253,3.4483,3.4819,3.5151, &
      &          3.5342,3.5302,3.5027,3.4632,3.4310,3.4241,3.4499,3.5008, &
      &          3.5570,3.5946,3.5958,3.5565,3.4876,3.4109,3.3481,3.3138, &
      &          3.3093,3.3237,3.3405,3.3448,3.3282,3.2941,3.2534,3.2195, &
      &          3.2017,3.2008,3.2089,3.2136,3.2051,3.1816,3.1494,3.1189, &
      &          3.0999,3.0966,3.1047,3.1151,3.1196,3.1153,3.1044,3.0923, &
      &          3.0843,3.0826,3.0841,3.0817,3.0691,3.0426,3.0035,2.9574, &
      &          2.9121,2.8752,2.8501,2.8349,2.8236,2.8093,2.7885,2.7615, &
      &          2.7324,2.7085,2.6950,2.6938,2.7009,2.7106,2.7160,2.7120, &
      &          2.6966,2.6715,2.6419,2.6130,2.5893,2.5732,2.5640,2.5571, &
      &          2.5477,2.5323,2.5114,2.4877,2.4671,2.4551,2.4534,2.4600, &
      &          2.4693,2.4757,2.4747,2.4653,2.4480,2.4264,2.4032,2.3805, &
      &          2.3587,2.3381,2.3198,2.3047,2.2929,2.2846,2.2789,2.2734, &
      &          2.2656,2.2538,2.2379,2.2187,2.1981,2.1770,2.1572,2.1380, &
      &          2.1195,2.1022,2.0871,2.0743,2.0641,2.0556,2.0475,2.0376, &
      &          2.0248,2.0087,1.9900,1.9696,1.9499,1.9331,1.9203,1.9121, &
      &          1.9073,1.9052,1.9033,1.9000,1.8943,1.8867,1.8775,1.8680, &
      &          1.8597,1.8533,1.8483,1.8450,1.8431,1.8422,1.8431,1.8469, &
      &          1.8538,1.8640,1.8768,1.8900,1.9028,1.9144,1.9251,1.9362, &
      &          1.9492,1.9653,1.9845,2.0063,2.0300,2.0553,2.0833,2.1164, &
      &          2.1567,2.2066,2.2682,2.3431,2.4314,2.5330,2.6476,2.7741, &
      &          2.9114,3.0582,3.2131,3.3756,3.5458,3.7251,3.9167,4.1241, &
      &          4.3505,4.5985,4.8682,5.1590,5.4681,5.7920,6.1267,6.4660, &
      &          6.8037,7.1317,7.4417,7.7264,7.9802,8.2012,8.3904,8.5514, &
      &          8.6895,8.8088,8.9128,9.0026,9.0776,9.1375,9.1818,9.2119, &
      &          9.2285,9.2323,9.2237,9.2022,9.1681,9.1229,9.0700,9.0139, &
      &          8.9592,8.9109,8.8706,8.8354,8.7963,8.7376,8.6424,8.4972, &
      &          8.3025,8.0776,7.8590,7.6908,7.6108,7.6359,7.7567,7.9400, &
      &          8.1429,8.3269,8.4678,8.5588,8.6071,8.6260,8.6272,8.6184, &
      &          8.6028,8.5803,8.5491,8.5067,8.4503,8.3788,8.2935,8.1981, &
      &          8.0998,8.0072,7.9291,7.8713,7.8372,7.8275,7.8412,7.8760, &
      &          7.9293,7.9977,8.0790,8.1687,8.2642,8.3636,8.4659,8.5715, &
      &          8.6810,8.7946,8.9123,9.0324,9.1510,9.2642,9.3668,9.4546, &
      &          9.5235,9.5714,9.5981,9.6052,9.5955,9.5730,9.5420,9.5063, &
      &          9.4677,9.4269,9.3822,9.3303,9.2675,9.1920,9.1023,8.9999, &
      &          8.8870,8.7657,8.6369,8.5003,8.3549,8.2002,8.0375,7.8696, &
      &          7.7012,7.5386,7.3865,7.2499,7.1315,7.0318,6.9482,6.8762, &
      &          6.8092,6.7405,6.6652,6.5797,6.4847,6.3810,6.2704,6.1556, &
      &          6.0381,5.9204,5.8053,5.6957,5.5941,5.5019,5.4181,5.3402, &
      &          5.2651,5.1896,5.1124,5.0333,4.9549,4.8794,4.8088,4.7441, &
      &          4.6852,4.6300,4.5769,4.5237,4.4694,4.4142,4.3598,4.3072, &
      &          4.2591,4.2170,4.1807,4.1492,4.1206,4.0927,4.0628,4.0301, &
      &          3.9951,3.9593,3.9252,3.8954,3.8715,3.8547,3.8452,3.8419, &
      &          3.8433,3.8473,3.8518,3.8544,3.8539,3.8506,3.8445,3.8364, &
      &          3.8265,3.8144,3.8004,3.7846,3.7675,3.7505,3.7343,3.7185, &
      &          3.7014,3.6808,3.6557,3.6264,3.5953,3.5655,3.5394,3.5191, &
      &          3.5035,3.4907,3.4788,3.4670,3.4544,3.4414,3.4281,3.4149, &
      &          3.4004,3.3839,3.3633,3.3374,3.3050,3.2662,3.2224,3.1752, &
      &          3.1279,3.0819,3.0383,2.9967,2.9562,2.9154,2.8733,2.8292, &
      &          2.7821,2.7300,2.6703,2.6019,2.5254,2.4473,2.3781,2.3312, &
      &          2.3201,2.3516,2.4222,2.5176,2.6147,2.6898,2.7253,2.7163, &
      &          2.6727,2.6161,2.5721,2.5612,2.5922,2.6592,2.7440,2.8226, &
      &          2.8738,2.8849,2.8553,2.7942,2.7153,2.6327,2.5564,2.4925, &
      &          2.4428,2.4058,2.3800,2.3625,2.3497,2.3371,2.3225,2.3042, &
      &          2.2820,2.2561,2.2289,2.2012,2.1740,2.1470,2.1204,2.0937, &
      &          2.0657,2.0359,2.0051,1.9760,1.9511,1.9334,1.9232,1.9163, &
      &          1.9064,1.8855,1.8467,1.7842,1.6970,1.5902,1.4735,1.3591, &
      &          1.2606,1.1886,1.1493,1.1391,1.1502,1.1753,1.2059,1.2303, &
      &          1.2350,1.2073,1.1398,1.0351,0.9162,0.8206,0.7779,0.7914, &
      &          0.8362,0.8625,0.8175,0.6787 /)
