       real :: wvdunesand(2844) = (/0.4,0.401,0.402,0.403,0.404,0.405,0.406,0.407, &
      &          0.4080,0.4090,0.4100,0.4110,0.4120,0.4130,0.4140,0.4150, &
      &          0.4160,0.4170,0.4180,0.4190,0.4200,0.4210,0.4220,0.4230, &
      &          0.4240,0.4250,0.4260,0.4270,0.4280,0.4290,0.4300,0.4310, &
      &          0.4320,0.4330,0.4340,0.4350,0.4360,0.4370,0.4380,0.4390, &
      &          0.4400,0.4410,0.4420,0.4430,0.4440,0.4450,0.4460,0.4470, &
      &          0.4480,0.4490,0.4500,0.4510,0.4520,0.4530,0.4540,0.4550, &
      &          0.4560,0.4570,0.4580,0.4590,0.4600,0.4610,0.4620,0.4630, &
      &          0.4640,0.4650,0.4660,0.4670,0.4680,0.4690,0.4700,0.4710, &
      &          0.4720,0.4730,0.4740,0.4750,0.4760,0.4770,0.4780,0.4790, &
      &          0.4800,0.4810,0.4820,0.4830,0.4840,0.4850,0.4860,0.4870, &
      &          0.4880,0.4890,0.4900,0.4910,0.4920,0.4930,0.4940,0.4950, &
      &          0.4960,0.4970,0.4980,0.4990,0.5000,0.5010,0.5020,0.5030, &
      &          0.5040,0.5050,0.5060,0.5070,0.5080,0.5090,0.5100,0.5110, &
      &          0.5120,0.5130,0.5140,0.5150,0.5160,0.5170,0.5180,0.5190, &
      &          0.5200,0.5210,0.5220,0.5230,0.5240,0.5250,0.5260,0.5270, &
      &          0.5280,0.5290,0.5300,0.5310,0.5320,0.5330,0.5340,0.5350, &
      &          0.5360,0.5370,0.5380,0.5390,0.5400,0.5410,0.5420,0.5430, &
      &          0.5440,0.5450,0.5460,0.5470,0.5480,0.5490,0.5500,0.5510, &
      &          0.5520,0.5530,0.5540,0.5550,0.5560,0.5570,0.5580,0.5590, &
      &          0.5600,0.5610,0.5620,0.5630,0.5640,0.5650,0.5660,0.5670, &
      &          0.5680,0.5690,0.5700,0.5710,0.5720,0.5730,0.5740,0.5750, &
      &          0.5760,0.5770,0.5780,0.5790,0.5800,0.5810,0.5820,0.5830, &
      &          0.5840,0.5850,0.5860,0.5870,0.5880,0.5890,0.5900,0.5910, &
      &          0.5920,0.5930,0.5940,0.5950,0.5960,0.5970,0.5980,0.5990, &
      &          0.6000,0.6010,0.6020,0.6030,0.6040,0.6050,0.6060,0.6070, &
      &          0.6080,0.6090,0.6100,0.6110,0.6120,0.6130,0.6140,0.6150, &
      &          0.6160,0.6170,0.6180,0.6190,0.6200,0.6210,0.6220,0.6230, &
      &          0.6240,0.6250,0.6260,0.6270,0.6280,0.6290,0.6300,0.6310, &
      &          0.6320,0.6330,0.6340,0.6350,0.6360,0.6370,0.6380,0.6390, &
      &          0.6400,0.6410,0.6420,0.6430,0.6440,0.6450,0.6460,0.6470, &
      &          0.6480,0.6490,0.6500,0.6510,0.6520,0.6530,0.6540,0.6550, &
      &          0.6560,0.6570,0.6580,0.6590,0.6600,0.6610,0.6620,0.6630, &
      &          0.6640,0.6650,0.6660,0.6670,0.6680,0.6690,0.6700,0.6710, &
      &          0.6720,0.6730,0.6740,0.6750,0.6760,0.6770,0.6780,0.6790, &
      &          0.6800,0.6810,0.6820,0.6830,0.6840,0.6850,0.6860,0.6870, &
      &          0.6880,0.6890,0.6900,0.6910,0.6920,0.6930,0.6940,0.6950, &
      &          0.6960,0.6970,0.6980,0.6990,0.7000,0.7010,0.7020,0.7030, &
      &          0.7040,0.7050,0.7060,0.7070,0.7080,0.7090,0.7100,0.7110, &
      &          0.7120,0.7130,0.7140,0.7150,0.7160,0.7170,0.7180,0.7190, &
      &          0.7200,0.7210,0.7220,0.7230,0.7240,0.7250,0.7260,0.7270, &
      &          0.7280,0.7290,0.7300,0.7310,0.7320,0.7330,0.7340,0.7350, &
      &          0.7360,0.7370,0.7380,0.7390,0.7400,0.7410,0.7420,0.7430, &
      &          0.7440,0.7450,0.7460,0.7470,0.7480,0.7490,0.7500,0.7510, &
      &          0.7520,0.7530,0.7540,0.7550,0.7560,0.7570,0.7580,0.7590, &
      &          0.7600,0.7610,0.7620,0.7630,0.7640,0.7650,0.7660,0.7670, &
      &          0.7680,0.7690,0.7700,0.7710,0.7720,0.7730,0.7740,0.7750, &
      &          0.7760,0.7770,0.7780,0.7790,0.7800,0.7810,0.7820,0.7830, &
      &          0.7840,0.7850,0.7860,0.7870,0.7880,0.7890,0.7900,0.7910, &
      &          0.7920,0.7930,0.7940,0.7950,0.7960,0.7970,0.7980,0.7990, &
      &          0.8000,0.8040,0.8080,0.8120,0.8160,0.8200,0.8240,0.8280, &
      &          0.8320,0.8360,0.8400,0.8440,0.8480,0.8520,0.8560,0.8600, &
      &          0.8640,0.8680,0.8720,0.8760,0.8800,0.8840,0.8880,0.8920, &
      &          0.8960,0.9000,0.9040,0.9080,0.9120,0.9160,0.9200,0.9240, &
      &          0.9280,0.9320,0.9360,0.9400,0.9440,0.9480,0.9520,0.9560, &
      &          0.9600,0.9640,0.9680,0.9720,0.9760,0.9800,0.9840,0.9880, &
      &          0.9920,0.9960,1.0000,1.0040,1.0080,1.0120,1.0160,1.0200, &
      &          1.0240,1.0280,1.0320,1.0360,1.0400,1.0440,1.0480,1.0520, &
      &          1.0560,1.0600,1.0640,1.0680,1.0720,1.0760,1.0800,1.0840, &
      &          1.0880,1.0920,1.0960,1.1000,1.1040,1.1080,1.1120,1.1160, &
      &          1.1200,1.1240,1.1280,1.1320,1.1360,1.1400,1.1440,1.1480, &
      &          1.1520,1.1560,1.1600,1.1640,1.1680,1.1720,1.1760,1.1800, &
      &          1.1840,1.1880,1.1920,1.1960,1.2000,1.2040,1.2080,1.2120, &
      &          1.2160,1.2200,1.2240,1.2280,1.2320,1.2360,1.2400,1.2440, &
      &          1.2480,1.2520,1.2560,1.2600,1.2640,1.2680,1.2720,1.2760, &
      &          1.2800,1.2840,1.2880,1.2920,1.2960,1.3000,1.3040,1.3080, &
      &          1.3120,1.3160,1.3200,1.3240,1.3280,1.3320,1.3360,1.3400, &
      &          1.3440,1.3480,1.3520,1.3560,1.3600,1.3640,1.3680,1.3720, &
      &          1.3760,1.3800,1.3840,1.3880,1.3920,1.3960,1.4000,1.4040, &
      &          1.4080,1.4120,1.4160,1.4200,1.4240,1.4280,1.4320,1.4360, &
      &          1.4400,1.4440,1.4480,1.4520,1.4560,1.4600,1.4640,1.4680, &
      &          1.4720,1.4760,1.4800,1.4840,1.4880,1.4920,1.4960,1.5000, &
      &          1.5040,1.5080,1.5120,1.5160,1.5200,1.5240,1.5280,1.5320, &
      &          1.5360,1.5400,1.5440,1.5480,1.5520,1.5560,1.5600,1.5640, &
      &          1.5680,1.5720,1.5760,1.5800,1.5840,1.5880,1.5920,1.5960, &
      &          1.6000,1.6040,1.6080,1.6120,1.6160,1.6200,1.6240,1.6280, &
      &          1.6320,1.6360,1.6400,1.6440,1.6480,1.6520,1.6560,1.6600, &
      &          1.6640,1.6680,1.6720,1.6760,1.6800,1.6840,1.6880,1.6920, &
      &          1.6960,1.7000,1.7040,1.7080,1.7120,1.7160,1.7200,1.7240, &
      &          1.7280,1.7320,1.7360,1.7400,1.7440,1.7480,1.7520,1.7560, &
      &          1.7600,1.7640,1.7680,1.7720,1.7760,1.7800,1.7840,1.7880, &
      &          1.7920,1.7960,1.8000,1.8040,1.8080,1.8120,1.8160,1.8200, &
      &          1.8240,1.8280,1.8320,1.8360,1.8400,1.8440,1.8480,1.8520, &
      &          1.8560,1.8600,1.8640,1.8680,1.8720,1.8760,1.8800,1.8840, &
      &          1.8880,1.8920,1.8960,1.9000,1.9040,1.9080,1.9120,1.9160, &
      &          1.9200,1.9240,1.9280,1.9320,1.9360,1.9400,1.9440,1.9480, &
      &          1.9520,1.9560,1.9600,1.9640,1.9680,1.9720,1.9760,1.9800, &
      &          1.9840,1.9880,1.9920,1.9960,2.0000,2.0040,2.0080,2.0120, &
      &          2.0160,2.0200,2.0240,2.0280,2.0320,2.0360,2.0400,2.0440, &
      &          2.0480,2.0520,2.0560,2.0600,2.0640,2.0680,2.0720,2.0760, &
      &          2.0795,2.0803,2.0812,2.0820,2.0828,2.0837,2.0845,2.0853, &
      &          2.0862,2.0870,2.0879,2.0887,2.0895,2.0904,2.0912,2.0921, &
      &          2.0929,2.0938,2.0946,2.0955,2.0963,2.0971,2.0980,2.0988, &
      &          2.0997,2.1005,2.1014,2.1023,2.1031,2.1040,2.1048,2.1057, &
      &          2.1065,2.1074,2.1082,2.1091,2.1100,2.1108,2.1117,2.1125, &
      &          2.1134,2.1143,2.1151,2.1160,2.1168,2.1177,2.1186,2.1194, &
      &          2.1203,2.1212,2.1220,2.1229,2.1238,2.1247,2.1255,2.1264, &
      &          2.1273,2.1281,2.1290,2.1299,2.1308,2.1316,2.1325,2.1334, &
      &          2.1343,2.1352,2.1360,2.1369,2.1378,2.1387,2.1396,2.1404, &
      &          2.1413,2.1422,2.1431,2.1440,2.1449,2.1458,2.1466,2.1475, &
      &          2.1484,2.1493,2.1502,2.1511,2.1520,2.1529,2.1538,2.1547, &
      &          2.1556,2.1565,2.1574,2.1583,2.1592,2.1601,2.1610,2.1619, &
      &          2.1628,2.1637,2.1646,2.1655,2.1664,2.1673,2.1682,2.1691, &
      &          2.1700,2.1709,2.1718,2.1727,2.1736,2.1746,2.1755,2.1764, &
      &          2.1773,2.1782,2.1791,2.1800,2.1810,2.1819,2.1828,2.1837, &
      &          2.1846,2.1856,2.1865,2.1874,2.1883,2.1893,2.1902,2.1911, &
      &          2.1920,2.1930,2.1939,2.1948,2.1957,2.1967,2.1976,2.1985, &
      &          2.1995,2.2004,2.2013,2.2023,2.2032,2.2041,2.2051,2.2060, &
      &          2.2070,2.2079,2.2088,2.2098,2.2107,2.2117,2.2126,2.2136, &
      &          2.2145,2.2155,2.2164,2.2173,2.2183,2.2192,2.2202,2.2211, &
      &          2.2221,2.2231,2.2240,2.2250,2.2259,2.2269,2.2278,2.2288, &
      &          2.2297,2.2307,2.2317,2.2326,2.2336,2.2345,2.2355,2.2365, &
      &          2.2374,2.2384,2.2394,2.2403,2.2413,2.2423,2.2433,2.2442, &
      &          2.2452,2.2462,2.2471,2.2481,2.2491,2.2501,2.2510,2.2520, &
      &          2.2530,2.2540,2.2550,2.2559,2.2569,2.2579,2.2589,2.2599, &
      &          2.2609,2.2618,2.2628,2.2638,2.2648,2.2658,2.2668,2.2678, &
      &          2.2688,2.2698,2.2708,2.2718,2.2728,2.2738,2.2747,2.2757, &
      &          2.2767,2.2777,2.2787,2.2798,2.2808,2.2818,2.2828,2.2838, &
      &          2.2848,2.2858,2.2868,2.2878,2.2888,2.2898,2.2908,2.2918, &
      &          2.2929,2.2939,2.2949,2.2959,2.2969,2.2979,2.2990,2.3000, &
      &          2.3010,2.3020,2.3030,2.3041,2.3051,2.3061,2.3071,2.3082, &
      &          2.3092,2.3102,2.3113,2.3123,2.3133,2.3144,2.3154,2.3164, &
      &          2.3175,2.3185,2.3195,2.3206,2.3216,2.3226,2.3237,2.3247, &
      &          2.3258,2.3268,2.3279,2.3289,2.3300,2.3310,2.3321,2.3331, &
      &          2.3342,2.3352,2.3363,2.3373,2.3384,2.3394,2.3405,2.3415, &
      &          2.3426,2.3436,2.3447,2.3458,2.3468,2.3479,2.3490,2.3500, &
      &          2.3511,2.3522,2.3532,2.3543,2.3554,2.3564,2.3575,2.3586, &
      &          2.3597,2.3607,2.3618,2.3629,2.3640,2.3650,2.3661,2.3672, &
      &          2.3683,2.3694,2.3704,2.3715,2.3726,2.3737,2.3748,2.3759, &
      &          2.3770,2.3781,2.3791,2.3802,2.3813,2.3824,2.3835,2.3846, &
      &          2.3857,2.3868,2.3879,2.3890,2.3901,2.3912,2.3923,2.3934, &
      &          2.3945,2.3956,2.3967,2.3979,2.3990,2.4001,2.4012,2.4023, &
      &          2.4034,2.4045,2.4056,2.4068,2.4079,2.4090,2.4101,2.4112, &
      &          2.4124,2.4135,2.4146,2.4157,2.4169,2.4180,2.4191,2.4202, &
      &          2.4214,2.4225,2.4236,2.4248,2.4259,2.4270,2.4282,2.4293, &
      &          2.4305,2.4316,2.4327,2.4339,2.4350,2.4362,2.4373,2.4385, &
      &          2.4396,2.4408,2.4419,2.4431,2.4442,2.4454,2.4465,2.4477, &
      &          2.4488,2.4500,2.4511,2.4523,2.4535,2.4546,2.4558,2.4569, &
      &          2.4581,2.4593,2.4604,2.4616,2.4628,2.4640,2.4651,2.4663, &
      &          2.4675,2.4686,2.4698,2.4710,2.4722,2.4734,2.4745,2.4757, &
      &          2.4769,2.4781,2.4793,2.4805,2.4816,2.4828,2.4840,2.4852, &
      &          2.4864,2.4876,2.4888,2.4900,2.4912,2.4924,2.4936,2.4948, &
      &          2.4960,2.4972,2.4984,2.4996,2.5008,2.5020,2.5032,2.5044, &
      &          2.5056,2.5068,2.5081,2.5093,2.5105,2.5117,2.5129,2.5141, &
      &          2.5154,2.5166,2.5178,2.5190,2.5202,2.5215,2.5227,2.5239, &
      &          2.5252,2.5264,2.5276,2.5289,2.5301,2.5313,2.5326,2.5338, &
      &          2.5350,2.5363,2.5375,2.5388,2.5400,2.5413,2.5425,2.5437, &
      &          2.5450,2.5462,2.5475,2.5487,2.5500,2.5513,2.5525,2.5538, &
      &          2.5550,2.5563,2.5575,2.5588,2.5601,2.5613,2.5626,2.5639, &
      &          2.5651,2.5664,2.5677,2.5690,2.5702,2.5715,2.5728,2.5741, &
      &          2.5753,2.5766,2.5779,2.5792,2.5805,2.5817,2.5830,2.5843, &
      &          2.5856,2.5869,2.5882,2.5895,2.5908,2.5921,2.5934,2.5947, &
      &          2.5960,2.5973,2.5986,2.5999,2.6012,2.6025,2.6038,2.6051, &
      &          2.6064,2.6077,2.6090,2.6103,2.6117,2.6130,2.6143,2.6156, &
      &          2.6169,2.6183,2.6196,2.6209,2.6222,2.6236,2.6249,2.6262, &
      &          2.6275,2.6289,2.6302,2.6315,2.6329,2.6342,2.6356,2.6369, &
      &          2.6382,2.6396,2.6409,2.6423,2.6436,2.6450,2.6463,2.6477, &
      &          2.6490,2.6504,2.6517,2.6531,2.6545,2.6558,2.6572,2.6585, &
      &          2.6599,2.6613,2.6626,2.6640,2.6654,2.6667,2.6681,2.6695, &
      &          2.6709,2.6722,2.6736,2.6750,2.6764,2.6778,2.6791,2.6805, &
      &          2.6819,2.6833,2.6847,2.6861,2.6875,2.6889,2.6903,2.6917, &
      &          2.6931,2.6945,2.6959,2.6973,2.6987,2.7001,2.7015,2.7029, &
      &          2.7043,2.7057,2.7071,2.7085,2.7100,2.7114,2.7128,2.7142, &
      &          2.7156,2.7171,2.7185,2.7199,2.7213,2.7228,2.7242,2.7256, &
      &          2.7271,2.7285,2.7299,2.7314,2.7328,2.7343,2.7357,2.7371, &
      &          2.7386,2.7400,2.7415,2.7429,2.7444,2.7458,2.7473,2.7488, &
      &          2.7502,2.7517,2.7531,2.7546,2.7561,2.7575,2.7590,2.7605, &
      &          2.7619,2.7634,2.7649,2.7664,2.7678,2.7693,2.7708,2.7723, &
      &          2.7738,2.7752,2.7767,2.7782,2.7797,2.7812,2.7827,2.7842, &
      &          2.7857,2.7872,2.7887,2.7902,2.7917,2.7932,2.7947,2.7962, &
      &          2.7977,2.7992,2.8007,2.8022,2.8038,2.8053,2.8068,2.8083, &
      &          2.8098,2.8114,2.8129,2.8144,2.8159,2.8175,2.8190,2.8205, &
      &          2.8221,2.8236,2.8252,2.8267,2.8282,2.8298,2.8313,2.8329, &
      &          2.8344,2.8360,2.8375,2.8391,2.8406,2.8422,2.8437,2.8453, &
      &          2.8469,2.8484,2.8500,2.8516,2.8531,2.8547,2.8563,2.8579, &
      &          2.8594,2.8610,2.8626,2.8642,2.8658,2.8673,2.8689,2.8705, &
      &          2.8721,2.8737,2.8753,2.8769,2.8785,2.8801,2.8817,2.8833, &
      &          2.8849,2.8865,2.8881,2.8897,2.8913,2.8929,2.8946,2.8962, &
      &          2.8978,2.8994,2.9010,2.9027,2.9043,2.9059,2.9075,2.9092, &
      &          2.9108,2.9124,2.9141,2.9157,2.9174,2.9190,2.9207,2.9223, &
      &          2.9239,2.9256,2.9272,2.9289,2.9306,2.9322,2.9339,2.9355, &
      &          2.9372,2.9389,2.9405,2.9422,2.9439,2.9455,2.9472,2.9489, &
      &          2.9506,2.9523,2.9539,2.9556,2.9573,2.9590,2.9607,2.9624, &
      &          2.9641,2.9658,2.9675,2.9692,2.9709,2.9726,2.9743,2.9760, &
      &          2.9777,2.9794,2.9811,2.9828,2.9845,2.9863,2.9880,2.9897, &
      &          2.9914,2.9932,2.9949,2.9966,2.9984,3.0001,3.0018,3.0036, &
      &          3.0053,3.0070,3.0088,3.0105,3.0123,3.0140,3.0158,3.0176, &
      &          3.0193,3.0211,3.0228,3.0246,3.0264,3.0281,3.0299,3.0317, &
      &          3.0334,3.0352,3.0370,3.0388,3.0406,3.0423,3.0441,3.0459, &
      &          3.0477,3.0495,3.0513,3.0531,3.0549,3.0567,3.0585,3.0603, &
      &          3.0621,3.0639,3.0657,3.0675,3.0694,3.0712,3.0730,3.0748, &
      &          3.0766,3.0785,3.0803,3.0821,3.0840,3.0858,3.0876,3.0895, &
      &          3.0913,3.0932,3.0950,3.0969,3.0987,3.1006,3.1024,3.1043, &
      &          3.1061,3.1080,3.1099,3.1117,3.1136,3.1155,3.1174,3.1192, &
      &          3.1211,3.1230,3.1249,3.1268,3.1286,3.1305,3.1324,3.1343, &
      &          3.1362,3.1381,3.1400,3.1419,3.1438,3.1457,3.1476,3.1495, &
      &          3.1515,3.1534,3.1553,3.1572,3.1591,3.1611,3.1630,3.1649, &
      &          3.1669,3.1688,3.1707,3.1727,3.1746,3.1766,3.1785,3.1805, &
      &          3.1824,3.1844,3.1863,3.1883,3.1902,3.1922,3.1942,3.1961, &
      &          3.1981,3.2001,3.2021,3.2040,3.2060,3.2080,3.2100,3.2120, &
      &          3.2140,3.2160,3.2180,3.2200,3.2220,3.2240,3.2260,3.2280, &
      &          3.2300,3.2320,3.2340,3.2361,3.2381,3.2401,3.2421,3.2442, &
      &          3.2462,3.2482,3.2503,3.2523,3.2543,3.2564,3.2584,3.2605, &
      &          3.2625,3.2646,3.2666,3.2687,3.2708,3.2728,3.2749,3.2770, &
      &          3.2790,3.2811,3.2832,3.2853,3.2874,3.2894,3.2915,3.2936, &
      &          3.2957,3.2978,3.2999,3.3020,3.3041,3.3062,3.3083,3.3104, &
      &          3.3126,3.3147,3.3168,3.3189,3.3210,3.3232,3.3253,3.3274, &
      &          3.3296,3.3317,3.3339,3.3360,3.3382,3.3403,3.3425,3.3446, &
      &          3.3468,3.3489,3.3511,3.3533,3.3554,3.3576,3.3598,3.3620, &
      &          3.3641,3.3663,3.3685,3.3707,3.3729,3.3751,3.3773,3.3795, &
      &          3.3817,3.3839,3.3861,3.3883,3.3906,3.3928,3.3950,3.3972, &
      &          3.3994,3.4017,3.4039,3.4061,3.4084,3.4106,3.4129,3.4151, &
      &          3.4174,3.4196,3.4219,3.4241,3.4264,3.4287,3.4309,3.4332, &
      &          3.4355,3.4378,3.4400,3.4423,3.4446,3.4469,3.4492,3.4515, &
      &          3.4538,3.4561,3.4584,3.4607,3.4630,3.4653,3.4677,3.4700, &
      &          3.4723,3.4746,3.4770,3.4793,3.4816,3.4840,3.4863,3.4887, &
      &          3.4910,3.4934,3.4957,3.4981,3.5004,3.5028,3.5052,3.5075, &
      &          3.5099,3.5123,3.5147,3.5171,3.5195,3.5218,3.5242,3.5266, &
      &          3.5290,3.5314,3.5338,3.5363,3.5387,3.5411,3.5435,3.5459, &
      &          3.5484,3.5508,3.5532,3.5557,3.5581,3.5605,3.5630,3.5654, &
      &          3.5679,3.5704,3.5728,3.5753,3.5777,3.5802,3.5827,3.5852, &
      &          3.5876,3.5901,3.5926,3.5951,3.5976,3.6001,3.6026,3.6051, &
      &          3.6076,3.6101,3.6127,3.6152,3.6177,3.6202,3.6227,3.6253, &
      &          3.6278,3.6304,3.6329,3.6355,3.6380,3.6406,3.6431,3.6457, &
      &          3.6482,3.6508,3.6534,3.6560,3.6585,3.6611,3.6637,3.6663, &
      &          3.6689,3.6715,3.6741,3.6767,3.6793,3.6819,3.6845,3.6872, &
      &          3.6898,3.6924,3.6950,3.6977,3.7003,3.7030,3.7056,3.7083, &
      &          3.7109,3.7136,3.7162,3.7189,3.7216,3.7242,3.7269,3.7296, &
      &          3.7323,3.7350,3.7377,3.7404,3.7431,3.7458,3.7485,3.7512, &
      &          3.7539,3.7566,3.7594,3.7621,3.7648,3.7676,3.7703,3.7730, &
      &          3.7758,3.7785,3.7813,3.7841,3.7868,3.7896,3.7924,3.7951, &
      &          3.7979,3.8007,3.8035,3.8063,3.8091,3.8119,3.8147,3.8175, &
      &          3.8203,3.8231,3.8259,3.8288,3.8316,3.8344,3.8373,3.8401, &
      &          3.8430,3.8458,3.8487,3.8515,3.8544,3.8573,3.8601,3.8630, &
      &          3.8659,3.8688,3.8717,3.8746,3.8775,3.8804,3.8833,3.8862, &
      &          3.8891,3.8920,3.8949,3.8979,3.9008,3.9037,3.9067,3.9096, &
      &          3.9126,3.9155,3.9185,3.9214,3.9244,3.9274,3.9304,3.9333, &
      &          3.9363,3.9393,3.9423,3.9453,3.9483,3.9513,3.9544,3.9574, &
      &          3.9604,3.9634,3.9665,3.9695,3.9725,3.9756,3.9786,3.9817, &
      &          3.9847,3.9878,3.9909,3.9940,3.9970,4.0001,4.0032,4.0063, &
      &          4.0094,4.0125,4.0156,4.0187,4.0218,4.0250,4.0281,4.0312, &
      &          4.0344,4.0375,4.0406,4.0438,4.0470,4.0501,4.0533,4.0565, &
      &          4.0596,4.0628,4.0660,4.0692,4.0724,4.0756,4.0788,4.0820, &
      &          4.0852,4.0884,4.0917,4.0949,4.0981,4.1014,4.1046,4.1079, &
      &          4.1111,4.1144,4.1177,4.1209,4.1242,4.1275,4.1308,4.1341, &
      &          4.1374,4.1407,4.1440,4.1473,4.1506,4.1540,4.1573,4.1606, &
      &          4.1640,4.1673,4.1707,4.1740,4.1774,4.1808,4.1841,4.1875, &
      &          4.1909,4.1943,4.1977,4.2011,4.2045,4.2079,4.2113,4.2148, &
      &          4.2182,4.2216,4.2251,4.2285,4.2320,4.2354,4.2389,4.2424, &
      &          4.2458,4.2493,4.2528,4.2563,4.2598,4.2633,4.2668,4.2703, &
      &          4.2738,4.2774,4.2809,4.2844,4.2880,4.2915,4.2951,4.2986, &
      &          4.3022,4.3058,4.3094,4.3129,4.3165,4.3201,4.3237,4.3273, &
      &          4.3310,4.3346,4.3382,4.3418,4.3455,4.3491,4.3528,4.3564, &
      &          4.3601,4.3638,4.3674,4.3711,4.3748,4.3785,4.3822,4.3859, &
      &          4.3896,4.3934,4.3971,4.4008,4.4045,4.4083,4.4120,4.4158, &
      &          4.4196,4.4233,4.4271,4.4309,4.4347,4.4385,4.4423,4.4461, &
      &          4.4499,4.4537,4.4576,4.4614,4.4652,4.4691,4.4730,4.4768, &
      &          4.4807,4.4846,4.4884,4.4923,4.4962,4.5001,4.5040,4.5080, &
      &          4.5119,4.5158,4.5197,4.5237,4.5276,4.5316,4.5356,4.5395, &
      &          4.5435,4.5475,4.5515,4.5555,4.5595,4.5635,4.5675,4.5716, &
      &          4.5756,4.5796,4.5837,4.5877,4.5918,4.5959,4.6000,4.6040, &
      &          4.6081,4.6122,4.6163,4.6205,4.6246,4.6287,4.6328,4.6370, &
      &          4.6411,4.6453,4.6495,4.6536,4.6578,4.6620,4.6662,4.6704, &
      &          4.6746,4.6788,4.6831,4.6873,4.6915,4.6958,4.7000,4.7043, &
      &          4.7086,4.7129,4.7172,4.7215,4.7258,4.7301,4.7344,4.7387, &
      &          4.7431,4.7474,4.7517,4.7561,4.7605,4.7648,4.7692,4.7736, &
      &          4.7780,4.7824,4.7868,4.7913,4.7957,4.8001,4.8046,4.8090, &
      &          4.8135,4.8180,4.8225,4.8270,4.8315,4.8360,4.8405,4.8450, &
      &          4.8495,4.8541,4.8586,4.8632,4.8678,4.8723,4.8769,4.8815, &
      &          4.8861,4.8907,4.8953,4.9000,4.9046,4.9092,4.9139,4.9186, &
      &          4.9232,4.9279,4.9326,4.9373,4.9420,4.9467,4.9514,4.9562, &
      &          4.9609,4.9657,4.9704,4.9752,4.9800,4.9848,4.9896,4.9944, &
      &          4.9992,5.0040,5.0088,5.0137,5.0185,5.0234,5.0283,5.0332, &
      &          5.0380,5.0430,5.0479,5.0528,5.0577,5.0627,5.0676,5.0726, &
      &          5.0775,5.0825,5.0875,5.0925,5.0975,5.1025,5.1075,5.1126, &
      &          5.1176,5.1227,5.1277,5.1328,5.1379,5.1430,5.1481,5.1532, &
      &          5.1584,5.1635,5.1686,5.1738,5.1790,5.1842,5.1893,5.1945, &
      &          5.1998,5.2050,5.2102,5.2154,5.2207,5.2260,5.2312,5.2365, &
      &          5.2418,5.2471,5.2524,5.2578,5.2631,5.2684,5.2738,5.2792, &
      &          5.2846,5.2900,5.2954,5.3008,5.3062,5.3116,5.3171,5.3225, &
      &          5.3280,5.3335,5.3390,5.3445,5.3500,5.3555,5.3611,5.3666, &
      &          5.3722,5.3778,5.3833,5.3889,5.3945,5.4002,5.4058,5.4114, &
      &          5.4171,5.4228,5.4284,5.4341,5.4398,5.4455,5.4513,5.4570, &
      &          5.4628,5.4685,5.4743,5.4801,5.4859,5.4917,5.4975,5.5033, &
      &          5.5092,5.5151,5.5209,5.5268,5.5327,5.5386,5.5445,5.5505, &
      &          5.5564,5.5624,5.5684,5.5744,5.5804,5.5864,5.5924,5.5984, &
      &          5.6045,5.6106,5.6166,5.6227,5.6288,5.6349,5.6411,5.6472, &
      &          5.6534,5.6596,5.6657,5.6719,5.6782,5.6844,5.6906,5.6969, &
      &          5.7031,5.7094,5.7157,5.7220,5.7283,5.7347,5.7410,5.7474, &
      &          5.7538,5.7602,5.7666,5.7730,5.7794,5.7859,5.7923,5.7988, &
      &          5.8053,5.8118,5.8184,5.8249,5.8314,5.8380,5.8446,5.8512, &
      &          5.8578,5.8644,5.8711,5.8777,5.8844,5.8911,5.8978,5.9045, &
      &          5.9112,5.9180,5.9247,5.9315,5.9383,5.9451,5.9520,5.9588, &
      &          5.9657,5.9725,5.9794,5.9863,5.9932,6.0002,6.0071,6.0141, &
      &          6.0211,6.0281,6.0351,6.0421,6.0492,6.0563,6.0633,6.0704, &
      &          6.0776,6.0847,6.0918,6.0990,6.1062,6.1134,6.1206,6.1278, &
      &          6.1351,6.1424,6.1496,6.1570,6.1643,6.1716,6.1790,6.1863, &
      &          6.1937,6.2011,6.2086,6.2160,6.2235,6.2310,6.2385,6.2460, &
      &          6.2535,6.2611,6.2686,6.2762,6.2838,6.2914,6.2991,6.3068, &
      &          6.3144,6.3221,6.3299,6.3376,6.3454,6.3531,6.3609,6.3687, &
      &          6.3766,6.3844,6.3923,6.4002,6.4081,6.4160,6.4240,6.4320, &
      &          6.4399,6.4480,6.4560,6.4640,6.4721,6.4802,6.4883,6.4964, &
      &          6.5046,6.5128,6.5209,6.5292,6.5374,6.5456,6.5539,6.5622, &
      &          6.5705,6.5789,6.5872,6.5956,6.6040,6.6124,6.6209,6.6294, &
      &          6.6378,6.6464,6.6549,6.6634,6.6720,6.6806,6.6892,6.6979, &
      &          6.7065,6.7152,6.7239,6.7327,6.7414,6.7502,6.7590,6.7678, &
      &          6.7767,6.7855,6.7944,6.8034,6.8123,6.8213,6.8302,6.8393, &
      &          6.8483,6.8573,6.8664,6.8755,6.8847,6.8938,6.9030,6.9122, &
      &          6.9214,6.9307,6.9400,6.9493,6.9586,6.9679,6.9773,6.9867, &
      &          6.9962,7.0056,7.0151,7.0246,7.0341,7.0437,7.0533,7.0629, &
      &          7.0725,7.0822,7.0919,7.1016,7.1113,7.1211,7.1309,7.1407, &
      &          7.1506,7.1604,7.1703,7.1803,7.1902,7.2002,7.2102,7.2203, &
      &          7.2303,7.2404,7.2506,7.2607,7.2709,7.2811,7.2914,7.3016, &
      &          7.3119,7.3223,7.3326,7.3430,7.3534,7.3639,7.3743,7.3848, &
      &          7.3954,7.4059,7.4165,7.4272,7.4378,7.4485,7.4592,7.4700, &
      &          7.4807,7.4916,7.5024,7.5133,7.5242,7.5351,7.5461,7.5571, &
      &          7.5681,7.5792,7.5903,7.6014,7.6126,7.6238,7.6350,7.6462, &
      &          7.6575,7.6689,7.6802,7.6916,7.7031,7.7145,7.7260,7.7375, &
      &          7.7491,7.7607,7.7723,7.7840,7.7957,7.8075,7.8192,7.8310, &
      &          7.8429,7.8548,7.8667,7.8786,7.8906,7.9027,7.9147,7.9268, &
      &          7.9390,7.9512,7.9634,7.9756,7.9879,8.0002,8.0126,8.0250, &
      &          8.0374,8.0499,8.0624,8.0750,8.0876,8.1002,8.1129,8.1256, &
      &          8.1384,8.1512,8.1640,8.1769,8.1898,8.2028,8.2158,8.2288, &
      &          8.2419,8.2550,8.2682,8.2814,8.2946,8.3079,8.3213,8.3347, &
      &          8.3481,8.3615,8.3750,8.3886,8.4022,8.4158,8.4295,8.4432, &
      &          8.4570,8.4708,8.4847,8.4986,8.5126,8.5266,8.5406,8.5547, &
      &          8.5688,8.5830,8.5973,8.6116,8.6259,8.6403,8.6547,8.6692, &
      &          8.6837,8.6982,8.7129,8.7275,8.7422,8.7570,8.7718,8.7867, &
      &          8.8016,8.8166,8.8316,8.8467,8.8618,8.8770,8.8922,8.9075, &
      &          8.9228,8.9382,8.9536,8.9691,8.9847,9.0003,9.0159,9.0316, &
      &          9.0474,9.0632,9.0791,9.0950,9.1110,9.1270,9.1431,9.1593, &
      &          9.1755,9.1918,9.2081,9.2245,9.2409,9.2574,9.2740,9.2906, &
      &          9.3073,9.3240,9.3408,9.3577,9.3746,9.3916,9.4086,9.4257, &
      &          9.4429,9.4601,9.4774,9.4948,9.5122,9.5297,9.5472,9.5649, &
      &          9.5825,9.6003,9.6181,9.6360,9.6539,9.6719,9.6900,9.7082, &
      &          9.7264,9.7447,9.7630,9.7814,9.7999,9.8185,9.8371,9.8558, &
      &          9.8746,9.8934,9.9123,9.9313,9.9504,9.9695,9.9887,10.0080, &
      &          10.0274,10.0468,10.0663,10.0859,10.1056,10.1253,10.1451,10.1650, &
      &          10.1850,10.2050,10.2251,10.2454,10.2656,10.2860,10.3065,10.3270, &
      &          10.3476,10.3683,10.3891,10.4099,10.4309,10.4519,10.4730,10.4942, &
      &          10.5155,10.5369,10.5584,10.5799,10.6015,10.6233,10.6451,10.6670, &
      &          10.6890,10.7111,10.7332,10.7555,10.7779,10.8003,10.8229,10.8455, &
      &          10.8682,10.8911,10.9140,10.9370,10.9602,10.9834,11.0067,11.0301, &
      &          11.0536,11.0773,11.1010,11.1248,11.1487,11.1727,11.1969,11.2211, &
      &          11.2455,11.2699,11.2944,11.3191,11.3439,11.3688,11.3937,11.4188, &
      &          11.4440,11.4694,11.4948,11.5203,11.5460,11.5718,11.5977,11.6237, &
      &          11.6498,11.6760,11.7024,11.7289,11.7555,11.7822,11.8090,11.8360, &
      &          11.8631,11.8903,11.9176,11.9450,11.9726,12.0003,12.0282,12.0562, &
      &          12.0843,12.1125,12.1409,12.1694,12.1980,12.2268,12.2557,12.2847, &
      &          12.3139,12.3432,12.3727,12.4023,12.4320,12.4619,12.4919,12.5221, &
      &          12.5524,12.5829,12.6135,12.6443,12.6752,12.7063,12.7375,12.7688, &
      &          12.8004,12.8321,12.8639,12.8959,12.9281,12.9604,12.9929,13.0255, &
      &          13.0583,13.0913,13.1244,13.1577,13.1912,13.2249,13.2587,13.2927, &
      &          13.3269,13.3612,13.3957,13.4304,13.4653,13.5004,13.5356,13.5711, &
      &          13.6067,13.6425,13.6785,13.7147,13.7511,13.7876,13.8244,13.8614, &
      &          13.8985,13.9359,13.9734,14.0112 /)


       real :: dunesand(2844) = (/46.8108,47.0858,47.1621,47.6814,48.2029,48.0813,48.4702,48.4702, &
      &          48.3860,48.7271,49.1717,49.3010,49.3816,49.4682,49.7558,49.7850, &
      &          49.9561,50.3410,50.5192,50.8570,51.1086,51.4612,51.6298,51.8736, &
      &          51.9850,51.8178,52.5613,52.5965,52.5623,52.5372,53.1245,53.3501, &
      &          53.9352,53.9344,53.8374,54.0699,54.6196,54.7520,55.0724,55.2611, &
      &          55.4506,55.8081,55.5996,56.0593,56.3408,56.2727,56.4937,57.1427, &
      &          56.6802,56.8663,57.4331,57.5960,58.0935,57.9168,58.3277,58.6032, &
      &          59.0565,58.9843,58.3371,58.3218,58.8529,59.0539,59.2177,59.4916, &
      &          59.8196,59.6886,59.4148,60.0543,59.7623,59.9431,60.3466,60.9034, &
      &          61.1579,60.9034,61.0685,61.4376,61.2946,60.9516,61.1297,61.4846, &
      &          61.7257,62.1334,62.0676,61.6614,61.7115,61.9373,62.4970,62.8226, &
      &          63.1151,62.8807,62.6054,62.8608,62.7800,63.3856,63.7960,63.7327, &
      &          63.7721,63.7728,63.9775,64.6291,64.4747,64.3689,64.7726,64.6126, &
      &          64.6925,64.8638,65.0296,65.0347,65.2406,65.7762,65.9433,65.8243, &
      &          65.8207,65.9535,66.3710,66.7694,66.2919,66.2946,66.8580,66.9179, &
      &          67.7339,67.2909,67.3334,67.3565,66.8339,66.9179,67.0033,67.7318, &
      &          67.4818,67.6065,67.7725,68.0206,67.8356,68.5240,69.1190,69.0331, &
      &          69.1525,69.5793,69.4853,69.4030,69.5206,69.6414,69.6655,69.7438, &
      &          70.2211,69.2432,70.1258,70.2554,70.6361,71.0995,71.0860,71.4441, &
      &          71.5528,71.1188,71.5017,71.2419,71.5452,71.7557,72.1515,72.3295, &
      &          72.5612,72.7212,72.8114,72.6326,72.7269,73.2781,73.5717,73.7413, &
      &          73.7867,73.8776,74.1243,73.8838,73.7692,73.6622,74.1957,74.3473, &
      &          74.2144,74.6816,75.1550,75.1074,75.3425,75.2651,74.6136,75.0758, &
      &          75.5509,76.3586,75.5818,75.9193,75.8551,76.2246,76.0992,76.3991, &
      &          75.8871,75.8391,75.7755,76.7078,76.5271,76.4304,76.3692,76.2728, &
      &          76.3796,76.5205,76.5650,76.5785,76.7346,76.9044,76.8091,76.5720, &
      &          76.2755,76.3695,76.4165,76.4636,76.7131,76.8977,76.9450,76.6960, &
      &          76.5546,76.8032,76.6745,75.9754,76.3766,76.3645,77.3588,77.7034, &
      &          77.2646,77.1047,76.7814,76.9397,77.2830,77.3955,77.6255,77.5489, &
      &          77.7497,77.6832,77.5592,77.5118,77.2280,77.3879,77.5779,77.2281, &
      &          77.3224,77.7405,77.9117,77.7880,77.3515,77.2752,77.3515,76.8997, &
      &          77.1102,77.5140,77.5037,77.4933,78.1113,78.5228,78.6399,78.3782, &
      &          78.0145,78.1788,77.8260,78.0917,78.2718,78.3987,78.4746,77.8450, &
      &          78.3306,78.3786,78.2547,78.3106,78.8192,78.8739,78.9011,78.6812, &
      &          78.8498,78.7265,78.8426,78.8353,78.3673,78.7314,78.8353,78.9387, &
      &          78.3178,78.2141,78.2615,78.5078,78.3566,78.4602,78.7265,78.7743, &
      &          79.2890,79.4340,79.1444,79.1444,79.1444,79.1172,79.2347,79.2619, &
      &          79.3315,79.6453,79.5863,79.6738,79.4342,79.2080,79.3763,79.4711, &
      &          79.7092,79.7787,79.8266,79.8746,79.8048,79.8786,79.7569,80.0482, &
      &          79.5924,79.4237,79.6399,79.9818,79.7439,79.9122,79.8864,80.1251, &
      &          80.5407,79.7180,80.4911,80.5411,80.2971,79.8396,80.1797,79.8227, &
      &          79.8037,80.1408,80.0904,80.3249,80.5391,80.4911,80.3475,80.3024, &
      &          80.1821,80.4207,80.3002,80.6617,80.8781,80.9507,80.5678,80.3063, &
      &          80.4735,80.4725,80.3285,80.7608,81.1685,80.8550,80.9529,80.5233, &
      &          80.5919,80.6885,80.2354,80.6871,80.5669,80.7838,80.6170,81.1680, &
      &          80.4275,80.4306,80.4086,80.6692,80.9782,81.2651,81.3129,81.0258, &
      &          80.5748,80.3180,81.0988,81.0988,80.9796,81.0514,81.0989,81.2659, &
      &          81.3137,81.1705,81.3133,81.6707,81.7439,80.9813,81.1473,81.2174, &
      &          81.2656,81.5517,81.7437,81.9348,81.3137,81.7908,80.9338,81.0283, &
      &          81.2702,81.3619,81.0301,81.6483,81.5049,81.0567,80.8643,80.8628, &
      &          80.8591,81.2353,81.0828,81.2391,80.7088,80.8497,80.4025,80.9924, &
      &          80.9324,80.8583,80.5357,80.7605,80.6358,80.3537,80.4145,80.1728, &
      &          80.3567,80.2949,80.4126,80.1813,80.1120,80.3889,79.5202,79.4548, &
      &          79.4046,79.5521,79.3715,79.2871,79.1294,79.3605,79.1083,78.9827, &
      &          79.1502,79.0035,78.9616,78.6171,78.2611,77.9739,77.4938,77.1666, &
      &          76.7809,76.4594,75.4366,74.9943,74.4003,73.9028,73.4018,72.8551, &
      &          74.1277,74.5065,75.2970,75.9738,76.3560,76.6801,77.5486,78.1333, &
      &          78.5480,78.9210,79.0347,80.0138,80.1303,80.0352,79.7144,80.2649, &
      &          79.9405,79.5295,79.7034,79.4259,79.7593,80.2352,80.1814,79.1491, &
      &          79.5030,79.3275,78.7953,78.3452,78.5797,78.3272,78.1345,78.2239, &
      &          77.7989,77.6780,77.4021,77.0676,75.8118,73.6785,73.0181,72.0236, &
      &          70.2312,68.2939,66.0508,64.4514,63.1119,62.3106,62.2582,62.1431, &
      &          61.9734,62.0478,61.6559,61.5712,61.7449,62.3797,63.3146,63.4397, &
      &          64.3043,64.7574,65.4143,65.7926,66.4515,67.5392,68.2481,68.8092, &
      &          69.2577,69.7879,70.1050,70.5126,70.7727,70.7387,70.6781,70.6082, &
      &          70.6844,70.6905,70.3725,70.1227,69.9531,69.0905,68.5906,67.6531, &
      &          66.8001,66.1225,65.5511,64.3247,62.7020,61.3882,59.6562,57.9739, &
      &          56.5369,55.2060,53.9080,52.9247,51.9734,50.9916,49.9296,49.6857, &
      &          48.7430,48.0533,47.0806,45.9903,44.0790,41.8163,39.3655,36.5712, &
      &          33.1299,29.9488,27.1611,25.0792,22.3691,19.3693,16.5144,14.8309, &
      &          15.1468,16.4992,18.8148,20.0046,20.7879,21.4342,21.8037,21.9751, &
      &          21.7181,21.0863,20.6046,20.8463,21.8415,22.9650,23.6474,26.5731, &
      &          27.5688,27.9127,27.6088,27.2210,26.8848,26.3955,26.2153,26.7189, &
      &          27.9858,30.1755,32.1093,33.6958,35.5193,37.3703,38.8853,40.0946, &
      &          41.1353,42.1258,43.2182,44.3115,45.2790,46.5738,47.8874,49.2036, &
      &          50.4310,51.7377,52.4637,53.4388,54.4638,55.2748,56.3604,57.4348, &
      &          58.3725,58.9636,59.6207,60.2367,60.9072,61.3714,61.2820,61.0449, &
      &          61.0449,60.9093,60.4037,59.6449,58.6775,57.1862,55.5772,53.4454, &
      &          51.0064,48.8010,45.9056,42.4559,39.7571,36.9937,34.4997,31.8814, &
      &          30.1952,28.2768,27.4755,27.1152,27.3762,28.2028,29.0266,29.8560, &
      &          30.4693,31.1120,31.8116,32.3972,33.5419,35.0443,36.4461,37.6614, &
      &          38.8167,39.9722,40.8860,41.2983,42.2089,42.2520,42.2749,42.5818, &
      &          42.4964,42.3123,41.6113,41.0754,40.0363,38.3402,36.7588,34.5186, &
      &          32.0390,29.2211,26.0588,22.8192,19.7423,17.5636,15.6048,13.3878, &
      &          11.6343,9.9529,8.3806,7.1801,6.1492,5.2997,4.4542,3.8288, &
      &          3.1861,2.8686,2.6538,2.5441,2.5358,2.5296,2.8365,2.9379, &
      &          3.1411,3.4466,3.5494,3.6534,3.9619,3.8495,4.5555,5.1586, &
      &          6.0757,7.4776,9.0979,10.7166,12.2454,14.0881,15.3677,16.6324, &
      &          17.7431,18.6853,19.4724,20.0392,20.3761,20.9039,21.1853,21.6049, &
      &          21.3662,21.4374,21.5085,21.3708,21.4374,21.3377,20.9181,20.8988, &
      &          20.5034,20.5749,20.6589,20.6892,20.6110,20.4997,20.4584,20.4738, &
      &          20.3898,20.2939,20.1413,20.0798,20.0214,19.9057,19.7946,19.7170, &
      &          19.6776,19.6154,19.4843,19.3491,19.2697,19.1650,19.0979,19.0583, &
      &          18.9768,18.8498,18.6547,18.5986,18.5542,18.4423,18.3112,18.1613, &
      &          18.1066,18.0551,17.9147,17.7600,17.6003,17.4525,17.3305,17.1799, &
      &          17.0771,17.0581,17.0632,16.9525,16.7739,16.6396,16.5700,16.4736, &
      &          16.3359,16.3220,16.2692,16.1516,16.0239,15.8564,15.7155,15.6753, &
      &          15.6113,15.5246,15.4516,15.4602,15.4055,15.2883,15.2321,15.2158, &
      &          15.2048,15.0937,14.9474,14.8606,14.7646,14.7295,14.6696,14.5854, &
      &          14.5031,14.4167,14.3847,14.2949,14.2260,14.2036,14.1433,14.0507, &
      &          13.9511,13.8366,13.7644,13.6972,13.6101,13.4975,13.4109,13.3527, &
      &          13.2382,13.1775,13.1223,13.0888,13.0349,12.9489,12.8322,12.7356, &
      &          12.6772,12.6162,12.4912,12.3950,12.3391,12.3037,12.2505,12.1721, &
      &          12.0674,11.9585,11.9172,11.8318,11.7456,11.6428,11.6233,11.6565, &
      &          11.6057,11.5747,11.5329,11.5344,11.5930,11.5793,11.5512,11.5466, &
      &          11.5471,11.5046,11.4377,11.3469,11.3213,11.3745,11.3696,11.2768, &
      &          11.2500,11.2773,11.2383,11.1725,11.1230,11.0398,10.9843,10.9094, &
      &          10.8169,10.7700,10.6874,10.5967,10.5149,10.4260,10.3405,10.2636, &
      &          10.1579,10.0290,9.9084,9.8324,9.7287,9.5664,9.5063,9.5227, &
      &          9.5119,9.5010,9.3989,9.3271,9.3315,9.3552,9.3767,9.4612, &
      &          9.6064,9.7668,9.8852,10.0283,10.2072,10.3943,10.6194,10.7961, &
      &          10.9006,10.9958,11.1303,11.2798,11.4184,11.4797,11.4951,11.5532, &
      &          11.6394,11.6682,11.7125,11.7807,11.7951,11.8156,11.8359,11.8696, &
      &          11.9006,11.9436,11.9160,11.9240,11.9301,11.8664,11.8049,11.8288, &
      &          11.8318,11.7942,11.7607,11.7395,11.7060,11.6530,11.5720,11.4485, &
      &          11.3420,11.2688,11.2280,11.1592,11.0510,10.9612,10.9328,10.9345, &
      &          10.9135,10.9389,11.0158,11.0891,11.1872,11.3186,11.4409,11.5883, &
      &          11.7546,11.9250,12.0820,12.2053,12.3413,12.4248,12.5290,12.6347, &
      &          12.6967,12.8105,12.8767,12.9414,12.9944,13.0349,13.1162,13.1858, &
      &          13.2461,13.2685,13.2829,13.3024,13.3112,13.3379,13.4177,13.4763, &
      &          13.5122,13.5232,13.4975,13.5471,13.6023,13.6062,13.5698,13.5475, &
      &          13.5341,13.5351,13.5544,13.5451,13.5456,13.5437,13.5271,13.5395, &
      &          13.5664,13.5271,13.4743,13.4677,13.4768,13.4084,13.3269,13.2946, &
      &          13.3029,13.3005,13.2766,13.1970,13.0935,13.0219,12.9925,12.9216, &
      &          12.8322,12.8095,12.7361,12.6291,12.5310,12.4467,12.3652,12.2746, &
      &          12.2046,12.1406,12.0608,11.9502,11.7932,11.6457,11.5781,11.4897, &
      &          11.3449,11.2468,11.1604,11.0385,10.9055,10.7761,10.6540,10.5556, &
      &          10.4734,10.3188,10.1933,10.0524,9.9114,9.7734,9.6274,9.4397, &
      &          9.2519,9.1081,8.9387,8.8078,8.6550,8.4389,8.2463,8.1074, &
      &          7.9668,7.7698,7.5984,7.4458,7.2629,7.1057,6.9660,6.7993, &
      &          6.5713,6.3624,6.2707,6.1440,5.9538,5.7656,5.5935,5.4328, &
      &          5.2859,5.1499,4.9621,4.8271,4.7182,4.5724,4.4524,4.3523, &
      &          4.2373,4.1128,4.0044,3.9368,3.8662,3.8330,3.8003,3.7192, &
      &          3.6628,3.6257,3.5889,3.5393,3.4343,3.3523,3.3489,3.3642, &
      &          3.3501,3.3350,3.3328,3.3105,3.3181,3.3054,3.2324,3.2056, &
      &          3.1997,3.1946,3.1501,3.1460,3.1413,3.1484,3.1404,3.1704, &
      &          3.1633,3.0891,3.0510,3.0622,3.0515,3.0747,3.1128,3.0854, &
      &          3.0503,3.0742,3.0730,3.0386,3.0115,2.9541,2.9416,2.9536, &
      &          2.9394,2.9302,2.9070,2.9072,2.9167,2.8562,2.8362,2.9055, &
      &          2.8931,2.8621,2.8618,2.8318,2.7959,2.7910,2.8026,2.7795, &
      &          2.7410,2.7358,2.7429,2.7637,2.7537,2.7615,2.7937,2.7414, &
      &          2.6882,2.7109,2.6885,2.6843,2.7078,2.7041,2.7165,2.7666, &
      &          2.8122,2.8184,2.8115,2.7783,2.7388,2.7356,2.7307,2.7224, &
      &          2.7468,2.7507,2.7646,2.8203,2.8667,2.8376,2.8489,2.8816, &
      &          2.8767,2.8562,2.8938,2.9241,2.9473,2.9521,2.9316,2.9573, &
      &          2.9507,2.9419,2.9297,2.9363,2.9236,2.9038,2.8796,2.9343, &
      &          2.9629,2.9419,2.8976,2.8828,2.8809,2.8635,2.8542,2.7961, &
      &          2.7947,2.8171,2.7930,2.7781,2.7539,2.7297,2.7524,2.7273, &
      &          2.6785,2.6545,2.6489,2.6797,2.7017,2.6719,2.6079,2.6155, &
      &          2.6789,2.6787,2.6489,2.6169,2.5952,2.5427,2.5166,2.5796, &
      &          2.5940,2.5586,2.5349,2.5083,2.5474,2.5876,2.5478,2.5054, &
      &          2.5224,2.5652,2.5840,2.5752,2.5549,2.5295,2.4761,2.4753, &
      &          2.5359,2.5386,2.4783,2.4692,2.4790,2.4487,2.4023,2.4082, &
      &          2.4246,2.4351,2.4331,2.3974,2.3984,2.3624,2.3093,2.3149, &
      &          2.3457,2.3645,2.3486,2.3472,2.3806,2.3774,2.3726,2.3557, &
      &          2.3005,2.2866,2.2622,2.2761,2.2856,2.2859,2.2478,2.2029, &
      &          2.2104,2.2274,2.2019,2.1423,2.0972,2.0884,2.1099,2.1213, &
      &          2.0998,2.0427,1.9836,1.9416,1.9165,1.9319,1.9360,1.9097, &
      &          1.8826,1.8589,1.8335,1.7893,1.7805,1.7419,1.7041,1.6660, &
      &          1.6680,1.6804,1.6851,1.6387,1.5857,1.5894,1.5591,1.5393, &
      &          1.5627,1.6018,1.5937,1.5478,1.5166,1.4907,1.4631,1.4465, &
      &          1.4426,1.4376,1.4167,1.4102,1.4006,1.3945,1.3750,1.3428, &
      &          1.3372,1.2683,1.2488,1.2852,1.2727,1.2246,1.2109,1.1899, &
      &          1.1587,1.1504,1.1443,1.1267,1.0952,1.1018,1.1147,1.1001, &
      &          1.0945,1.1016,1.0564,1.0356,1.0190,1.0027,1.0259,0.9951, &
      &          0.9336,0.9700,1.0327,1.0161,0.9939,0.9988,0.9739,0.9280, &
      &          0.9309,0.9236,0.8955,0.8877,0.9004,0.8979,0.8660,0.8406, &
      &          0.8596,0.8708,0.8728,0.8779,0.8616,0.8689,0.8940,0.8826, &
      &          0.8936,0.8987,0.9145,0.9192,0.8999,0.8904,0.9243,0.9573, &
      &          0.9874,1.0049,1.0542,1.0906,1.1680,1.2319,1.2690,1.3135, &
      &          1.3779,1.4558,1.5471,1.6851,1.7605,1.8667,2.0251,2.1182, &
      &          2.1868,2.3164,2.4282,2.5376,2.6804,2.7698,2.8389,2.9187, &
      &          2.9812,2.9910,2.9741,2.9849,2.9726,2.9128,2.8540,2.8381, &
      &          2.8230,2.7773,2.7331,2.6706,2.5989,2.5413,2.4731,2.4123, &
      &          2.3391,2.2598,2.2297,2.2174,2.1680,2.0924,2.0388,2.0283, &
      &          1.9978,1.9299,1.8938,1.8806,1.8376,1.7961,1.7376,1.6843, &
      &          1.7017,1.7231,1.6694,1.6340,1.6287,1.6047,1.5911,1.5908, &
      &          1.5669,1.5249,1.5330,1.5324,1.5166,1.5417,1.5769,1.5862, &
      &          1.5881,1.5977,1.6462,1.7012,1.7747,1.8689,1.9607,2.0862, &
      &          2.2053,2.3362,2.4844,2.6523,2.7988,2.9460,3.1199,3.2891, &
      &          3.4128,3.5100,3.5918,3.6374,3.7173,3.7414,3.7026,3.7076, &
      &          3.6995,3.6597,3.5820,3.4866,3.4448,3.4106,3.2886,3.1667, &
      &          3.0867,3.0337,2.9739,2.8865,2.7903,2.7334,2.6670,2.6060, &
      &          2.5632,2.5271,2.4910,2.4451,2.4160,2.4102,2.3865,2.3601, &
      &          2.3359,2.3223,2.2976,2.2734,2.2505,2.2305,2.2334,2.2134, &
      &          2.1787,2.1689,2.1802,2.1785,2.1858,2.2163,2.2095,2.1731, &
      &          2.1697,2.1621,2.1619,2.1587,2.1555,2.1357,2.1228,2.1462, &
      &          2.1377,2.0889,2.0681,2.0867,2.0894,2.0940,2.0962,2.0749, &
      &          2.0613,2.0432,2.0210,2.0232,2.0295,2.0217,2.0386,2.0239, &
      &          1.9900,1.9648,1.9785,2.0010,1.9954,1.9888,1.9958,2.0019, &
      &          1.9966,1.9707,1.9607,1.9653,1.9543,1.9141,1.9287,1.9770, &
      &          1.9878,1.9836,1.9770,1.9795,1.9739,1.9768,1.9856,1.9800, &
      &          1.9814,1.9919,2.0159,2.0183,1.9866,1.9631,1.9624,1.9556, &
      &          1.9558,1.9509,1.9429,1.9507,1.9709,1.9668,1.9497,1.9504, &
      &          1.9604,1.9524,1.9648,1.9770,1.9529,1.9114,1.9109,1.9302, &
      &          1.9353,1.9580,1.9748,1.9529,1.9309,1.9316,1.9214,1.9031, &
      &          1.9031,1.9082,1.9133,1.9123,1.9145,1.9531,1.9863,1.9709, &
      &          1.9409,1.9431,1.9590,1.9727,1.9570,1.9473,1.9653,1.9492, &
      &          1.9311,1.9092,1.9155,1.9446,1.9526,1.9573,1.9626,1.9729, &
      &          1.9685,1.9678,1.9644,1.9700,1.9856,1.9939,1.9851,1.9692, &
      &          1.9956,2.0122,1.9944,1.9705,1.9856,1.9951,1.9851,1.9873, &
      &          1.9949,2.0178,2.0498,2.0469,2.0327,2.0254,2.0249,2.0315, &
      &          2.0447,2.0813,2.1018,2.0950,2.0723,2.0923,2.1177,2.1411, &
      &          2.1626,2.1692,2.1572,2.1550,2.1636,2.1606,2.1738,2.1841, &
      &          2.1907,2.2229,2.2446,2.2744,2.2949,2.3124,2.3245,2.3369, &
      &          2.3828,2.4016,2.3884,2.4228,2.4626,2.4878,2.4914,2.4997, &
      &          2.5261,2.5432,2.5513,2.5759,2.6030,2.6064,2.6421,2.6802, &
      &          2.7202,2.7468,2.7598,2.7812,2.8132,2.8406,2.8523,2.8647, &
      &          2.8650,2.8911,2.9246,2.9370,2.9543,2.9831,3.0137,3.0381, &
      &          3.0642,3.1260,3.1636,3.2153,3.2559,3.2724,3.2883,3.3279, &
      &          3.3735,3.4209,3.4412,3.4773,3.5142,3.5349,3.5847,3.6196, &
      &          3.6406,3.6843,3.7427,3.7778,3.8147,3.8662,3.8806,3.8791, &
      &          3.9170,3.9873,4.0271,4.0508,4.0889,4.1316,4.1619,4.1711, &
      &          4.2097,4.2515,4.2829,4.3198,4.3642,4.4255,4.4736,4.4924, &
      &          4.5102,4.5539,4.5896,4.6272,4.6626,4.6877,4.6990,4.7173, &
      &          4.7497,4.7800,4.8191,4.8574,4.9140,4.9692,4.9980,5.0422, &
      &          5.0840,5.1267,5.1804,5.2112,5.2512,5.2988,5.3398,5.3674, &
      &          5.4084,5.4541,5.4980,5.5417,5.5784,5.6023,5.6167,5.6296, &
      &          5.6601,5.6965,5.7461,5.8164,5.8413,5.8613,5.9050,5.9543, &
      &          5.9676,6.0110,6.0827,6.1369,6.1836,6.2253,6.2544,6.2810, &
      &          6.3591,6.4414,6.5041,6.5405,6.5818,6.6272,6.6953,6.7707, &
      &          6.8396,6.9123,6.9668,7.0449,7.1264,7.1780,7.2561,7.3554, &
      &          7.4525,7.5232,7.5664,7.6335,7.7077,7.7732,7.8435,7.9424, &
      &          8.0149,8.0478,8.0932,8.1865,8.2558,8.3161,8.3916,8.4597, &
      &          8.5398,8.6328,8.6924,8.7261,8.7795,8.8535,8.9194,8.9797, &
      &          9.0351,9.0923,9.1628,9.2031,9.2402,9.3149,9.3579,9.3850, &
      &          9.4482,9.4983,9.5320,9.5537,9.5573,9.6125,9.6379,9.6421, &
      &          9.6623,9.6721,9.6662,9.6606,9.6467,9.6443,9.6667,9.6777, &
      &          9.7212,9.7688,9.8022,9.8027,9.8015,9.8266,9.8623,9.8816, &
      &          9.8977,9.9236,9.9353,9.9240,9.9270,9.9382,9.9472,9.9465, &
      &          9.9497,9.9565,9.9563,9.9458,9.9521,9.9331,9.9118,9.9148, &
      &          9.9199,9.9323,9.9060,9.8845,9.8894,9.9040,9.9106,9.8977, &
      &          9.8869,9.8672,9.8257,9.7771,9.7614,9.7312,9.6914,9.6238, &
      &          9.5649,9.5447,9.5027,9.4067,9.2566,9.0786,8.8882,8.6745, &
      &          8.4225,8.2063,8.1089,8.1413,8.2737,8.4387,8.5947,8.7419, &
      &          8.8581,8.9013,8.8991,8.8664,8.8420,8.8305,8.7993,8.7656, &
      &          8.7077,8.6242,8.5620,8.4731,8.3801,8.3008,8.2136,8.1206, &
      &          8.0278,7.9140,7.7610,7.6094,7.4678,7.3074,7.1264,6.9438, &
      &          6.7366,6.5349,6.3606,6.2112,6.1045,6.0759,6.1116,6.1555, &
      &          6.2207,6.3110,6.3782,6.4172,6.4451,6.4194,6.3713,6.3515, &
      &          6.3230,6.2761,6.2292,6.1916,6.1089,6.0478,5.9968,5.9148, &
      &          5.8523,5.7981,5.7168,5.6291,5.5571,5.4717,5.3884,5.3288, &
      &          5.2622,5.1767,5.0796,4.9944,4.9177,4.8533,4.7663,4.6767, &
      &          4.6072,4.5495,4.4870,4.4145,4.3345,4.2412,4.1584,4.0981, &
      &          4.0361,3.9529,3.8899,3.8379,3.7826,3.7251,3.6511,3.5891, &
      &          3.5527,3.5017,3.4294,3.3694,3.3267,3.2724,3.2170,3.1643, &
      &          3.1204,3.0554,3.0061,2.9783,2.9370,2.8845,2.8267,2.7681, &
      &          2.7129,2.6797,2.6489,2.6118,2.5710,2.5315,2.4714,2.4348, &
      &          2.4160,2.3577,2.2930,2.2595,2.2300,2.1807,2.1589,2.1267, &
      &          2.0906,2.0688,2.0513,2.0234,1.9907,1.9641,1.9336,1.8957, &
      &          1.8533,1.8166,1.8132,1.8059,1.7646,1.7158,1.6924,1.6936, &
      &          1.6819,1.6606,1.6526,1.6382,1.6123,1.5942,1.5869,1.5869, &
      &          1.5896,1.5826,1.5615,1.5537,1.5527,1.5457,1.5420,1.5388, &
      &          1.5310,1.5251,1.5127,1.5193,1.5261,1.4949,1.4963,1.5090, &
      &          1.5122,1.5093,1.4976,1.4858,1.4871,1.4812,1.4824,1.4861, &
      &          1.4712,1.4592,1.4646,1.4883,1.4674,1.4519,1.4580,1.4592, &
      &          1.4626,1.4744,1.4709,1.4644,1.4773,1.4805,1.4780,1.4795, &
      &          1.4778,1.4761,1.4685,1.4656,1.4680,1.4761,1.4780,1.4939, &
      &          1.5017,1.5073,1.5122,1.4976,1.4927,1.4868,1.4822,1.4866, &
      &          1.4778,1.4619,1.4751,1.4971,1.5105,1.4990,1.4927,1.5115, &
      &          1.5107,1.5176,1.5339,1.5549,1.5627,1.5454,1.5449,1.5561, &
      &          1.5381,1.5278,1.5422,1.5288,1.5171,1.5334,1.5435,1.5526, &
      &          1.5537,1.5403,1.5303,1.5181,1.5124,1.5156,1.5195,1.5112, &
      &          1.5005,1.5034,1.5007,1.5044,1.5002,1.5059,1.5027,1.4924, &
      &          1.4897,1.4861,1.4846,1.4890,1.4902,1.4819,1.4927,1.5107, &
      &          1.5049,1.5083,1.5310,1.5424,1.5615,1.5991,1.6267,1.6462, &
      &          1.6758,1.7231,1.7588,1.8003,1.8528,1.8816,1.9045,1.9534, &
      &          1.9900,1.9976,2.0383,2.0781,2.1055,2.1138,2.1372,2.1797, &
      &          2.2139,2.2383,2.2620,2.2749,2.2949,2.3230,2.3393,2.3733, &
      &          2.3889,2.3977,2.4250,2.4592,2.4846,2.4988,2.5203,2.5526, &
      &          2.5789,2.5911,2.6050,2.6106,2.6186,2.6296,2.6316,2.6160, &
      &          2.5872,2.5615,2.5364,2.5115,2.5351,2.5869,2.6352,2.6655, &
      &          2.6787,2.6838,2.6997,2.7214,2.7292,2.7170,2.7082,2.7031, &
      &          2.7046,2.7095,2.7173,2.7197,2.7268,2.7114,2.7051,2.7168, &
      &          2.7395,2.7556,2.7637,2.7634,2.7690,2.7776,2.7817,2.8022, &
      &          2.8227,2.8328,2.8442,2.8564,2.8589,2.8640,2.8743,2.8904, &
      &          2.9065,2.9260,2.9574,2.9761,2.9902,3.0027,3.0212,3.0344, &
      &          3.0403,3.0515,3.0576,3.0466,3.0452,3.0552,3.0705,3.0624, &
      &          3.0549,3.0649,3.0481,3.0134,3.0037,2.9956,2.9880,2.9753, &
      &          2.9438,2.9211,2.9253,2.9270,2.9038,2.8828,2.8799,2.8686, &
      &          2.8501,2.8393,2.8098,2.7913,2.7773,2.7519,2.7390,2.7234, &
      &          2.6960,2.6848,2.6909,2.6904,2.6687,2.6523,2.6467,2.6243, &
      &          2.5964,2.5793,2.5691,2.5483,2.5273,2.5034,2.4734,2.4460, &
      &          2.4053,2.3821,2.3611,2.3191,2.2808,2.2451,2.2273,2.1987, &
      &          2.1394,2.0957,2.0662,2.0281,1.9863,1.9431,1.9053,1.8657, &
      &          1.8350,1.8162,1.8003,1.7847,1.7744,1.7698,1.7639,1.7522, &
      &          1.7331,1.7092,1.6909,1.6721,1.6562,1.6431,1.6230,1.6016, &
      &          1.5830,1.5637,1.5503,1.5410,1.5212,1.4885,1.4558,1.4460, &
      &          1.4360,1.4089,1.3889,1.3684,1.3569,1.3457,1.3318,1.3054, &
      &          1.2932,1.2803,1.2639,1.2576,1.2522,1.2476,1.2302,1.2214, &
      &          1.2112,1.1807,1.1487,1.1296,1.1272,1.1257,1.1216,1.0986, &
      &          1.0652,1.0342,1.0161,0.9902,0.9697,0.9617,0.9565,0.9561, &
      &          0.9724,1.0156,1.0823,1.1682,1.2410,1.2905,1.3057,1.3135, &
      &          1.2974,1.2541,1.2280,1.2014,1.1733,1.1699,1.1474,1.1233, &
      &          1.0981,1.0649,1.0540,1.0513,1.0344,1.0156,0.9880,0.9499, &
      &          0.9282,0.9097,0.8821,0.8552,0.8445,0.8877,0.9741,1.1462, &
      &          1.4311,1.7998,2.1941,2.5149,2.7090,2.7524,2.6352,2.4551, &
      &          2.2788,2.0981,1.9558,1.8630,1.7944,1.7263,1.6692,1.6299, &
      &          1.6089,1.5847,1.5637,1.5427,1.5193,1.5051,1.5071,1.4961, &
      &          1.4736,1.4602,1.4587,1.4543,1.4353,1.4355,1.4487,1.4407, &
      &          1.4274,1.4258,1.4258,1.4145,1.4121,1.4160,1.4150,1.4209, &
      &          1.4302,1.4263,1.4114,1.4023,1.3960,1.3823,1.3874,1.3970, &
      &          1.4038,1.4082,1.4123,1.4243,1.4141,1.4104,1.4302,1.4304, &
      &          1.4102,1.4172,1.4280,1.4353,1.4377,1.4421,1.4370,1.4246, &
      &          1.4228,1.4258,1.4165,1.4077,1.4182,1.4170,1.4097,1.4114, &
      &          1.4026,1.4067,1.4204,1.4116,1.3943,1.3872,1.3916,1.3972, &
      &          1.3833,1.3621,1.3789,1.3894,1.3823,1.3674,1.3516,1.3655, &
      &          1.3608,1.3455,1.3621,1.3760,1.3665,1.3538,1.3362,1.3391, &
      &          1.3420,1.3115,1.2942,1.3093,1.2996,1.2866,1.2924,1.2844, &
      &          1.2742,1.2544,1.2522,1.2644,1.2578,1.2407,1.2615,1.2654, &
      &          1.2405,1.2173,1.1907,1.1638,1.1428,1.1494,1.1396,1.1082, &
      &          1.0920,1.0779,1.0640,1.0415,1.0378,1.0364,1.0154,1.0032, &
      &          1.0059,0.9939,0.9717,0.9397,0.9111,0.8997,0.9045,0.9041, &
      &          0.8943,0.8611,0.8569,0.8555,0.8447,0.8203,0.8076,0.8027, &
      &          0.7947,0.7822,0.7615,0.7493,0.7441,0.7207,0.6965,0.6890, &
      &          0.6755,0.6538,0.6418,0.6494,0.6543,0.6516,0.6526,0.6384, &
      &          0.6267,0.6128,0.5857,0.5789,0.5588,0.5330,0.5266,0.5247, &
      &          0.5237,0.5144,0.5015,0.4910,0.4854,0.4807,0.4658,0.4478, &
      &          0.4517,0.4534,0.4458,0.4260,0.4021,0.3960,0.3940,0.3918, &
      &          0.3928,0.3914,0.3728,0.3511,0.3524,0.3577,0.3501,0.3242, &
      &          0.3276,0.3560,0.3467,0.3447,0.3572,0.3699,0.3931,0.4011, &
      &          0.4219,0.4553,0.4949,0.5457,0.5964,0.6655,0.7422,0.8384, &
      &          0.9687,1.1055,1.2761,1.4978,1.7783,2.0945,2.4499,2.8935, &
      &          3.4053,3.9700,4.5664,5.1843,5.7976,6.4014,7.0085,7.6208, &
      &          8.2593,8.9573,9.8391,10.8867,12.0151,13.2458,14.5014,15.7453, &
      &          16.9231,18.0730,19.2563,20.5061,21.8579,23.1945,24.3500,25.2660, &
      &          25.9042,26.2846,26.4963,26.5929,26.6493,26.6999,26.7250,26.7778, &
      &          26.8307,26.8647,26.8779,26.8769,26.7844,26.5929,26.3967,26.1437, &
      &          25.8124,25.3962,24.8862,24.2597,23.5019,22.6354,21.6911,20.6711, &
      &          19.5485,18.3906,17.2612,16.1174,15.0217,13.9636,12.9277,11.9541, &
      &          11.0840,10.3432,9.6865,9.1338,8.6782,8.2553,7.8462,7.4931, &
      &          7.1662,6.8616,6.6072,6.3559,6.1216,5.9385,5.7436,5.5268, &
      &          5.3901,5.2712,5.1284,5.0000,4.9128,4.8306,4.7346,4.6531, &
      &          4.5647,4.4761,4.3948,4.3313,4.2681,4.2414,4.2161,4.1645, &
      &          4.0976,4.0449,4.0173,3.9729,3.9153,3.8686,3.8398,3.7947, &
      &          3.7441,3.7241,3.7168,3.6760,3.5972,3.5417,3.4990,3.4580, &
      &          3.4451,3.4446,3.4133,3.3684,3.3694,3.4407,3.4016,3.3220, &
      &          3.2727,3.2280,3.1633,3.1040,3.0715,3.0698,3.0640,3.0430, &
      &          2.9674,2.9009,2.9048,2.8640,2.8164,2.7964,2.7715,2.7659, &
      &          2.7529,2.7029,2.6682,2.6545,2.6428,2.6111,2.5845,2.5679, &
      &          2.5569,2.5342,2.5244,2.5288,2.5161,2.4917,2.5088,2.4846, &
      &          2.4292,2.4023,2.3911,2.3916,2.3772,2.3542,2.3372,2.3455, &
      &          2.3494,2.3345,2.3223,2.3113,2.3008,2.2913,2.2554,2.2356, &
      &          2.2310,2.2344,2.2314,2.2109,2.1738,2.1597,2.1736,2.1941, &
      &          2.1855,2.1833,2.1645,2.1042,2.1013,2.1362,2.1531,2.1494, &
      &          2.1431,2.1240,2.1218,2.0952,2.0557,2.0334,2.0095,1.9988, &
      &          2.0168,1.9914,1.9676,1.9536,1.9539,1.9685,1.9473,1.9368, &
      &          1.9231,1.8899,1.8962,1.9087,1.8977,1.8916,1.8933,1.8940, &
      &          1.8689,1.8508,1.8684,1.8391,1.7922,1.7822,1.7681,1.7588, &
      &          1.7605,1.7476,1.7576,1.7571,1.7524,1.7297,1.7236,1.7195, &
      &          1.7207,1.7126,1.7080,1.6851,1.6877,1.6965,1.6843,1.6721, &
      &          1.6602,1.6506,1.6448,1.6326,1.6274,1.6133,1.5915,1.5657, &
      &          1.5437,1.5039,1.4744,1.5029,1.5041,1.4839,1.4761,1.4697, &
      &          1.4595,1.4443,1.4574,1.4456,1.4050,1.3845,1.3838,1.3723, &
      &          1.3418,1.3103,1.2891,1.2847,1.2717,1.2368,1.2505,1.2642, &
      &          1.241,1.1755,1.1423,1.1416 /)
