       real :: wvyellowloam(2868) = (/0.4,0.401,0.402,0.403,0.404,0.405,0.406,0.407, &
      &          0.4080,0.4090,0.4100,0.4110,0.4120,0.4130,0.4140,0.4150, &
      &          0.4160,0.4170,0.4180,0.4190,0.4200,0.4210,0.4220,0.4230, &
      &          0.4240,0.4250,0.4260,0.4270,0.4280,0.4290,0.4300,0.4310, &
      &          0.4320,0.4330,0.4340,0.4350,0.4360,0.4370,0.4380,0.4390, &
      &          0.4400,0.4410,0.4420,0.4430,0.4440,0.4450,0.4460,0.4470, &
      &          0.4480,0.4490,0.4500,0.4510,0.4520,0.4530,0.4540,0.4550, &
      &          0.4560,0.4570,0.4580,0.4590,0.4600,0.4610,0.4620,0.4630, &
      &          0.4640,0.4650,0.4660,0.4670,0.4680,0.4690,0.4700,0.4710, &
      &          0.4720,0.4730,0.4740,0.4750,0.4760,0.4770,0.4780,0.4790, &
      &          0.4800,0.4810,0.4820,0.4830,0.4840,0.4850,0.4860,0.4870, &
      &          0.4880,0.4890,0.4900,0.4910,0.4920,0.4930,0.4940,0.4950, &
      &          0.4960,0.4970,0.4980,0.4990,0.5000,0.5010,0.5020,0.5030, &
      &          0.5040,0.5050,0.5060,0.5070,0.5080,0.5090,0.5100,0.5110, &
      &          0.5120,0.5130,0.5140,0.5150,0.5160,0.5170,0.5180,0.5190, &
      &          0.5200,0.5210,0.5220,0.5230,0.5240,0.5250,0.5260,0.5270, &
      &          0.5280,0.5290,0.5300,0.5310,0.5320,0.5330,0.5340,0.5350, &
      &          0.5360,0.5370,0.5380,0.5390,0.5400,0.5410,0.5420,0.5430, &
      &          0.5440,0.5450,0.5460,0.5470,0.5480,0.5490,0.5500,0.5510, &
      &          0.5520,0.5530,0.5540,0.5550,0.5560,0.5570,0.5580,0.5590, &
      &          0.5600,0.5610,0.5620,0.5630,0.5640,0.5650,0.5660,0.5670, &
      &          0.5680,0.5690,0.5700,0.5710,0.5720,0.5730,0.5740,0.5750, &
      &          0.5760,0.5770,0.5780,0.5790,0.5800,0.5810,0.5820,0.5830, &
      &          0.5840,0.5850,0.5860,0.5870,0.5880,0.5890,0.5900,0.5910, &
      &          0.5920,0.5930,0.5940,0.5950,0.5960,0.5970,0.5980,0.5990, &
      &          0.6000,0.6010,0.6020,0.6030,0.6040,0.6050,0.6060,0.6070, &
      &          0.6080,0.6090,0.6100,0.6110,0.6120,0.6130,0.6140,0.6150, &
      &          0.6160,0.6170,0.6180,0.6190,0.6200,0.6210,0.6220,0.6230, &
      &          0.6240,0.6250,0.6260,0.6270,0.6280,0.6290,0.6300,0.6310, &
      &          0.6320,0.6330,0.6340,0.6350,0.6360,0.6370,0.6380,0.6390, &
      &          0.6400,0.6410,0.6420,0.6430,0.6440,0.6450,0.6460,0.6470, &
      &          0.6480,0.6490,0.6500,0.6510,0.6520,0.6530,0.6540,0.6550, &
      &          0.6560,0.6570,0.6580,0.6590,0.6600,0.6610,0.6620,0.6630, &
      &          0.6640,0.6650,0.6660,0.6670,0.6680,0.6690,0.6700,0.6710, &
      &          0.6720,0.6730,0.6740,0.6750,0.6760,0.6770,0.6780,0.6790, &
      &          0.6800,0.6810,0.6820,0.6830,0.6840,0.6850,0.6860,0.6870, &
      &          0.6880,0.6890,0.6900,0.6910,0.6920,0.6930,0.6940,0.6950, &
      &          0.6960,0.6970,0.6980,0.6990,0.7000,0.7010,0.7020,0.7030, &
      &          0.7040,0.7050,0.7060,0.7070,0.7080,0.7090,0.7100,0.7110, &
      &          0.7120,0.7130,0.7140,0.7150,0.7160,0.7170,0.7180,0.7190, &
      &          0.7200,0.7210,0.7220,0.7230,0.7240,0.7250,0.7260,0.7270, &
      &          0.7280,0.7290,0.7300,0.7310,0.7320,0.7330,0.7340,0.7350, &
      &          0.7360,0.7370,0.7380,0.7390,0.7400,0.7410,0.7420,0.7430, &
      &          0.7440,0.7450,0.7460,0.7470,0.7480,0.7490,0.7500,0.7510, &
      &          0.7520,0.7530,0.7540,0.7550,0.7560,0.7570,0.7580,0.7590, &
      &          0.7600,0.7610,0.7620,0.7630,0.7640,0.7650,0.7660,0.7670, &
      &          0.7680,0.7690,0.7700,0.7710,0.7720,0.7730,0.7740,0.7750, &
      &          0.7760,0.7770,0.7780,0.7790,0.7800,0.7810,0.7820,0.7830, &
      &          0.7840,0.7850,0.7860,0.7870,0.7880,0.7890,0.7900,0.7910, &
      &          0.7920,0.7930,0.7940,0.7950,0.7960,0.7970,0.7980,0.7990, &
      &          0.8000,0.8040,0.8080,0.8120,0.8160,0.8200,0.8240,0.8280, &
      &          0.8320,0.8360,0.8400,0.8440,0.8480,0.8520,0.8560,0.8600, &
      &          0.8640,0.8680,0.8720,0.8760,0.8800,0.8840,0.8880,0.8920, &
      &          0.8960,0.9000,0.9040,0.9080,0.9120,0.9160,0.9200,0.9240, &
      &          0.9280,0.9320,0.9360,0.9400,0.9440,0.9480,0.9520,0.9560, &
      &          0.9600,0.9640,0.9680,0.9720,0.9760,0.9800,0.9840,0.9880, &
      &          0.9920,0.9960,1.0000,1.0040,1.0080,1.0120,1.0160,1.0200, &
      &          1.0240,1.0280,1.0320,1.0360,1.0400,1.0440,1.0480,1.0520, &
      &          1.0560,1.0600,1.0640,1.0680,1.0720,1.0760,1.0800,1.0840, &
      &          1.0880,1.0920,1.0960,1.1000,1.1040,1.1080,1.1120,1.1160, &
      &          1.1200,1.1240,1.1280,1.1320,1.1360,1.1400,1.1440,1.1480, &
      &          1.1520,1.1560,1.1600,1.1640,1.1680,1.1720,1.1760,1.1800, &
      &          1.1840,1.1880,1.1920,1.1960,1.2000,1.2040,1.2080,1.2120, &
      &          1.2160,1.2200,1.2240,1.2280,1.2320,1.2360,1.2400,1.2440, &
      &          1.2480,1.2520,1.2560,1.2600,1.2640,1.2680,1.2720,1.2760, &
      &          1.2800,1.2840,1.2880,1.2920,1.2960,1.3000,1.3040,1.3080, &
      &          1.3120,1.3160,1.3200,1.3240,1.3280,1.3320,1.3360,1.3400, &
      &          1.3440,1.3480,1.3520,1.3560,1.3600,1.3640,1.3680,1.3720, &
      &          1.3760,1.3800,1.3840,1.3880,1.3920,1.3960,1.4000,1.4040, &
      &          1.4080,1.4120,1.4160,1.4200,1.4240,1.4280,1.4320,1.4360, &
      &          1.4400,1.4440,1.4480,1.4520,1.4560,1.4600,1.4640,1.4680, &
      &          1.4720,1.4760,1.4800,1.4840,1.4880,1.4920,1.4960,1.5000, &
      &          1.5040,1.5080,1.5120,1.5160,1.5200,1.5240,1.5280,1.5320, &
      &          1.5360,1.5400,1.5440,1.5480,1.5520,1.5560,1.5600,1.5640, &
      &          1.5680,1.5720,1.5760,1.5800,1.5840,1.5880,1.5920,1.5960, &
      &          1.6000,1.6040,1.6080,1.6120,1.6160,1.6200,1.6240,1.6280, &
      &          1.6320,1.6360,1.6400,1.6440,1.6480,1.6520,1.6560,1.6600, &
      &          1.6640,1.6680,1.6720,1.6760,1.6800,1.6840,1.6880,1.6920, &
      &          1.6960,1.7000,1.7040,1.7080,1.7120,1.7160,1.7200,1.7240, &
      &          1.7280,1.7320,1.7360,1.7400,1.7440,1.7480,1.7520,1.7560, &
      &          1.7600,1.7640,1.7680,1.7720,1.7760,1.7800,1.7840,1.7880, &
      &          1.7920,1.7960,1.8000,1.8040,1.8080,1.8120,1.8160,1.8200, &
      &          1.8240,1.8280,1.8320,1.8360,1.8400,1.8440,1.8480,1.8520, &
      &          1.8560,1.8600,1.8640,1.8680,1.8720,1.8760,1.8800,1.8840, &
      &          1.8880,1.8920,1.8960,1.9000,1.9040,1.9080,1.9120,1.9160, &
      &          1.9200,1.9240,1.9280,1.9320,1.9360,1.9400,1.9440,1.9480, &
      &          1.9520,1.9560,1.9600,1.9640,1.9680,1.9720,1.9760,1.9800, &
      &          1.9840,1.9880,1.9920,1.9960,2.0000,2.0040,2.0080,2.0120, &
      &          2.0160,2.0200,2.0240,2.0280,2.0320,2.0360,2.0400,2.0440, &
      &          2.0480,2.0520,2.0560,2.0600,2.0640,2.0680,2.0720,2.0760, &
      &          2.0795,2.0803,2.0812,2.0820,2.0828,2.0837,2.0845,2.0853, &
      &          2.0862,2.0870,2.0879,2.0887,2.0895,2.0904,2.0912,2.0921, &
      &          2.0929,2.0938,2.0946,2.0955,2.0963,2.0971,2.0980,2.0988, &
      &          2.0997,2.1005,2.1014,2.1023,2.1031,2.1040,2.1048,2.1057, &
      &          2.1065,2.1074,2.1082,2.1091,2.1100,2.1108,2.1117,2.1125, &
      &          2.1134,2.1143,2.1151,2.1160,2.1168,2.1177,2.1186,2.1194, &
      &          2.1203,2.1212,2.1220,2.1229,2.1238,2.1247,2.1255,2.1264, &
      &          2.1273,2.1281,2.1290,2.1299,2.1308,2.1316,2.1325,2.1334, &
      &          2.1343,2.1352,2.1360,2.1369,2.1378,2.1387,2.1396,2.1404, &
      &          2.1413,2.1422,2.1431,2.1440,2.1449,2.1458,2.1466,2.1475, &
      &          2.1484,2.1493,2.1502,2.1511,2.1520,2.1529,2.1538,2.1547, &
      &          2.1556,2.1565,2.1574,2.1583,2.1592,2.1601,2.1610,2.1619, &
      &          2.1628,2.1637,2.1646,2.1655,2.1664,2.1673,2.1682,2.1691, &
      &          2.1700,2.1709,2.1718,2.1727,2.1736,2.1746,2.1755,2.1764, &
      &          2.1773,2.1782,2.1791,2.1800,2.1810,2.1819,2.1828,2.1837, &
      &          2.1846,2.1856,2.1865,2.1874,2.1883,2.1893,2.1902,2.1911, &
      &          2.1920,2.1930,2.1939,2.1948,2.1957,2.1967,2.1976,2.1985, &
      &          2.1995,2.2004,2.2013,2.2023,2.2032,2.2041,2.2051,2.2060, &
      &          2.2070,2.2079,2.2088,2.2098,2.2107,2.2117,2.2126,2.2136, &
      &          2.2145,2.2155,2.2164,2.2173,2.2183,2.2192,2.2202,2.2211, &
      &          2.2221,2.2231,2.2240,2.2250,2.2259,2.2269,2.2278,2.2288, &
      &          2.2297,2.2307,2.2317,2.2326,2.2336,2.2345,2.2355,2.2365, &
      &          2.2374,2.2384,2.2394,2.2403,2.2413,2.2423,2.2433,2.2442, &
      &          2.2452,2.2462,2.2471,2.2481,2.2491,2.2501,2.2510,2.2520, &
      &          2.2530,2.2540,2.2550,2.2559,2.2569,2.2579,2.2589,2.2599, &
      &          2.2609,2.2618,2.2628,2.2638,2.2648,2.2658,2.2668,2.2678, &
      &          2.2688,2.2698,2.2708,2.2718,2.2728,2.2738,2.2747,2.2757, &
      &          2.2767,2.2777,2.2787,2.2798,2.2808,2.2818,2.2828,2.2838, &
      &          2.2848,2.2858,2.2868,2.2878,2.2888,2.2898,2.2908,2.2918, &
      &          2.2929,2.2939,2.2949,2.2959,2.2969,2.2979,2.2990,2.3000, &
      &          2.3010,2.3020,2.3030,2.3041,2.3051,2.3061,2.3071,2.3082, &
      &          2.3092,2.3102,2.3113,2.3123,2.3133,2.3144,2.3154,2.3164, &
      &          2.3175,2.3185,2.3195,2.3206,2.3216,2.3226,2.3237,2.3247, &
      &          2.3258,2.3268,2.3279,2.3289,2.3300,2.3310,2.3321,2.3331, &
      &          2.3342,2.3352,2.3363,2.3373,2.3384,2.3394,2.3405,2.3415, &
      &          2.3426,2.3436,2.3447,2.3458,2.3468,2.3479,2.3490,2.3500, &
      &          2.3511,2.3522,2.3532,2.3543,2.3554,2.3564,2.3575,2.3586, &
      &          2.3597,2.3607,2.3618,2.3629,2.3640,2.3650,2.3661,2.3672, &
      &          2.3683,2.3694,2.3704,2.3715,2.3726,2.3737,2.3748,2.3759, &
      &          2.3770,2.3781,2.3791,2.3802,2.3813,2.3824,2.3835,2.3846, &
      &          2.3857,2.3868,2.3879,2.3890,2.3901,2.3912,2.3923,2.3934, &
      &          2.3945,2.3956,2.3967,2.3979,2.3990,2.4001,2.4012,2.4023, &
      &          2.4034,2.4045,2.4056,2.4068,2.4079,2.4090,2.4101,2.4112, &
      &          2.4124,2.4135,2.4146,2.4157,2.4169,2.4180,2.4191,2.4202, &
      &          2.4214,2.4225,2.4236,2.4248,2.4259,2.4270,2.4282,2.4293, &
      &          2.4305,2.4316,2.4327,2.4339,2.4350,2.4362,2.4373,2.4385, &
      &          2.4396,2.4408,2.4419,2.4431,2.4442,2.4454,2.4465,2.4477, &
      &          2.4488,2.4500,2.4511,2.4523,2.4535,2.4546,2.4558,2.4569, &
      &          2.4581,2.4593,2.4604,2.4616,2.4628,2.4640,2.4651,2.4663, &
      &          2.4675,2.4686,2.4698,2.4710,2.4722,2.4734,2.4745,2.4757, &
      &          2.4769,2.4781,2.4793,2.4805,2.4816,2.4828,2.4840,2.4852, &
      &          2.4864,2.4876,2.4888,2.4900,2.4912,2.4924,2.4936,2.4948, &
      &          2.4960,2.4972,2.4984,2.4996,2.5008,2.5020,2.5032,2.5044, &
      &          2.5056,2.5068,2.5081,2.5093,2.5105,2.5117,2.5129,2.5141, &
      &          2.5154,2.5166,2.5178,2.5190,2.5202,2.5215,2.5227,2.5239, &
      &          2.5252,2.5264,2.5276,2.5289,2.5301,2.5313,2.5326,2.5338, &
      &          2.5350,2.5363,2.5375,2.5388,2.5400,2.5413,2.5425,2.5437, &
      &          2.5450,2.5462,2.5475,2.5487,2.5500,2.5513,2.5525,2.5538, &
      &          2.5550,2.5563,2.5575,2.5588,2.5601,2.5613,2.5626,2.5639, &
      &          2.5651,2.5664,2.5677,2.5690,2.5702,2.5715,2.5728,2.5741, &
      &          2.5753,2.5766,2.5779,2.5792,2.5805,2.5817,2.5830,2.5843, &
      &          2.5856,2.5869,2.5882,2.5895,2.5908,2.5921,2.5934,2.5947, &
      &          2.5960,2.5973,2.5986,2.5999,2.6012,2.6025,2.6038,2.6051, &
      &          2.6064,2.6077,2.6090,2.6103,2.6117,2.6130,2.6143,2.6156, &
      &          2.6169,2.6183,2.6196,2.6209,2.6222,2.6236,2.6249,2.6262, &
      &          2.6275,2.6289,2.6302,2.6315,2.6329,2.6342,2.6356,2.6369, &
      &          2.6382,2.6396,2.6409,2.6423,2.6436,2.6450,2.6463,2.6477, &
      &          2.6490,2.6504,2.6517,2.6531,2.6545,2.6558,2.6572,2.6585, &
      &          2.6599,2.6613,2.6626,2.6640,2.6654,2.6667,2.6681,2.6695, &
      &          2.6709,2.6722,2.6736,2.6750,2.6764,2.6778,2.6791,2.6805, &
      &          2.6819,2.6833,2.6847,2.6861,2.6875,2.6889,2.6903,2.6917, &
      &          2.6931,2.6945,2.6959,2.6973,2.6987,2.7001,2.7015,2.7029, &
      &          2.7043,2.7057,2.7071,2.7085,2.7100,2.7114,2.7128,2.7142, &
      &          2.7156,2.7171,2.7185,2.7199,2.7213,2.7228,2.7242,2.7256, &
      &          2.7271,2.7285,2.7299,2.7314,2.7328,2.7343,2.7357,2.7371, &
      &          2.7386,2.7400,2.7415,2.7429,2.7444,2.7458,2.7473,2.7488, &
      &          2.7502,2.7517,2.7531,2.7546,2.7561,2.7575,2.7590,2.7605, &
      &          2.7619,2.7634,2.7649,2.7664,2.7678,2.7693,2.7708,2.7723, &
      &          2.7738,2.7752,2.7767,2.7782,2.7797,2.7812,2.7827,2.7842, &
      &          2.7857,2.7872,2.7887,2.7902,2.7917,2.7932,2.7947,2.7962, &
      &          2.7977,2.7992,2.8007,2.8022,2.8038,2.8053,2.8068,2.8083, &
      &          2.8098,2.8114,2.8129,2.8144,2.8159,2.8175,2.8190,2.8205, &
      &          2.8221,2.8236,2.8252,2.8267,2.8282,2.8298,2.8313,2.8329, &
      &          2.8344,2.8360,2.8375,2.8391,2.8406,2.8422,2.8437,2.8453, &
      &          2.8469,2.8484,2.8500,2.8516,2.8531,2.8547,2.8563,2.8579, &
      &          2.8594,2.8610,2.8626,2.8642,2.8658,2.8673,2.8689,2.8705, &
      &          2.8721,2.8737,2.8753,2.8769,2.8785,2.8801,2.8817,2.8833, &
      &          2.8849,2.8865,2.8881,2.8897,2.8913,2.8929,2.8946,2.8962, &
      &          2.8978,2.8994,2.9010,2.9027,2.9043,2.9059,2.9075,2.9092, &
      &          2.9108,2.9124,2.9141,2.9157,2.9174,2.9190,2.9207,2.9223, &
      &          2.9239,2.9256,2.9272,2.9289,2.9306,2.9322,2.9339,2.9355, &
      &          2.9372,2.9389,2.9405,2.9422,2.9439,2.9455,2.9472,2.9489, &
      &          2.9506,2.9523,2.9539,2.9556,2.9573,2.9590,2.9607,2.9624, &
      &          2.9641,2.9658,2.9675,2.9692,2.9709,2.9726,2.9743,2.9760, &
      &          2.9777,2.9794,2.9811,2.9828,2.9845,2.9863,2.9880,2.9897, &
      &          2.9914,2.9932,2.9949,2.9966,2.9984,3.0001,3.0018,3.0036, &
      &          3.0053,3.0070,3.0088,3.0105,3.0123,3.0140,3.0158,3.0176, &
      &          3.0193,3.0211,3.0228,3.0246,3.0264,3.0281,3.0299,3.0317, &
      &          3.0334,3.0352,3.0370,3.0388,3.0406,3.0423,3.0441,3.0459, &
      &          3.0477,3.0495,3.0513,3.0531,3.0549,3.0567,3.0585,3.0603, &
      &          3.0621,3.0639,3.0657,3.0675,3.0694,3.0712,3.0730,3.0748, &
      &          3.0766,3.0785,3.0803,3.0821,3.0840,3.0858,3.0876,3.0895, &
      &          3.0913,3.0932,3.0950,3.0969,3.0987,3.1006,3.1024,3.1043, &
      &          3.1061,3.1080,3.1099,3.1117,3.1136,3.1155,3.1174,3.1192, &
      &          3.1211,3.1230,3.1249,3.1268,3.1286,3.1305,3.1324,3.1343, &
      &          3.1362,3.1381,3.1400,3.1419,3.1438,3.1457,3.1476,3.1495, &
      &          3.1515,3.1534,3.1553,3.1572,3.1591,3.1611,3.1630,3.1649, &
      &          3.1669,3.1688,3.1707,3.1727,3.1746,3.1766,3.1785,3.1805, &
      &          3.1824,3.1844,3.1863,3.1883,3.1902,3.1922,3.1942,3.1961, &
      &          3.1981,3.2001,3.2021,3.2040,3.2060,3.2080,3.2100,3.2120, &
      &          3.2140,3.2160,3.2180,3.2200,3.2220,3.2240,3.2260,3.2280, &
      &          3.2300,3.2320,3.2340,3.2361,3.2381,3.2401,3.2421,3.2442, &
      &          3.2462,3.2482,3.2503,3.2523,3.2543,3.2564,3.2584,3.2605, &
      &          3.2625,3.2646,3.2666,3.2687,3.2708,3.2728,3.2749,3.2770, &
      &          3.2790,3.2811,3.2832,3.2853,3.2874,3.2894,3.2915,3.2936, &
      &          3.2957,3.2978,3.2999,3.3020,3.3041,3.3062,3.3083,3.3104, &
      &          3.3126,3.3147,3.3168,3.3189,3.3210,3.3232,3.3253,3.3274, &
      &          3.3296,3.3317,3.3339,3.3360,3.3382,3.3403,3.3425,3.3446, &
      &          3.3468,3.3489,3.3511,3.3533,3.3554,3.3576,3.3598,3.3620, &
      &          3.3641,3.3663,3.3685,3.3707,3.3729,3.3751,3.3773,3.3795, &
      &          3.3817,3.3839,3.3861,3.3883,3.3906,3.3928,3.3950,3.3972, &
      &          3.3994,3.4017,3.4039,3.4061,3.4084,3.4106,3.4129,3.4151, &
      &          3.4174,3.4196,3.4219,3.4241,3.4264,3.4287,3.4309,3.4332, &
      &          3.4355,3.4378,3.4400,3.4423,3.4446,3.4469,3.4492,3.4515, &
      &          3.4538,3.4561,3.4584,3.4607,3.4630,3.4653,3.4677,3.4700, &
      &          3.4723,3.4746,3.4770,3.4793,3.4816,3.4840,3.4863,3.4887, &
      &          3.4910,3.4934,3.4957,3.4981,3.5004,3.5028,3.5052,3.5075, &
      &          3.5099,3.5123,3.5147,3.5171,3.5195,3.5218,3.5242,3.5266, &
      &          3.5290,3.5314,3.5338,3.5363,3.5387,3.5411,3.5435,3.5459, &
      &          3.5484,3.5508,3.5532,3.5557,3.5581,3.5605,3.5630,3.5654, &
      &          3.5679,3.5704,3.5728,3.5753,3.5777,3.5802,3.5827,3.5852, &
      &          3.5876,3.5901,3.5926,3.5951,3.5976,3.6001,3.6026,3.6051, &
      &          3.6076,3.6101,3.6127,3.6152,3.6177,3.6202,3.6227,3.6253, &
      &          3.6278,3.6304,3.6329,3.6355,3.6380,3.6406,3.6431,3.6457, &
      &          3.6482,3.6508,3.6534,3.6560,3.6585,3.6611,3.6637,3.6663, &
      &          3.6689,3.6715,3.6741,3.6767,3.6793,3.6819,3.6845,3.6872, &
      &          3.6898,3.6924,3.6950,3.6977,3.7003,3.7030,3.7056,3.7083, &
      &          3.7109,3.7136,3.7162,3.7189,3.7216,3.7242,3.7269,3.7296, &
      &          3.7323,3.7350,3.7377,3.7404,3.7431,3.7458,3.7485,3.7512, &
      &          3.7539,3.7566,3.7594,3.7621,3.7648,3.7676,3.7703,3.7730, &
      &          3.7758,3.7785,3.7813,3.7841,3.7868,3.7896,3.7924,3.7951, &
      &          3.7979,3.8007,3.8035,3.8063,3.8091,3.8119,3.8147,3.8175, &
      &          3.8203,3.8231,3.8259,3.8288,3.8316,3.8344,3.8373,3.8401, &
      &          3.8430,3.8458,3.8487,3.8515,3.8544,3.8573,3.8601,3.8630, &
      &          3.8659,3.8688,3.8717,3.8746,3.8775,3.8804,3.8833,3.8862, &
      &          3.8891,3.8920,3.8949,3.8979,3.9008,3.9037,3.9067,3.9096, &
      &          3.9126,3.9155,3.9185,3.9214,3.9244,3.9274,3.9304,3.9333, &
      &          3.9363,3.9393,3.9423,3.9453,3.9483,3.9513,3.9544,3.9574, &
      &          3.9604,3.9634,3.9665,3.9695,3.9725,3.9756,3.9786,3.9817, &
      &          3.9847,3.9878,3.9909,3.9940,3.9970,4.0001,4.0032,4.0063, &
      &          4.0094,4.0125,4.0156,4.0187,4.0218,4.0250,4.0281,4.0312, &
      &          4.0344,4.0375,4.0406,4.0438,4.0470,4.0501,4.0533,4.0565, &
      &          4.0596,4.0628,4.0660,4.0692,4.0724,4.0756,4.0788,4.0820, &
      &          4.0852,4.0884,4.0917,4.0949,4.0981,4.1014,4.1046,4.1079, &
      &          4.1111,4.1144,4.1177,4.1209,4.1242,4.1275,4.1308,4.1341, &
      &          4.1374,4.1407,4.1440,4.1473,4.1506,4.1540,4.1573,4.1606, &
      &          4.1640,4.1673,4.1707,4.1740,4.1774,4.1808,4.1841,4.1875, &
      &          4.1909,4.1943,4.1977,4.2011,4.2045,4.2079,4.2113,4.2148, &
      &          4.2182,4.2216,4.2251,4.2285,4.2320,4.2354,4.2389,4.2424, &
      &          4.2458,4.2493,4.2528,4.2563,4.2598,4.2633,4.2668,4.2703, &
      &          4.2738,4.2774,4.2809,4.2844,4.2880,4.2915,4.2951,4.2986, &
      &          4.3022,4.3058,4.3094,4.3129,4.3165,4.3201,4.3237,4.3273, &
      &          4.3310,4.3346,4.3382,4.3418,4.3455,4.3491,4.3528,4.3564, &
      &          4.3601,4.3638,4.3674,4.3711,4.3748,4.3785,4.3822,4.3859, &
      &          4.3896,4.3934,4.3971,4.4008,4.4045,4.4083,4.4120,4.4158, &
      &          4.4196,4.4233,4.4271,4.4309,4.4347,4.4385,4.4423,4.4461, &
      &          4.4499,4.4537,4.4576,4.4614,4.4652,4.4691,4.4730,4.4768, &
      &          4.4807,4.4846,4.4884,4.4923,4.4962,4.5001,4.5040,4.5080, &
      &          4.5119,4.5158,4.5197,4.5237,4.5276,4.5316,4.5356,4.5395, &
      &          4.5435,4.5475,4.5515,4.5555,4.5595,4.5635,4.5675,4.5716, &
      &          4.5756,4.5796,4.5837,4.5877,4.5918,4.5959,4.6000,4.6040, &
      &          4.6081,4.6122,4.6163,4.6205,4.6246,4.6287,4.6328,4.6370, &
      &          4.6411,4.6453,4.6495,4.6536,4.6578,4.6620,4.6662,4.6704, &
      &          4.6746,4.6788,4.6831,4.6873,4.6915,4.6958,4.7000,4.7043, &
      &          4.7086,4.7129,4.7172,4.7215,4.7258,4.7301,4.7344,4.7387, &
      &          4.7431,4.7474,4.7517,4.7561,4.7605,4.7648,4.7692,4.7736, &
      &          4.7780,4.7824,4.7868,4.7913,4.7957,4.8001,4.8046,4.8090, &
      &          4.8135,4.8180,4.8225,4.8270,4.8315,4.8360,4.8405,4.8450, &
      &          4.8495,4.8541,4.8586,4.8632,4.8678,4.8723,4.8769,4.8815, &
      &          4.8861,4.8907,4.8953,4.9000,4.9046,4.9092,4.9139,4.9186, &
      &          4.9232,4.9279,4.9326,4.9373,4.9420,4.9467,4.9514,4.9562, &
      &          4.9609,4.9657,4.9704,4.9752,4.9800,4.9848,4.9896,4.9944, &
      &          4.9992,5.0040,5.0088,5.0137,5.0185,5.0234,5.0283,5.0332, &
      &          5.0380,5.0430,5.0479,5.0528,5.0577,5.0627,5.0676,5.0726, &
      &          5.0775,5.0825,5.0875,5.0925,5.0975,5.1025,5.1075,5.1126, &
      &          5.1176,5.1227,5.1277,5.1328,5.1379,5.1430,5.1481,5.1532, &
      &          5.1584,5.1635,5.1686,5.1738,5.1790,5.1842,5.1893,5.1945, &
      &          5.1998,5.2050,5.2102,5.2154,5.2207,5.2260,5.2312,5.2365, &
      &          5.2418,5.2471,5.2524,5.2578,5.2631,5.2684,5.2738,5.2792, &
      &          5.2846,5.2900,5.2954,5.3008,5.3062,5.3116,5.3171,5.3225, &
      &          5.3280,5.3335,5.3390,5.3445,5.3500,5.3555,5.3611,5.3666, &
      &          5.3722,5.3778,5.3833,5.3889,5.3945,5.4002,5.4058,5.4114, &
      &          5.4171,5.4228,5.4284,5.4341,5.4398,5.4455,5.4513,5.4570, &
      &          5.4628,5.4685,5.4743,5.4801,5.4859,5.4917,5.4975,5.5033, &
      &          5.5092,5.5151,5.5209,5.5268,5.5327,5.5386,5.5445,5.5505, &
      &          5.5564,5.5624,5.5684,5.5744,5.5804,5.5864,5.5924,5.5984, &
      &          5.6045,5.6106,5.6166,5.6227,5.6288,5.6349,5.6411,5.6472, &
      &          5.6534,5.6596,5.6657,5.6719,5.6782,5.6844,5.6906,5.6969, &
      &          5.7031,5.7094,5.7157,5.7220,5.7283,5.7347,5.7410,5.7474, &
      &          5.7538,5.7602,5.7666,5.7730,5.7794,5.7859,5.7923,5.7988, &
      &          5.8053,5.8118,5.8184,5.8249,5.8314,5.8380,5.8446,5.8512, &
      &          5.8578,5.8644,5.8711,5.8777,5.8844,5.8911,5.8978,5.9045, &
      &          5.9112,5.9180,5.9247,5.9315,5.9383,5.9451,5.9520,5.9588, &
      &          5.9657,5.9725,5.9794,5.9863,5.9932,6.0002,6.0071,6.0141, &
      &          6.0211,6.0281,6.0351,6.0421,6.0492,6.0563,6.0633,6.0704, &
      &          6.0776,6.0847,6.0918,6.0990,6.1062,6.1134,6.1206,6.1278, &
      &          6.1351,6.1424,6.1496,6.1570,6.1643,6.1716,6.1790,6.1863, &
      &          6.1937,6.2011,6.2086,6.2160,6.2235,6.2310,6.2385,6.2460, &
      &          6.2535,6.2611,6.2686,6.2762,6.2838,6.2914,6.2991,6.3068, &
      &          6.3144,6.3221,6.3299,6.3376,6.3454,6.3531,6.3609,6.3687, &
      &          6.3766,6.3844,6.3923,6.4002,6.4081,6.4160,6.4240,6.4320, &
      &          6.4399,6.4480,6.4560,6.4640,6.4721,6.4802,6.4883,6.4964, &
      &          6.5046,6.5128,6.5209,6.5292,6.5374,6.5456,6.5539,6.5622, &
      &          6.5705,6.5789,6.5872,6.5956,6.6040,6.6124,6.6209,6.6294, &
      &          6.6378,6.6464,6.6549,6.6634,6.6720,6.6806,6.6892,6.6979, &
      &          6.7065,6.7152,6.7239,6.7327,6.7414,6.7502,6.7590,6.7678, &
      &          6.7767,6.7855,6.7944,6.8034,6.8123,6.8213,6.8302,6.8393, &
      &          6.8483,6.8573,6.8664,6.8755,6.8847,6.8938,6.9030,6.9122, &
      &          6.9214,6.9307,6.9400,6.9493,6.9586,6.9679,6.9773,6.9867, &
      &          6.9962,7.0056,7.0151,7.0246,7.0341,7.0437,7.0533,7.0629, &
      &          7.0725,7.0822,7.0919,7.1016,7.1113,7.1211,7.1309,7.1407, &
      &          7.1506,7.1604,7.1703,7.1803,7.1902,7.2002,7.2102,7.2203, &
      &          7.2303,7.2404,7.2506,7.2607,7.2709,7.2811,7.2914,7.3016, &
      &          7.3119,7.3223,7.3326,7.3430,7.3534,7.3639,7.3743,7.3848, &
      &          7.3954,7.4059,7.4165,7.4272,7.4378,7.4485,7.4592,7.4700, &
      &          7.4807,7.4916,7.5024,7.5133,7.5242,7.5351,7.5461,7.5571, &
      &          7.5681,7.5792,7.5903,7.6014,7.6126,7.6238,7.6350,7.6462, &
      &          7.6575,7.6689,7.6802,7.6916,7.7031,7.7145,7.7260,7.7375, &
      &          7.7491,7.7607,7.7723,7.7840,7.7957,7.8075,7.8192,7.8310, &
      &          7.8429,7.8548,7.8667,7.8786,7.8906,7.9027,7.9147,7.9268, &
      &          7.9390,7.9512,7.9634,7.9756,7.9879,8.0002,8.0126,8.0250, &
      &          8.0374,8.0499,8.0624,8.0750,8.0876,8.1002,8.1129,8.1256, &
      &          8.1384,8.1512,8.1640,8.1769,8.1898,8.2028,8.2158,8.2288, &
      &          8.2419,8.2550,8.2682,8.2814,8.2946,8.3079,8.3213,8.3347, &
      &          8.3481,8.3615,8.3750,8.3886,8.4022,8.4158,8.4295,8.4432, &
      &          8.4570,8.4708,8.4847,8.4986,8.5126,8.5266,8.5406,8.5547, &
      &          8.5688,8.5830,8.5973,8.6116,8.6259,8.6403,8.6547,8.6692, &
      &          8.6837,8.6982,8.7129,8.7275,8.7422,8.7570,8.7718,8.7867, &
      &          8.8016,8.8166,8.8316,8.8467,8.8618,8.8770,8.8922,8.9075, &
      &          8.9228,8.9382,8.9536,8.9691,8.9847,9.0003,9.0159,9.0316, &
      &          9.0474,9.0632,9.0791,9.0950,9.1110,9.1270,9.1431,9.1593, &
      &          9.1755,9.1918,9.2081,9.2245,9.2409,9.2574,9.2740,9.2906, &
      &          9.3073,9.3240,9.3408,9.3577,9.3746,9.3916,9.4086,9.4257, &
      &          9.4429,9.4601,9.4774,9.4948,9.5122,9.5297,9.5472,9.5649, &
      &          9.5825,9.6003,9.6181,9.6360,9.6539,9.6719,9.6900,9.7082, &
      &          9.7264,9.7447,9.7630,9.7814,9.7999,9.8185,9.8371,9.8558, &
      &          9.8746,9.8934,9.9123,9.9313,9.9504,9.9695,9.9887,10.0080, &
      &          10.0270,10.0470,10.0660,10.0860,10.1060,10.1250,10.1450,10.1650, &
      &          10.1850,10.2050,10.2250,10.2450,10.2660,10.2860,10.3060,10.3270, &
      &          10.3480,10.3680,10.3890,10.4100,10.4310,10.4520,10.4730,10.4940, &
      &          10.5160,10.5370,10.5580,10.5800,10.6020,10.6230,10.6450,10.6670, &
      &          10.6890,10.7110,10.7330,10.7550,10.7780,10.8000,10.8230,10.8460, &
      &          10.8680,10.8910,10.9140,10.9370,10.9600,10.9830,11.0070,11.0300, &
      &          11.0540,11.0770,11.1010,11.1250,11.1490,11.1730,11.1970,11.2210, &
      &          11.2450,11.2700,11.2940,11.3190,11.3440,11.3690,11.3940,11.4190, &
      &          11.4440,11.4690,11.4950,11.5200,11.5460,11.5720,11.5980,11.6240, &
      &          11.6500,11.6760,11.7020,11.7290,11.7550,11.7820,11.8090,11.8360, &
      &          11.8630,11.8900,11.9180,11.9450,11.9730,12.0000,12.0280,12.0560, &
      &          12.0840,12.1130,12.1410,12.1690,12.1980,12.2270,12.2560,12.2850, &
      &          12.3140,12.3430,12.3730,12.4020,12.4320,12.4620,12.4920,12.5220, &
      &          12.5520,12.5830,12.6140,12.6440,12.6750,12.7060,12.7370,12.7690, &
      &          12.8000,12.8320,12.8640,12.8960,12.9280,12.9600,12.9930,13.0260, &
      &          13.0580,13.0910,13.1240,13.1580,13.1910,13.2250,13.2590,13.2930, &
      &          13.3270,13.3610,13.3960,13.4300,13.4650,13.5000,13.5360,13.5710, &
      &          13.6070,13.6430,13.6790,13.7150,13.7510,13.7880,13.8240,13.8610, &
      &          13.8990,13.9360,13.9730,14.0110,14.0490,14.0870,14.1260,14.1640, &
      &          14.2030,14.2420,14.2810,14.3210,14.3610,14.4000,14.4410,14.4810, &
      &          14.5210,14.5620,14.6030,14.6450,14.6860,14.7280,14.7700,14.8120, &
      &          14.854,14.897,14.94,14.983 /)


       real :: yellowloam(2868) = (/2.902,3.1628,3.2727,3.2619,3.2445,3.3412,3.3919,3.4011, &
      &          3.4937,3.8165,3.5685,3.4548,3.7550,3.9889,4.0118,4.0232, &
      &          4.0461,4.1417,4.1357,4.1357,4.3690,4.3164,4.3353,4.5167, &
      &          4.5896,4.5735,4.8769,4.9687,5.1502,5.0173,5.1552,5.5122, &
      &          5.3296,5.0895,5.4223,5.6146,5.8380,5.6393,5.8549,5.8549, &
      &          6.0613,6.1680,6.2389,6.2299,6.5484,6.6154,6.8109,7.0207, &
      &          7.0967,7.1721,7.2997,7.4942,7.7180,7.5604,7.8543,7.9262, &
      &          7.7680,7.8625,7.8512,7.7894,7.9329,8.2226,8.2408,8.0864, &
      &          8.1980,8.2420,8.4576,8.4576,8.4702,8.4344,8.6782,8.7252, &
      &          8.5627,8.7065,8.7453,9.0419,9.2508,9.0687,9.3063,9.3063, &
      &          9.4544,9.3982,9.5872,9.5302,9.5019,9.7216,9.8335,10.0610, &
      &          10.1660,10.1810,10.3530,10.4220,10.3920,10.4530,10.6020,10.7070, &
      &          10.6300,11.0020,11.3030,11.3760,11.5380,11.5600,11.5430,11.4000, &
      &          11.4560,11.3950,11.9470,11.8790,11.9830,11.7950,12.3760,12.4630, &
      &          12.6350,12.6710,12.8300,13.0070,13.0620,13.2040,13.4730,13.5220, &
      &          13.7390,13.7530,13.7610,13.7220,13.7560,13.9850,14.0700,14.0460, &
      &          14.2000,14.5120,14.6270,14.6960,14.8010,15.0140,15.3280,15.2820, &
      &          15.4070,15.4490,15.9390,16.0850,16.1460,16.5040,16.5370,16.5970, &
      &          16.8200,16.9540,17.0580,17.2020,17.6130,17.5950,17.7320,18.0060, &
      &          18.1430,18.1990,18.5670,18.7250,18.8580,18.9890,18.9600,18.9840, &
      &          19.4380,19.4920,19.9650,20.0680,20.3260,20.2160,20.7380,20.9710, &
      &          21.0940,21.3540,21.4360,21.6430,21.5340,21.7530,22.0640,22.1660, &
      &          22.4940,22.7050,22.6930,22.7990,23.0970,23.2030,23.5320,23.6550, &
      &          23.6550,24.2240,24.5600,24.4470,24.7200,24.6790,24.6160,24.9490, &
      &          25.0030,25.0980,25.2150,24.8960,25.5800,25.5650,25.5320,25.5750, &
      &          25.3500,25.4660,25.8030,25.6550,25.7370,25.8100,25.9640,26.0360, &
      &          25.8590,26.2450,26.0270,26.3880,26.1150,26.4370,26.4330,26.6050, &
      &          26.4710,26.2460,26.6190,26.6510,26.7570,26.7490,26.5680,26.9880, &
      &          26.9600,27.0190,27.2980,26.9210,26.9910,27.2250,27.4010,27.3940, &
      &          27.4070,26.9640,27.4070,27.5410,27.6410,27.5340,27.0430,27.3400, &
      &          27.8520,28.1240,28.1240,27.8890,27.4790,27.8550,27.6800,27.6140, &
      &          27.8200,28.2970,28.3920,28.7100,28.4270,28.4290,28.6340,28.8060, &
      &          28.8060,28.8130,28.6050,28.7710,28.9100,29.0130,29.0830,29.0120, &
      &          29.0110,28.9420,29.2860,29.3920,29.6010,29.4930,29.3170,29.2150, &
      &          29.4930,29.9090,30.1200,29.9430,29.7020,29.9760,29.9370,30.2140, &
      &          29.8620,29.9330,30.0710,30.1070,30.4510,30.4150,30.4120,30.3760, &
      &          30.7290,30.5200,30.3710,30.6200,31.0390,31.0750,30.9360,31.3480, &
      &          31.4970,31.3980,31.3810,32.7110,31.5820,31.5840,31.2710,31.3560, &
      &          31.5570,31.5290,31.8960,32.0710,32.1730,31.8970,31.8320,32.0340, &
      &          31.6850,31.8320,32.0810,32.2850,32.3860,32.5140,32.2520,32.1780, &
      &          31.7500,31.8490,31.9950,32.1680,32.0490,32.0580,32.0850,32.3680, &
      &          32.3310,32.6310,32.8050,32.7560,32.8800,32.8540,32.8800,32.8800, &
      &          33.0560,32.7310,32.7680,32.9300,33.1680,33.2920,33.3920,33.2810, &
      &          33.2300,33.1930,33.2920,33.2550,33.1420,33.1930,33.2920,33.1550, &
      &          33.4920,33.5920,33.6820,33.6820,33.5540,33.5540,33.4030,33.4650, &
      &          33.5400,33.7300,33.8060,33.9830,33.8770,33.7110,33.9000,33.9610, &
      &          33.8850,33.9010,33.9610,33.6650,33.7860,34.0990,34.1290,34.4840, &
      &          34.4060,34.4520,34.1830,34.3580,34.1000,34.3740,34.6290,34.2990, &
      &          34.1760,34.3680,34.2910,34.0780,34.3750,34.3980,34.4750,34.2830, &
      &          34.2380,34.6510,34.5730,34.7900,34.8890,34.7070,34.3830,34.3830, &
      &          34.3830,34.5000,34.5580,34.7650,34.4610,34.6620,35.0440,34.8180, &
      &          35.0400,34.8770,34.7820,34.5800,34.7690,34.8280,34.8280,35.0390, &
      &          34.9170,34.8680,35.0190,35.2050,35.0690,35.1910,35.3120,35.2260, &
      &          35.1690,35.1690,35.3550,35.2690,35.4770,35.5820,35.7470,35.7400, &
      &          35.9640,35.9280,35.8550,35.9640,36.0370,36.1680,36.3350,36.3520, &
      &          36.4280,36.2530,36.6080,36.4600,36.3500,36.0230,36.1760,37.0410, &
      &          36.6360,36.8910,36.9470,36.8540,37.2150,37.3840,37.2900,37.8390, &
      &          37.8310,37.5470,37.5830,37.5900,37.3270,37.5530,37.5510,37.7530, &
      &          37.8840,38.1540,37.7580,38.1370,38.4030,38.2430,38.3470,38.3590, &
      &          38.5310,38.4530,38.4250,38.4420,38.3870,38.3970,38.9530,39.2210, &
      &          39.3400,39.5700,39.3150,39.9220,39.4350,39.6790,39.2900,39.0920, &
      &          39.3090,39.5580,39.5720,39.8380,40.1580,40.1980,40.3720,40.2780, &
      &          40.4000,40.6230,40.8400,40.8400,40.7460,40.7460,40.7110,40.8760, &
      &          40.8460,40.8990,40.8990,41.3360,41.3150,41.4620,41.5670,41.6520, &
      &          41.8690,41.7840,41.7090,41.8020,41.5820,41.7510,41.7610,41.5500, &
      &          41.5290,41.5900,41.5070,41.8370,42.0190,41.6900,41.4840,41.6940, &
      &          41.8280,42.0540,42.1380,42.2220,41.9700,42.1960,42.0300,42.4570, &
      &          43.1100,42.9180,42.9140,43.2070,42.9230,42.9130,42.9170,43.1120, &
      &          42.3950,41.8960,42.1290,41.5500,41.0430,40.5880,40.2310,39.7530, &
      &          39.5630,39.7220,40.3760,40.8750,41.1040,41.2920,41.4470,41.5070, &
      &          41.6060,41.8420,41.7210,42.1130,42.3350,42.4830,42.6580,42.6150, &
      &          42.6650,42.9820,43.4430,43.7680,43.5810,43.7090,43.1800,43.0060, &
      &          43.3840,43.5690,43.4380,43.4820,43.5800,43.7640,44.1260,43.9530, &
      &          44.2190,44.0850,44.4000,44.6300,44.5370,44.0910,44.1310,44.4000, &
      &          44.2630,43.7320,44.1350,44.9550,45.0420,44.8540,44.7250,44.8110, &
      &          44.7250,44.3190,44.3630,44.9100,44.9550,45.0860,45.1800,45.3580, &
      &          45.2210,45.2210,44.9950,45.1330,45.6380,45.9160,45.6870,45.2730, &
      &          45.2230,45.4100,45.5500,45.7310,45.6870,45.9660,45.4140,45.4150, &
      &          45.5040,45.5970,46.1030,45.8710,46.1480,46.5690,46.1010,45.8170, &
      &          45.6870,45.9190,45.9650,45.8670,45.9130,46.0510,45.8650,45.6800, &
      &          45.6800,45.7270,45.6810,45.6810,45.6800,45.6790,45.6340,45.7250, &
      &          45.8180,45.8180,45.8650,45.9110,45.9570,46.1430,45.8180,45.8640, &
      &          45.6790,45.3500,44.8360,44.7000,45.0160,45.3400,45.8580,46.3720, &
      &          46.4680,45.6150,44.2410,42.9400,42.4770,42.2510,41.5100,40.7420, &
      &          39.6080,38.2800,37.5530,36.2850,35.4110,35.2560,35.3330,35.2940, &
      &          35.8380,36.5760,37.3840,38.0610,38.9090,39.0940,39.3930,39.7880, &
      &          40.0320,40.0430,40.2330,40.5610,41.4100,41.6880,41.8270,42.1070, &
      &          42.3360,42.5280,42.5900,42.8740,43.0250,43.3480,43.6310,44.2080, &
      &          44.5900,44.9710,45.0160,45.0180,45.1610,45.3050,45.2580,45.5960, &
      &          45.4010,45.7890,45.9350,46.1790,45.9840,45.7900,46.0340,46.1310, &
      &          46.1310,46.0970,46.0840,46.1480,46.1400,46.1580,46.1680,46.1670, &
      &          46.1720,46.1730,46.1730,46.1710,46.1640,46.1570,46.1540,46.1620, &
      &          46.1860,46.2240,46.2680,46.3060,46.3260,46.3210,46.2890,46.2380, &
      &          46.1790,46.1230,46.0790,46.0510,46.0400,46.0430,46.0570,46.0780, &
      &          46.1010,46.1200,46.1310,46.1290,46.1160,46.0970,46.0770,46.0660, &
      &          46.0690,46.0840,46.1080,46.1310,46.1430,46.1390,46.1200,46.0910, &
      &          46.0570,46.0290,46.0080,45.9960,45.9890,45.9850,45.9810,45.9730, &
      &          45.9650,45.9580,45.9570,45.9630,45.9800,46.0050,46.0350,46.0650, &
      &          46.0900,46.1080,46.1180,46.1210,46.1210,46.1200,46.1170,46.1110, &
      &          46.0980,46.0750,46.0420,46.0000,45.9520,45.9040,45.8620,45.8300, &
      &          45.8110,45.8040,45.8080,45.8180,45.8280,45.8340,45.8290,45.8120, &
      &          45.7820,45.7430,45.6980,45.6540,45.6160,45.5860,45.5640,45.5470, &
      &          45.5300,45.5130,45.4910,45.4650,45.4370,45.4090,45.3840,45.3630, &
      &          45.3490,45.3420,45.3400,45.3400,45.3370,45.3270,45.3070,45.2760, &
      &          45.2330,45.1830,45.1320,45.0830,45.0370,44.9960,44.9570,44.9180, &
      &          44.8750,44.8300,44.7810,44.7300,44.6780,44.6250,44.5700,44.5140, &
      &          44.4560,44.3990,44.3450,44.2980,44.2570,44.2220,44.1870,44.1450, &
      &          44.0880,44.0090,43.9050,43.7760,43.6270,43.4690,43.3120,43.1730, &
      &          43.0630,42.9930,42.9640,42.9720,43.0050,43.0460,43.0790,43.0890, &
      &          43.0690,43.0180,42.9420,42.8530,42.7670,42.6970,42.6550,42.6490, &
      &          42.6800,42.7430,42.8310,42.9340,43.0410,43.1430,43.2330,43.3050, &
      &          43.3560,43.3850,43.3920,43.3780,43.3460,43.3000,43.2450,43.1880, &
      &          43.1330,43.0870,43.0530,43.0290,43.0140,43.0030,42.9900,42.9710, &
      &          42.9450,42.9100,42.8710,42.8290,42.7860,42.7450,42.7080,42.6770, &
      &          42.6530,42.6390,42.6350,42.6400,42.6530,42.6720,42.6970,42.7270, &
      &          42.7610,42.7960,42.8290,42.8580,42.8790,42.8910,42.8950,42.8910, &
      &          42.8820,42.8680,42.8470,42.8220,42.7920,42.7600,42.7280,42.6960, &
      &          42.6640,42.6280,42.5850,42.5300,42.4640,42.3910,42.3150,42.2410, &
      &          42.1730,42.1100,42.0520,41.9970,41.9410,41.8860,41.8300,41.7740, &
      &          41.7190,41.6650,41.6100,41.5550,41.5010,41.4500,41.4040,41.3630, &
      &          41.3240,41.2840,41.2390,41.1870,41.1290,41.0700,41.0140,40.9650, &
      &          40.9230,40.8850,40.8470,40.8010,40.7440,40.6740,40.5910,40.4970, &
      &          40.3970,40.2950,40.1980,40.1110,40.0370,39.9780,39.9280,39.8800, &
      &          39.8260,39.7590,39.6760,39.5820,39.4850,39.3910,39.3080,39.2400, &
      &          39.1840,39.1390,39.1030,39.0720,39.0480,39.0290,39.0130,39.0000, &
      &          38.9870,38.9760,38.9660,38.9610,38.9630,38.9720,38.9890,39.0140, &
      &          39.0450,39.0820,39.1250,39.1720,39.2190,39.2620,39.2950,39.3130, &
      &          39.3160,39.3080,39.2940,39.2820,39.2760,39.2790,39.2900,39.3050, &
      &          39.3180,39.3210,39.3100,39.2850,39.2480,39.2030,39.1580,39.1170, &
      &          39.0830,39.0560,39.0340,39.0160,39.0000,38.9840,38.9670,38.9500, &
      &          38.9300,38.9060,38.8780,38.8460,38.8110,38.7750,38.7370,38.6960, &
      &          38.6510,38.5990,38.5430,38.4850,38.4320,38.3890,38.3600,38.3440, &
      &          38.3360,38.3270,38.3100,38.2780,38.2320,38.1740,38.1140,38.0570, &
      &          38.0080,37.9660,37.9290,37.8900,37.8460,37.7950,37.7380,37.6810, &
      &          37.6250,37.5730,37.5240,37.4750,37.4200,37.3580,37.2890,37.2140, &
      &          37.1380,37.0670,37.0030,36.9480,36.9000,36.8560,36.8120,36.7680, &
      &          36.7210,36.6720,36.6220,36.5740,36.5280,36.4840,36.4440,36.4070, &
      &          36.3750,36.3470,36.3240,36.3040,36.2850,36.2630,36.2360,36.2030, &
      &          36.1640,36.1210,36.0770,36.0330,35.9890,35.9440,35.8940,35.8400, &
      &          35.7800,35.7170,35.6520,35.5880,35.5250,35.4640,35.4010,35.3370, &
      &          35.2690,35.1960,35.1200,35.0430,34.9700,34.9010,34.8390,34.7810, &
      &          34.7270,34.6720,34.6170,34.5600,34.5030,34.4480,34.3960,34.3470, &
      &          34.2990,34.2520,34.2030,34.1540,34.1040,34.0550,34.0070,33.9620, &
      &          33.9210,33.8820,33.8440,33.8070,33.7670,33.7230,33.6750,33.6230, &
      &          33.5680,33.5150,33.4650,33.4200,33.3780,33.3370,33.2920,33.2420, &
      &          33.1820,33.1130,33.0350,32.9530,32.8730,32.8010,32.7410,32.6980, &
      &          32.6700,32.6530,32.6410,32.6300,32.6170,32.6030,32.5920,32.5860, &
      &          32.5880,32.6010,32.6290,32.6740,32.7390,32.8200,32.9030,32.9670, &
      &          32.9840,32.9360,32.8210,32.6610,32.4950,32.3660,32.3060,32.3210, &
      &          32.3940,32.4880,32.5640,32.6000,32.5950,32.5650,32.5340,32.5170, &
      &          32.5130,32.5050,32.4720,32.4060,32.3130,32.2210,32.1570,32.1350, &
      &          32.1410,32.1370,32.0750,31.9290,31.7120,31.4780,31.3020,31.2470, &
      &          31.3320,31.5190,31.7300,31.8810,31.9180,31.8450,31.7120,31.5940, &
      &          31.5530,31.6030,31.7130,31.8200,31.8610,31.8010,31.6530,31.4650, &
      &          31.2990,31.2050,31.1920,31.2340,31.2790,31.2730,31.1850,31.0250, &
      &          30.8340,30.6690,30.5830,30.6000,30.7090,30.8720,31.0330,31.1450, &
      &          31.1760,31.1220,30.9960,30.8240,30.6290,30.4270,30.2250,30.0240, &
      &          29.8230,29.6270,29.4410,29.2700,29.1100,28.9440,28.7420,28.4710, &
      &          28.1050,27.6420,27.1060,26.5440,26.0150,25.5670,25.2250,24.9810, &
      &          24.8020,24.6390,24.4480,24.2020,23.8950,23.5320,23.1260,22.6800, &
      &          22.1840,21.6170,20.9520,20.1700,19.2640,18.2430,17.1330,15.9700, &
      &          14.7940,13.6390,12.5340,11.4980,10.5490,9.7011,8.9709,8.3738, &
      &          7.9214,7.6159,7.4458,7.3847,7.3938,7.4275,7.4402,7.3962, &
      &          7.2759,7.0786,6.8210,6.5329,6.2461,5.9861,5.7659,5.5835, &
      &          5.4245,5.2700,5.1042,4.9189,4.7173,4.5105,4.3140,4.1418, &
      &          4.0024,3.8957,3.8152,3.7473,3.6794,3.6006,3.5049,3.3943, &
      &          3.2734,3.1509,3.0347,2.9297,2.8381,2.7607,2.6973,2.6489, &
      &          2.6184,2.6079,2.6201,2.6538,2.7041,2.7644,2.8259,2.8806, &
      &          2.9226,2.9487,2.9587,2.9546,2.9385,2.9141,2.8855,2.8574, &
      &          2.8340,2.8198,2.8176,2.8281,2.8501,2.8789,2.9092,2.9353, &
      &          2.9529,2.9590,2.9538,2.9382,2.9143,2.8845,2.8513,2.8171, &
      &          2.7847,2.7563,2.7351,2.7224,2.7183,2.7224,2.7322,2.7451, &
      &          2.7593,2.7742,2.7900,2.8093,2.8335,2.8633,2.8992,2.9394, &
      &          2.9817,3.0244,3.0657,3.1052,3.1423,3.1775,3.2097,3.2383, &
      &          3.2622,3.2808,3.2947,3.3054,3.3152,3.3276,3.3445,3.3660, &
      &          3.3911,3.4165,3.4387,3.4546,3.4629,3.4639,3.4597,3.4534, &
      &          3.4463,3.4399,3.4333,3.4267,3.4184,3.4089,3.3987,3.3894, &
      &          3.3823,3.3769,3.3733,3.3694,3.3633,3.3555,3.3455,3.3354, &
      &          3.3269,3.3220,3.3203,3.3210,3.3227,3.3232,3.3205,3.3147, &
      &          3.3059,3.2954,3.2854,3.2776,3.2729,3.2715,3.2712,3.2698, &
      &          3.2644,3.2532,3.2361,3.2151,3.1941,3.1782,3.1704,3.1726, &
      &          3.1829,3.1975,3.2119,3.2214,3.2244,3.2207,3.2131,3.2048, &
      &          3.1985,3.1965,3.1992,3.2060,3.2163,3.2283,3.2410,3.2544, &
      &          3.2690,3.2854,3.3035,3.3235,3.3440,3.3633,3.3804,3.3938, &
      &          3.4033,3.4101,3.4163,3.4224,3.4297,3.4382,3.4475,3.4573, &
      &          3.4678,3.4795,3.4932,3.5107,3.5320,3.5571,3.5852,3.6140, &
      &          3.6421,3.6667,3.6863,3.6997,3.7078,3.7119,3.7158,3.7217, &
      &          3.7319,3.7461,3.7629,3.7800,3.7949,3.8074,3.8181,3.8284, &
      &          3.8401,3.8540,3.8701,3.8865,3.9011,3.9128,3.9202,3.9226, &
      &          3.9214,3.9184,3.9160,3.9170,3.9238,3.9380,3.9590,3.9846, &
      &          4.0124,4.0386,4.0600,4.0769,4.0893,4.1006,4.1133,4.1296, &
      &          4.1511,4.1770,4.2058,4.2349,4.2634,4.2900,4.3157,4.3415, &
      &          4.3691,4.4001,4.4348,4.4722,4.5110,4.5498,4.5871,4.6218, &
      &          4.6540,4.6853,4.7161,4.7488,4.7832,4.8203,4.8586,4.8979, &
      &          4.9363,4.9731,5.0093,5.0456,5.0847,5.1289,5.1789,5.2353, &
      &          5.2966,5.3601,5.4226,5.4817,5.5361,5.5854,5.6313,5.6760, &
      &          5.7219,5.7705,5.8225,5.8772,5.9341,5.9914,6.0478,6.1020, &
      &          6.1538,6.2024,6.2493,6.2959,6.3445,6.3972,6.4553,6.5190, &
      &          6.5862,6.6545,6.7214,6.7844,6.8430,6.8979,6.9514,7.0061, &
      &          7.0635,7.1252,7.1907,7.2593,7.3288,7.3982,7.4660,7.5327, &
      &          7.5974,7.6614,7.7239,7.7844,7.8425,7.8982,7.9526,8.0063, &
      &          8.0622,8.1213,8.1843,8.2514,8.3208,8.3906,8.4592,8.5261, &
      &          8.5908,8.6553,8.7214,8.7912,8.8652,8.9428,9.0219,9.1001, &
      &          9.1743,9.2429,9.3066,9.3669,9.4275,9.4907,9.5588,9.6325, &
      &          9.7109,9.7917,9.8723,9.9507,10.0250,10.0960,10.1620,10.2260, &
      &          10.2890,10.3500,10.4120,10.4740,10.5380,10.6040,10.6730,10.7430, &
      &          10.8130,10.8800,10.9450,11.0050,11.0620,11.1130,11.1590,11.1940, &
      &          11.2120,11.2060,11.1700,11.1020,11.0060,10.8920,10.7720,10.6650, &
      &          10.5830,10.5370,10.5310,10.5620,10.6250,10.7090,10.8060,10.9060, &
      &          11.0000,11.0820,11.1500,11.2040,11.2470,11.2830,11.3210,11.3660, &
      &          11.4220,11.4900,11.5660,11.6460,11.7230,11.7920,11.8500,11.8970, &
      &          11.9340,11.9650,11.9930,12.0210,12.0500,12.0820,12.1180,12.1610, &
      &          12.2120,12.2730,12.3460,12.4320,12.5290,12.6360,12.7480,12.8610, &
      &          12.9700,13.0730,13.1670,13.2500,13.3230,13.3860,13.4380,13.4770, &
      &          13.5000,13.4980,13.4680,13.4030,13.3040,13.1750,13.0310,12.8880, &
      &          12.7670,12.6840,12.6510,12.6720,12.7420,12.8510,12.9880,13.1380, &
      &          13.2920,13.4450,13.5930,13.7400,13.8910,14.0530,14.2360,14.4470, &
      &          14.6910,14.9710,15.2860,15.6310,15.9980,16.3760,16.7530,17.1180, &
      &          17.4600,17.7750,18.0600,18.3170,18.5500,18.7630,18.9590,19.1420, &
      &          19.3130,19.4740,19.6240,19.7660,19.8980,20.0200,20.1340,20.2420, &
      &          20.3480,20.4560,20.5730,20.7020,20.8420,20.9900,21.1400,21.2860, &
      &          21.4230,21.5480,21.6640,21.7740,21.8820,21.9910,22.1010,22.2090, &
      &          22.3140,22.4150,22.5100,22.6010,22.6910,22.7810,22.8750,22.9700, &
      &          23.0680,23.1670,23.2660,23.3630,23.4570,23.5460,23.6290,23.7060, &
      &          23.7780,23.8460,23.9140,23.9860,24.0640,24.1490,24.2390,24.3310, &
      &          24.4210,24.5040,24.5800,24.6480,24.7100,24.7680,24.8250,24.8820, &
      &          24.9420,25.0020,25.0630,25.1250,25.1860,25.2480,25.3090,25.3710, &
      &          25.4320,25.4940,25.5580,25.6220,25.6880,25.7530,25.8160,25.8740, &
      &          25.9240,25.9650,25.9970,26.0200,26.0380,26.0540,26.0710,26.0930, &
      &          26.1230,26.1580,26.1970,26.2350,26.2670,26.2900,26.2990,26.2940, &
      &          26.2710,26.2300,26.1670,26.0780,25.9570,25.8010,25.6070,25.3790, &
      &          25.1220,24.8450,24.5560,24.2630,23.9700,23.6800,23.3910,23.1030, &
      &          22.8120,22.5220,22.2320,21.9480,21.6770,21.4260,21.2010,21.0060, &
      &          20.8440,20.7120,20.6080,20.5280,20.4670,20.4190,20.3790,20.3450, &
      &          20.3130,20.2840,20.2580,20.2350,20.2160,20.1990,20.1820,20.1620, &
      &          20.1350,20.1010,20.0570,20.0040,19.9430,19.8740,19.7980,19.7130, &
      &          19.6230,19.5290,19.4300,19.3260,19.2080,19.0620,18.8690,18.6100, &
      &          18.2700,17.8430,17.3370,16.7720,16.1790,15.5920,15.0410,14.5490, &
      &          14.1290,13.7840,13.5100,13.3020,13.1590,13.0820,13.0780,13.1590, &
      &          13.3350,13.6170,14.0060,14.4980,15.0810,15.7360,16.4400,17.1680, &
      &          17.8960,18.6040,19.2770,19.9110,20.5070,21.0720,21.6170,22.1500, &
      &          22.6750,23.1920,23.6920,24.1640,24.5960,24.9780,25.3050,25.5770, &
      &          25.7990,25.9810,26.1330,26.2640,26.3810,26.4880,26.5880,26.6820, &
      &          26.7720,26.8550,26.9320,27.0010,27.0610,27.1120,27.1530,27.1880, &
      &          27.2180,27.2460,27.2710,27.2960,27.3180,27.3340,27.3450,27.3480, &
      &          27.3440,27.3350,27.3230,27.3090,27.2930,27.2770,27.2570,27.2350, &
      &          27.2070,27.1750,27.1380,27.0980,27.0550,27.0110,26.9680,26.9240, &
      &          26.8800,26.8310,26.7750,26.7060,26.6210,26.5190,26.4010,26.2700, &
      &          26.1370,26.0070,25.8890,25.7910,25.7150,25.6600,25.6210,25.5850, &
      &          25.5390,25.4690,25.3680,25.2350,25.0810,24.9230,24.7810,24.6730, &
      &          24.6070,24.5840,24.5950,24.6290,24.6710,24.7120,24.7430,24.7630, &
      &          24.7710,24.7670,24.7530,24.7320,24.7040,24.6730,24.6390,24.6040, &
      &          24.5670,24.5270,24.4820,24.4320,24.3760,24.3160,24.2540,24.1910, &
      &          24.1250,24.0560,23.9810,23.8980,23.8060,23.7070,23.6030,23.4960, &
      &          23.3910,23.2890,23.1890,23.0930,22.9980,22.9040,22.8120,22.7200, &
      &          22.6290,22.5410,22.4550,22.3710,22.2890,22.2080,22.1250,22.0400, &
      &          21.9540,21.8660,21.7780,21.6950,21.6170,21.5460,21.4840,21.4290, &
      &          21.3820,21.3430,21.3100,21.2860,21.2710,21.2660,21.2700,21.2810, &
      &          21.2950,21.3100,21.3190,21.3220,21.3170,21.3040,21.2870,21.2670, &
      &          21.2470,21.2260,21.2030,21.1770,21.1470,21.1110,21.0670,21.0160, &
      &          20.9570,20.8890,20.8150,20.7350,20.6510,20.5650,20.4790,20.3920, &
      &          20.3020,20.2080,20.1060,19.9950,19.8700,19.7300,19.5760,19.4100, &
      &          19.2370,19.0630,18.8950,18.7390,18.5970,18.4710,18.3620,18.2710, &
      &          18.2010,18.1560,18.1410,18.1590,18.2080,18.2840,18.3780,18.4790, &
      &          18.5760,18.6610,18.7280,18.7750,18.8030,18.8130,18.8060,18.7850, &
      &          18.7510,18.7060,18.6520,18.5930,18.5320,18.4730,18.4180,18.3690, &
      &          18.3250,18.2840,18.2430,18.2000,18.1530,18.0980,18.0350,17.9670, &
      &          17.8930,17.8180,17.7430,17.6710,17.6010,17.5320,17.4610,17.3840, &
      &          17.2990,17.2050,17.1000,16.9850,16.8590,16.7210,16.5710,16.4100, &
      &          16.2370,16.0570,15.8720,15.6870,15.5060,15.3340,15.1720,15.0250, &
      &          14.8920,14.7760,14.6740,14.5830,14.4970,14.4100,14.3160,14.2100, &
      &          14.0920,13.9620,13.8260,13.6890,13.5580,13.4380,13.3320,13.2410, &
      &          13.1670,13.1060,13.0560,13.0150,12.9810,12.9510,12.9230,12.8960, &
      &          12.8720,12.8480,12.8250,12.8030,12.7800,12.7530,12.7200,12.6830, &
      &          12.6420,12.6020,12.5690,12.5450,12.5330,12.5290,12.5300,12.5290, &
      &          12.5200,12.5010,12.4710,12.4330,12.3920,12.3510,12.3150,12.2850, &
      &          12.2600,12.2380,12.2140,12.1840,12.1450,12.0940,12.0310,11.9570, &
      &          11.8710,11.7770,11.6740,11.5610,11.4380,11.3020,11.1560,11.0000, &
      &          10.8380,10.6760,10.5180,10.3670,10.2260,10.0950,9.9741,9.8637, &
      &          9.7644,9.6772,9.6013,9.5346,9.4741,9.4140,9.3498,9.2785, &
      &          9.1997,9.1181,9.0407,8.9758,8.9324,8.9145,8.9236,8.9553, &
      &          9.0024,9.0556,9.1057,9.1462,9.1738,9.1885,9.1948,9.1972, &
      &          9.1992,9.2011,9.1985,9.1828,9.1457,9.0805,8.9856,8.8652, &
      &          8.7282,8.5840,8.4409,8.3037,8.1726,8.0437,7.9099,7.7612, &
      &          7.5842,7.3645,7.0879,6.7451,6.3379,5.8823,5.4101,4.9665, &
      &          4.6008,4.3574,4.2659,4.3325,4.5410,4.8542,5.2222,5.5935, &
      &          5.9243,6.1870,6.3708,6.4824,6.5400,6.5661,6.5805,6.5974, &
      &          6.6203,6.6460,6.6658,6.6706,6.6540,6.6138,6.5520,6.4751, &
      &          6.3909,6.3049,6.2204,6.1367,6.0508,5.9597,5.8633,5.7659, &
      &          5.6745,5.5981,5.5408,5.5017,5.4719,5.4387,5.3884,5.3130, &
      &          5.2126,5.0947,4.9714,4.8535,4.7451,4.6426,4.5361,4.4145, &
      &          4.2712,4.1069,3.9302,3.7537,3.5879,3.4375,3.3010,3.1697, &
      &          3.0356,2.8940,2.7471,2.6020,2.4697,2.3584,2.2725,2.2107, &
      &          2.1675,2.1360,2.1094,2.0825,2.0530,2.0193,1.9805,1.9370, &
      &          1.8892,1.8394,1.7913,1.7500,1.7205,1.7048,1.7041,1.7153, &
      &          1.7341,1.7549,1.7744,1.7915,1.8061,1.8213,1.8394,1.8618, &
      &          1.8892,1.9214,1.9582,2.0010,2.0510,2.1101,2.1804,2.2622, &
      &          2.3545,2.4548,2.5601,2.6672,2.7729,2.8747,2.9709,3.0605, &
      &          3.1423,3.2175,3.2881,3.3572,3.4282,3.5041,3.5854,3.6719, &
      &          3.7629,3.8584,3.9597,4.0688,4.1865,4.3093,4.4314,4.5439, &
      &          4.6394,4.7156,4.7778,4.8367,4.9040,4.9849,5.0735,5.1533, &
      &          5.2007,5.1938,5.1225,4.9919,4.8225,4.6426,4.4795,4.3496, &
      &          4.2561,4.1880,4.1287,4.0615,3.9768,3.8738,3.7588,3.6426, &
      &          3.5342,3.4382,3.3542,3.2793,3.2095,3.1433,3.0818,3.0283, &
      &          2.9863,2.9558,2.9353,2.9194,2.9043,2.8857,2.8635,2.8398, &
      &          2.8174,2.7991,2.7854,2.7751,2.7651,2.7544,2.7419,2.7297, &
      &          2.7205,2.7151,2.7131,2.7109,2.7041,2.6892,2.6655,2.6367, &
      &          2.6106,2.5950,2.5957,2.6143,2.6472,2.6872,2.7258,2.7563, &
      &          2.7759,2.7864,2.7927,2.8015,2.8179,2.8442,2.8794,2.9197, &
      &          2.9609,3.0002,3.0373,3.0742,3.1157,3.1633,3.2178,3.2746, &
      &          3.3264,3.3652,3.3835,3.3777,3.3501,3.3069,3.2580,3.2151, &
      &          3.1880,3.1846,3.2090,3.2620,3.3408,3.4397,3.5517,3.6694, &
      &          3.7864,3.8996,4.0088,4.1177,4.2307,4.3518,4.4827,4.6216, &
      &          4.7644,4.9053,5.0400,5.1662,5.2832,5.3911,5.4905,5.5793, &
      &          5.6565,5.7185,5.7654,5.7978,5.8201,5.8376,5.8557,5.8784, &
      &          5.9055,5.9333,5.9570,5.9695,5.9682,5.9531,5.9292,5.9033, &
      &          5.8840,5.8764,5.8835,5.9028,5.9306,5.9621,5.9931,6.0210, &
      &          6.0452,6.0659,6.0837,6.0979,6.1074,6.1111,6.1077,6.0969, &
      &          6.0793,6.0561,6.0298,6.0019,5.9739,5.9468,5.9209,5.8965, &
      &          5.8743,5.8564,5.8450,5.8430,5.8523,5.8738,5.9060,5.9448, &
      &          5.9846,6.0210,6.0500,6.0701,6.0827,6.0910,6.0998,6.1128, &
      &          6.1338,6.1650,6.2082,6.2619,6.3254,6.3945,6.4646,6.5283, &
      &          6.5776,6.6052,6.6055,6.5752,6.5141,6.4245,6.3105,6.1755, &
      &          6.0234,5.8577,5.6809,5.4975,5.3127,5.1333,4.9661,4.8186, &
      &          4.6955,4.6006,4.5339,4.4927,4.4719,4.4648,4.4648,4.4658, &
      &          4.4636,4.4565,4.4436,4.4253,4.4009,4.3689,4.3266,4.2717, &
      &          4.2048,4.1299,4.0552,3.9897,3.9426,3.9182,3.9150,3.9265, &
      &          3.9429,3.9553,3.9582,3.9507,3.9358,3.9182,3.9016,3.8877, &
      &          3.8752,3.8611,3.8420,3.8166,3.7854,3.7500,3.7134,3.6780, &
      &          3.6457,3.6169,3.5918,3.5710,3.5554,3.5471,3.5474,3.5566, &
      &          3.5747,3.5996,3.6287,3.6609,3.6958,3.7334,3.7754,3.8218, &
      &          3.8728,3.9260,3.9802,4.0334,4.0854,4.1355,4.1829,4.2258, &
      &          4.2615,4.2871,4.3010,4.3042,4.3005,4.2959,4.2964,4.3059, &
      &          4.3235,4.3457,4.3672,4.3828,4.3899,4.3891,4.3833,4.3757, &
      &          4.3677,4.3577,4.3418,4.3157,4.2764,4.2241,4.1628,4.0969, &
      &          4.0315,3.9704,3.9148,3.8645,3.8186,3.7761,3.7361,3.6980, &
      &          3.6606,3.6238,3.5867,3.5498,3.5156,3.4868,3.4670,3.4580, &
      &          3.4592,3.4670,3.4761,3.4809,3.4773,3.4639,3.4419,3.4136, &
      &          3.3823,3.3494,3.3162,3.2820,3.2466,3.2100,3.1726,3.1355, &
      &          3.0996,3.0666,3.0373,3.0122,2.9919,2.9763,2.9641,2.9536, &
      &          2.9424,2.9289,2.9121,2.8926,2.8711,2.8498,2.8291,2.8093, &
      &          2.7895,2.7693,2.7483,2.7268,2.7051,2.6846,2.6645,2.6455, &
      &          2.6287,2.6152,2.6084,2.6111,2.6243,2.6465,2.6748,2.7048, &
      &          2.7344,2.7632,2.7937,2.8291,2.8708,2.9163,2.9600,2.9946, &
      &          3.0142,3.0156,3.0022,2.9800,2.9587,2.9473,2.9514,2.9724, &
      &          3.0088,3.0542,3.1018,3.1440,3.1738,3.1865,3.1787,3.1499, &
      &          3.1030,3.0432,2.9785,2.9175,2.8672,2.8310,2.8086,2.7942, &
      &          2.7800,2.7593,2.7275,2.6855,2.6374,2.5898,2.5478,2.5137, &
      &          2.4853,2.4568,2.4219,2.3769,2.3208,2.2593,2.1990,2.1489, &
      &          2.1155,2.1011,2.1040,2.1182,2.1365,2.1511,2.1560,2.1487, &
      &          2.1301,2.1050,2.0789,2.0586,2.0503,2.0564,2.0764,2.1069, &
      &          2.1421,2.1748,2.1982,2.2082,2.2036,2.1868,2.1611,2.1326, &
      &          2.1062,2.0857,2.0723,2.0664,2.0662,2.0693,2.0735,2.0764, &
      &          2.0757,2.0703,2.0603,2.0461,2.0290,2.0100,1.9897,1.9685, &
      &          1.9448,1.9177,1.8855,1.8469,1.8025,1.7539,1.7051,1.6616, &
      &          1.6289,1.6121,1.6121,1.6262,1.6475,1.6670,1.6765,1.6711, &
      &          1.6501,1.6189,1.5857,1.5583,1.5432,1.5427,1.5547,1.5752, &
      &          1.6001,1.6255,1.6494,1.6711,1.6904,1.7061,1.7151,1.7151, &
      &          1.7046,1.6846,1.6604,1.6401 /)
