 Wavelength    Flux  
0.20000000000000004 3.3506072724594927e-15
0.2002583221197802 1.6312691948385982e-15
0.2005169778911482 1.0703904977221994e-15
0.20077596774505196 6.445133581538558e-15
0.20103529211299606 5.007218855405515e-16
0.20129495142704232 7.960967510152526e-15
0.20155494611981073 4.993833971355114e-15
0.20181527662447996 3.994651904279338e-15
0.20207594337478824 7.010843436008485e-15
0.202336946805034 2.10211699067183e-15
0.20259828735007662 1.0281506851309411e-16
0.20285996544533713 9.185874452816979e-15
0.203121981526799 9.824938847971197e-15
0.20338433603100875 9.78505851234797e-15
0.2036470293950768 5.301036704035883e-15
0.20391006205667817 2.8881509095732618e-15
0.2041734344540531 1.0953118585123234e-14
0.20443714702600793 1.2386495301575331e-14
0.20470120021191576 8.427330405431974e-15
0.2049655944517172 2.05873283359517e-15
0.20523033018592104 1.3035777225602273e-14
0.2054954078556051 9.066214075627943e-15
0.20576082790241687 6.774495558859509e-15
0.20602659076857424 8.083049570312844e-15
0.20629269689686633 7.239266517979581e-15
0.20655914673065415 1.7392853559172754e-15
0.2068259407138714 5.506914109560625e-15
0.20709307929102505 1.3286995519514516e-13
0.20736056290719634 1.7156147565157684e-15
0.20762839200804134 1.545995505467711e-14
0.20789656703979165 1.3900644507681962e-14
0.20816508844925535 3.2235471365921807e-14
0.20843395668381753 4.094560177013638e-15
0.2087031721914412 5.614922448945397e-15
0.20897273542066788 2.9016231217899136e-14
0.20924264682061852 5.997179239729604e-14
0.2095129068409941 6.405565069900695e-15
0.20978351593207645 5.5117314890970266e-14
0.210054474544729 2.0292815505796177e-15
0.21032578313039751 9.460343628157768e-15
0.21059744214111087 5.4661503576199074e-14
0.21086945202948174 8.954677476204389e-15
0.21114181324870743 5.577915168810131e-14
0.2114145262525706 6.97165901124901e-15
0.21168759149544 8.204739843973147e-14
0.2119610094322713 2.4121957668089898e-14
0.21223478051860775 4.5973469837516273e-14
0.212508905210581 1.950497818338974e-13
0.21278338396491178 5.619459709702647e-15
0.21305821723891086 1.3029284309136087e-14
0.21333340549047955 2.856626620560495e-14
0.21360894917811066 2.4601063030942793e-13
0.21388484876088917 6.13930231212746e-14
0.21416110469849303 1.3100026862519602e-15
0.21443771745119392 1.8264430252513767e-13
0.214714687479858 2.1494493048696018e-14
0.21499201524594666 1.2714425187048368e-16
0.21526970121151737 4.128608909629773e-14
0.2155477458392244 1.3138927783238198e-13
0.21582614959231952 1.3927450729029002e-14
0.21610491293465292 2.617097298135926e-15
0.21638403633067385 1.3049625188306723e-14
0.21666352024543148 1.3751362421944723e-16
0.21694336514457566 1.2929300573014094e-14
0.21722357149435761 6.923273064046804e-16
0.2175041397616308 8.003020880168882e-14
0.21778507041385176 9.1288468367128e-15
0.21806636391908063 3.315504058594437e-14
0.21834802074598228 7.575001424781693e-14
0.21863004136382683 8.84745944145082e-15
0.21891242624249047 6.517076427166168e-13
0.21919517585245638 3.958466802914766e-15
0.21947829066481533 3.344642299473807e-14
0.21976177115126666 1.3954618268487504e-13
0.22004561778411885 1.194989853528752e-14
0.2203298310362905 2.3160745142122857e-13
0.220614411381311 4.2512259999475126e-13
0.22089935929332136 2.2014829302797847e-14
0.22118467524707502 8.588431240393145e-14
0.2214703597179386 9.803125716473898e-15
0.22175641318189265 3.8830927335416596e-14
0.22204283611553263 2.785862032891572e-15
0.22232962899606945 3.2768423087682133e-13
0.22261679230133047 5.852628489686208e-13
0.22290432650976016 1.2907551141801398e-14
0.22319223210042102 2.9487133380471945e-13
0.22348050955299428 2.1563712737233683e-12
0.2237691593477807 4.571759862437383e-15
0.2240581819657014 4.687019472168768e-13
0.22434757788829876 1.825455191066266e-13
0.224637347597737 5.445952838938564e-13
0.22492749157680322 4.518430809563908e-13
0.225218010308908 1.964912871795454e-12
0.22550890427808634 7.663124653596407e-13
0.22580017396899843 3.810744881197159e-17
0.22609181986693044 5.030550608364367e-15
0.22638384245779536 2.1065043909216608e-13
0.22667624222813373 4.749376264979447e-13
0.2269690196651146 9.650954045296667e-14
0.2272621752565362 1.3504168098051702e-13
0.2275557094908268 1.5422966101141452e-13
0.22784962285704555 1.1896345149819282e-13
0.22814391584488328 1.4527213617232948e-12
0.22843858894466326 6.695256467062214e-13
0.22873364264734214 5.720340713708989e-14
0.22902907744451065 6.026888625945016e-14
0.22932489382839447 4.0424096379569355e-14
0.229621092291855 1.7099381451490906e-12
0.22991767332839036 8.081342811169181e-14
0.23021463743213594 6.276539291625472e-13
0.2305119850978654 2.439426881940162e-13
0.23080971682099147 2.582215776461654e-13
0.23110783309756677 2.8254175407765007e-13
0.2314063344242846 3.005013358591322e-13
0.23170522129847979 1.1371367915806163e-13
0.23200449421812958 2.6322103065426955e-14
0.23230415368185434 5.013342585469203e-13
0.2326042001889185 1.6248921807390423e-12
0.23290463423923136 2.7306435019356727e-12
0.23320545633334788 3.6403355816726895e-13
0.23350666697246955 1.1714856663935238e-12
0.2338082666584452 5.064821516830087e-12
0.23411025589377188 2.9470160266947338e-12
0.23441263518159566 4.548725799492089e-14
0.23471540502571248 2.729980920096301e-13
0.235018565930569 4.935299585921156e-15
0.23532211840126338 2.9453661175304696e-12
0.23562606294354627 6.474942211818958e-13
0.23593040006382143 3.1738999981197527e-12
0.23623513026914678 2.330149604214189e-12
0.2365402540672351 2.574956900652549e-13
0.23684577196645507 5.193829435787358e-12
0.2371516844758318 5.081876883413009e-13
0.23745799210504795 2.95990662477772e-12
0.23776469536444456 6.555869319498412e-13
0.2380717947650217 4.999968643538933e-12
0.23837929081843953 8.012712058190667e-12
0.2386871840370191 1.9784743280547444e-14
0.2389954749337431 5.499739659828589e-13
0.23930416402225688 6.844483570217378e-13
0.23961325181686913 3.728550863326887e-12
0.23992273883255288 3.1636850148116457e-12
0.24023262558494632 5.187322682995699e-12
0.24054291259035362 2.8066494214964285e-12
0.2408536003657458 1.655828427350485e-11
0.24116468942876162 1.417664987908725e-12
0.24147618029770843 2.0278176393951043e-13
0.24178807349156306 5.23232176334784e-12
0.24210036952997258 1.867892858782445e-12
0.2424130689332553 2.994776778963735e-12
0.24272617222240156 2.7176639308399026e-11
0.24303967991907466 8.27112012073689e-12
0.2433535925456116 1.567146445683306e-12
0.2436679106250241 1.3676547305849915e-12
0.2439826346809994 3.04207183111507e-11
0.24429776523790114 2.297078960497745e-11
0.24461330282077018 6.908746304681726e-12
0.24492924795532564 1.664777916420352e-11
0.24524560116796554 3.6917937950450846e-11
0.2455623629857679 2.141495613346403e-11
0.24587953393649145 1.6324807683694068e-12
0.24619711454857662 3.552017407714499e-12
0.24651510535114637 2.506961526497135e-13
0.24683350687400707 1.4346246468796934e-11
0.2471523196476494 1.1071018913817401e-11
0.24747154420324924 1.0774187809187593e-11
0.2477911810726685 1.2939974817784756e-11
0.24811123078845612 5.826744323316892e-12
0.2484316938838488 9.730723987883133e-13
0.24875257089277208 2.4014949876460096e-13
0.24907386234984102 1.4850374911624717e-13
0.24939556879036126 1.2164748779150862e-11
0.2497176907503298 1.5684987750743477e-11
0.25004022876643595 8.56706841881673e-12
0.2503631833760623 2.4755990298400616e-11
0.2506865551172853 2.3793126520637795e-12
0.25101034452887677 6.933918287766282e-12
0.25133455215030404 2.7257176305471964e-11
0.25165917852173136 8.498835128236944e-12
0.25198422418402067 2.385716456018012e-12
0.2523096896787326 1.2864640883884268e-12
0.252635575548127 1.254741378833563e-11
0.25296188233516437 7.442211185628594e-12
0.2532886105835064 3.49525428668312e-11
0.2536157608375169 1.8991754560018133e-11
0.25394333364226296 3.439926122311919e-11
0.2542713295435155 3.7804866203288695e-11
0.2545997490877505 5.149465624688834e-13
0.25492859282214975 1.087210217117512e-11
0.2552578612946017 5.394089280229299e-11
0.25558755505370256 7.035013914030509e-11
0.2559176746487571 8.11557670636665e-11
0.2562482206297795 3.023547874450471e-11
0.25657919354749437 2.7210181125829665e-11
0.25691059395333776 8.080265510576738e-11
0.2572424223994578 1.1862806998733139e-10
0.25757467943871587 5.854446035302494e-11
0.2579073656246874 1.0549105869996746e-10
0.25824048151166284 5.305674615790309e-12
0.25857402765464854 6.02892213887435e-11
0.2589080046093678 6.425212097690925e-11
0.2592424129322615 9.299079793722608e-11
0.25957725318048946 1.4869968033155933e-10
0.2599125259119309 1.647500641452386e-10
0.26024823168518585 1.1956724376599057e-10
0.26058437105957566 1.5223391342849243e-10
0.26092094459514414 2.1411300243161753e-10
0.2612579528526584 5.175258100889256e-11
0.26159539639361007 5.394724799642642e-11
0.2619332757802157 5.3032005252024e-11
0.26227159157541824 2.0841315614934438e-10
0.26261034434288766 2.0558795166936794e-10
0.2629495346470219 9.17422123893437e-11
0.2632891630529481 1.4243703144148746e-10
0.26362923012652295 2.154034267178411e-10
0.26396973643433447 1.6725153266769556e-10
0.2643106825437021 1.627718911364853e-10
0.2646520690226783 1.4755615642284644e-11
0.264993896440049 2.270374094037099e-10
0.265336165365335 1.551515841186377e-10
0.26567887636879256 1.0909164008805215e-10
0.26602203002141456 7.587533851818612e-11
0.2663656268949313 3.059978053849581e-10
0.2667096675618117 1.8635521286793652e-10
0.2670541525952639 1.1535256730683772e-10
0.2673990825692364 7.119393605800339e-11
0.2677444580584192 3.016806841817169e-10
0.2680902796382444 2.6456299621338366e-10
0.2684365478848874 3.6222537005923394e-10
0.2687832633752679 1.5937797732777206e-10
0.26913042668705056 1.9164473809131504e-11
0.26947803839864626 2.846379335600476e-10
0.26982609908921296 3.413342244387169e-10
0.27017460933865667 3.408330078050577e-10
0.27052356972763236 2.879410684318302e-10
0.2708729808375451 3.195260100609081e-10
0.2712228432505507 2.906155148464531e-10
0.27157315754955713 2.0138033405537029e-10
0.2719239243182251 1.5903290662364346e-11
0.2722751441409692 9.774601903924851e-11
0.2726268176029589 2.4678872606840746e-10
0.2729789452901195 2.7870159000738257e-10
0.27333152778913306 1.8896923018038173e-10
0.2736845656874392 1.3428788563382518e-10
0.2740380595732367 3.051269407047992e-10
0.2743920100354837 7.574860249896882e-11
0.27474641766389923 3.5273408820846473e-10
0.275101283048964 2.1830194816368358e-10
0.27545660678192124 7.590510291966577e-11
0.27581238945477804 3.0605151339649743e-10
0.276168631660306 4.0127524829585715e-10
0.2765253339920424 1.9681657503913316e-10
0.2768824970442911 3.658885648160645e-10
0.2772401214121236 2.6557704177309186e-10
0.2775982076913801 5.571066592059795e-10
0.27795675647867013 4.675867237789488e-10
0.2783157683713741 2.2847073952929249e-10
0.2786752439676438 4.990592406818094e-10
0.2790351838664037 5.606271709773562e-10
0.27939558866735176 2.87646586324814e-10
0.2797564589709607 2.7490960379413335e-10
0.28011779537847853 6.149725972675961e-11
0.2804795984919301 5.225017350538758e-10
0.2808418689141177 4.702428406617735e-10
0.28120460724862234 5.410067099179326e-10
0.2815678140998044 5.797277543231283e-10
0.28193149007280505 5.314144348273929e-10
0.282295635773547 4.950832918244568e-10
0.28266025180873555 4.94511340608673e-10
0.28302533878585967 4.668628668664303e-10
0.283390897313193 4.1534046441143767e-10
0.28375692799979474 3.4651372759737145e-10
0.28412343145551083 2.9891540095875115e-10
0.2844904082909748 2.179758849990243e-10
0.2848578591176091 1.1690819637801586e-10
0.2852257845476256 4.597728363289968e-13
0.28559418519402713 1.3522847174515408e-10
0.28596306167060814 2.828941331492646e-10
0.2863324145919561 1.5282821094781903e-10
0.2867022445734519 6.213679431159202e-10
0.28707255223127165 7.893903798406004e-10
0.28744333818238704 6.694629005461667e-10
0.28781460304456685 1.2392197632404304e-09
0.28818634743637767 1.4811485918302528e-09
0.288558571977185 1.7406666258151413e-09
0.2889312772871544 9.98325072908689e-10
0.28930446398725246 2.1447041579196686e-09
0.28967813269924775 7.937916633149067e-10
0.2900522840457119 2.7404349829300864e-09
0.29042691865002074 3.206446486129769e-09
0.2908020371363552 3.435204721854837e-09
0.2911776401297025 1.1275599040030928e-09
0.2915537282558569 4.047417341905237e-09
0.29193030214142124 4.158647479857592e-09
0.29230736241380745 4.7989559012746635e-09
0.29268490970123784 3.819758678844932e-09
0.2930629446327463 3.864518544741879e-09
0.29344146783817904 3.198841156133468e-09
0.2938204799481959 1.8622876948625531e-09
0.2941999815942711 1.6587296138803459e-09
0.2945799734086947 3.2618317522440507e-09
0.29496045602457327 2.8775732054074333e-09
0.29534143007583125 1.3108424584175828e-09
0.2957228961972117 5.425850260215949e-10
0.2961048550242777 4.907882291121611e-09
0.29648730719341304 1.5618828528647666e-09
0.2968702533418236 1.989198845374423e-09
0.29725369410753827 1.1529601807687325e-09
0.29763763012941 4.419151737322846e-09
0.2980220620471169 4.003757294108725e-09
0.2984069905011632 4.0510835732780993e-10
0.29879241613288066 5.045610490864538e-09
0.2991783395844291 3.4300212387387364e-09
0.29956476149879785 2.015134923069881e-09
0.2999516825198069 1.7403697088380337e-10
0.3003391032921076 1.4565108134487383e-09
0.3007270244611841 7.209775721349117e-10
0.30111544667335405 4.983235867126545e-09
0.3015043705757701 3.0577151419819404e-09
0.3018937968164207 1.2387065193383128e-09
0.30228372604413123 1.7265550025338163e-09
0.3026741589085651 2.84897584870976e-09
0.30306509606022475 7.107346538740963e-09
0.30345653815045304 6.6350876941332804e-09
0.3038484858314339 2.775921781080991e-09
0.30424093975619376 5.5688372791006965e-09
0.3046339005786024 3.4949369744159536e-09
0.30502736895337423 2.9868122443100473e-09
0.30542134553606926 1.2385344970022688e-09
0.30581583098309423 2.6955520397050475e-09
0.3062108259517036 8.355920183431035e-09
0.306606331100001 1.381834103436774e-08
0.3070023470869399 2.064483254762076e-08
0.30739887457232484 2.012779063274394e-08
0.3077959142168126 1.1918956338593758e-08
0.30819346668191344 1.6132259779576802e-09
0.3085915326299918 1.3778473383619329e-08
0.30899011272426774 9.270821232626902e-09
0.309389207628818 4.7423855311473396e-09
0.3097888180085769 1.3941842964616312e-08
0.3101889445293377 6.133332379912761e-10
0.3105895878577537 2.0243992525911815e-08
0.310990748661339 5.576149373896072e-08
0.3113924276084701 1.1219048444684935e-08
0.31179462536838665 9.81309694535877e-08
0.3121973426111928 1.2233847757212896e-07
0.31260058000785806 7.993406115463769e-08
0.3130043382302188 8.90541709485433e-08
0.31340861795097885 1.6726309424284928e-10
0.3138134198437112 1.2312756502939435e-07
0.31421874458285864 2.7113065197359767e-07
0.31462459284373523 1.1715740038452261e-07
0.31503096530252706 4.940821392268847e-07
0.31543786263629375 7.142592368554451e-07
0.3158452855229694 1.0110988058711571e-07
0.31625323464136373 8.869076589062124e-07
0.31666171067116317 8.056962077508488e-07
0.31707071429293215 5.682060468025662e-07
0.31748024618811393 8.907009179165236e-07
0.31789030703903215 5.561802262321442e-07
0.3183008975288916 4.909739668769113e-08
0.3187120183417796 1.1487722087950762e-07
0.3191236701626669 4.073257823187067e-08
0.31953585367740917 6.365746808227068e-08
0.3199485695727477 3.626071582648559e-09
0.320361818536311 1.857558551538888e-07
0.3207756012566157 4.063853894316506e-07
0.3211899184230675 3.0646479795739037e-07
0.32160477072596283 2.4285775415147913e-07
0.32202015885648955 3.4704827773343235e-07
0.32243608350672837 7.990289607216254e-08
0.3228525453696537 1.8816928809856518e-07
0.32326954513913525 1.1957959204285397e-08
0.32368708350993886 4.775538831926642e-08
0.3241051611777276 1.73582245678915e-07
0.3245237788390632 1.009255620702709e-07
0.32494293719140704 4.569513354311763e-09
0.32536263693312145 1.1294624111920987e-06
0.3257828787634706 2.235387455079473e-06
0.3262036633826219 1.4662952715144723e-06
0.3266249914916472 7.415726891995946e-07
0.32704686379252373 3.170232619589643e-07
0.32746928098813544 7.03694577187426e-08
0.3278922437822741 3.991150237194239e-07
0.3283157528796407 6.543787938885094e-08
0.32873980898584615 3.2476210608650845e-07
0.3291644128074129 6.778983116020449e-08
0.32958956505177595 7.479934795381768e-07
0.3300152664272839 1.334257816052419e-07
0.33044151764320046 8.966611714868336e-08
0.3308683194097053 4.472096860124947e-07
0.33129567243789537 6.777926223205168e-07
0.33172357743978614 2.5769395601911693e-07
0.3321520351283127 2.4077801429540836e-07
0.3325810462173309 2.3254780524126884e-06
0.33301061142161875 2.5707133945996785e-06
0.33344073145687736 9.320036632570725e-07
0.3338714070397323 1.824714934206343e-06
0.33430263888773476 2.8279603013161507e-07
0.3347344277193627 1.5506912241133414e-06
0.335166774254022 3.291082150117705e-07
0.3355996792120479 4.766848666152775e-07
0.3360331433147059 1.263518252015233e-07
0.3364671672841931 1.891185989834439e-07
0.3369017518436396 2.8212249900662214e-08
0.33733689771710906 9.525665678062124e-08
0.3377726056296008 9.067146678411704e-08
0.3382088763070504 1.3758008443730673e-07
0.33864571047633085 2.022998728121861e-07
0.3390831088652544 2.1474693818862822e-08
0.33952107220257305 1.0273811008751538e-07
0.33995960121798 3.5318456444106713e-07
0.3403986966421113 2.716164431923621e-07
0.34083835920654626 2.0428716600022732e-07
0.3412785896438094 3.586529581305866e-08
0.3417193886873713 7.621098486908386e-08
0.34216075707164983 1.5949991381002395e-07
0.3426026955320115 1.6620204224832273e-07
0.34304520480477263 1.3299431525257383e-07
0.3434882856272006 6.69610385290774e-08
0.34393193873751493 2.803190968208965e-08
0.34437616487488887 1.0396142828792185e-08
0.34482096477945007 9.768052172843618e-08
0.34526633919228245 3.439016566102693e-08
0.3457122888554269 1.0615572976134002e-07
0.3461588145118828 4.562818004909262e-09
0.3466059169056093 1.641286475415735e-08
0.3470535967815263 1.444871989263118e-07
0.347501854885516 2.6703209075350633e-08
0.34795069196442385 1.569368718097024e-07
0.34840010876606 6.80448143838968e-08
0.3488501060392004 1.0710309688085313e-07
0.3493006845335883 6.529526191097964e-09
0.3497518449999352 3.8304158670556744e-08
0.35020358818992225 1.271161857023319e-07
0.35065591485620146 1.4313178601976271e-07
0.35110882575239705 1.2113700692902368e-07
0.35156232163310647 5.420962406539039e-08
0.35201640325390193 9.005885103972909e-08
0.35247107137133166 1.5214978994775505e-08
0.3529263267429208 1.4940268587826927e-07
0.3533821701271731 3.8990135864248055e-07
0.3538386022835719 8.378601726996739e-07
0.35429562397258163 7.557682724938603e-07
0.3547532359556488 2.8939924943634544e-07
0.3552114389952035 5.87386106385523e-07
0.3556702338546605 5.668377186000822e-07
0.35612962129842074 1.4948698895318166e-07
0.3565896020918723 1.1627896197383237e-07
0.357050177001392 9.84409707415241e-08
0.35751134679434643 1.0774369401077326e-07
0.35797311223909334 4.528102128934806e-08
0.35843547410498283 1.6262435220210894e-07
0.3588984331623589 1.2174735652472845e-07
0.3593619901825603 9.681147891362772e-09
0.3598261459379222 1.4549895299507084e-07
0.36029090120177726 1.2704772709872773e-07
0.360756256748457 1.2235938655954344e-07
0.36122221335329313 2.3046768284819535e-07
0.36168877179261866 2.9892440735891785e-07
0.3621559328437694 3.823116306871643e-07
0.36262369728508526 5.178564385248747e-07
0.36309206589591125 1.6208135728153348e-07
0.36356103945659923 1.831538175145854e-07
0.3640306187485088 9.406168647413329e-07
0.3645008045540088 2.794545127530348e-07
0.36497159765647863 2.554776637537059e-07
0.3654429988403095 5.800159544498414e-07
0.3659150088909058 1.3132935633426147e-06
0.36638762859468615 4.126158418634017e-07
0.3668608587390852 6.164575666884175e-07
0.3673347001125544 6.036843721909928e-07
0.3678091535045639 2.5153605545322994e-07
0.3682842197056031 1.1676238057090611e-07
0.3687598995071828 1.356067922060671e-07
0.3692361937018359 2.662883117241938e-07
0.369713103083119 6.36246253382404e-07
0.3701906284456137 3.8615070497030654e-07
0.37066877058492775 1.5781202704425975e-07
0.3711475302976968 3.1385719051965593e-07
0.3716269083815852 1.731632198122545e-07
0.3721069056352876 6.805828712286571e-08
0.3725875228585303 2.3080180942930743e-07
0.37306876085207263 1.3836397281260552e-07
0.373550620417708 1.088352999747853e-07
0.3740331023582654 1.9981254861987797e-07
0.37451620747761116 5.6855509753830897e-08
0.3749999365806494 1.6182831977289015e-07
0.3754842904733241 4.6823281436528957e-07
0.3759692699626202 5.102460288181987e-07
0.3764548758565649 4.6534500327239547e-07
0.37694110896422917 9.76507212121882e-07
0.3774279700957288 1.1334636867348147e-06
0.37791546006222604 7.406712382373228e-07
0.3784035796759309 7.18153085029807e-07
0.3788923297501024 1.201439637745404e-06
0.37938171109904983 7.702298446140522e-07
0.3798717245381345 3.7458302241025116e-07
0.3803623708837707 1.3156739549092025e-06
0.3808536509534272 2.399350609790985e-07
0.38134556556562876 3.097267476962207e-07
0.38183811553995717 5.281957209400902e-07
0.38233130169705287 2.3852067624480556e-07
0.38282512485861636 5.381677160924243e-07
0.38331958584740927 6.649908815329591e-07
0.38381468548725606 6.733246561167539e-07
0.3843104246030452 9.684528558454152e-07
0.3848068040207306 8.069790093278198e-07
0.3853038245673329 5.05864107927563e-07
0.3858014870709411 1.9887760408862766e-07
0.38629979236071366 3.3927096226038946e-07
0.3867987412668799 7.160050525864126e-07
0.38729833462074176 5.464200697715306e-07
0.38779857325467454 6.633560061956161e-08
0.3882994580021289 5.545520878152368e-07
0.3888009896976319 3.502538294780562e-07
0.3893031691767885 7.684511411882688e-07
0.3898059972762829 3.8192893011364203e-07
0.39030947483388007 7.219187921324394e-07
0.3908136026884269 1.0926938973841529e-06
0.39131838167985394 1.402765156833377e-06
0.3918238126491764 8.673931526640914e-07
0.39232989643849575 2.1756560452644593e-07
0.3928366338910014 2.4205649594117296e-07
0.39334402585097156 9.13813568909377e-07
0.39385207316377496 1.0029464101850525e-06
0.3943607766758724 1.9134637344839034e-07
0.3948701372348177 2.358770280512372e-07
0.3953801556892596 1.0876514189246723e-06
0.39589083288894295 5.458926862019649e-07
0.39640216968471 5.40739129280383e-07
0.396914166928502 7.927691000673537e-07
0.3974268254733608 9.760045154595465e-07
0.3979401461734297 1.750993879287662e-06
0.39845412988395545 3.419767384972644e-06
0.39896877746128934 4.938924870469514e-07
0.39948408976288885 4.07717124170072e-06
0.4000000676473189 3.6252243473397982e-06
0.4005167119742532 9.70722729197766e-07
0.40103402360447604 5.640428478579327e-06
0.40155200339988345 4.552931941740191e-06
0.4020706522234846 2.8264047851362788e-06
0.4025899709394034 2.2657571661519304e-06
0.40310996041287994 3.033315389215677e-07
0.40363062151027174 1.2862109282279964e-06
0.4041519550990553 3.242506629841279e-06
0.40467396204782774 1.8674049688008355e-06
0.40519664322630794 5.8057193120346e-06
0.40571999950533805 1.048886695473056e-06
0.4062440317568852 2.2321148542409975e-06
0.4067687408540426 6.998732677124176e-06
0.40729412767103124 5.389848729512503e-06
0.4078201930832012 6.510786886139536e-06
0.40834693796703325 6.44240348565989e-06
0.4088743632001402 2.359220323991714e-06
0.4094024696612683 6.433709901652061e-06
0.40993125823029897 4.87647743580418e-06
0.41046072978825 4.765109311013107e-06
0.41099088521727706 2.5918627456703215e-06
0.41152172540067533 8.20506626335804e-07
0.41205325122288083 3.910940739205234e-06
0.41258546356947184 2.3039251214578226e-06
0.4131183633271706 3.5230854365860505e-06
0.41365195138384453 3.832174224912248e-06
0.4141862286285079 3.478982618156071e-06
0.4147211959513233 3.3439929771697254e-06
0.4152568542436028 1.4783700260943677e-06
0.4157932043978101 3.0315726998395995e-06
0.41633024730756124 2.8835348552498496e-06
0.4168679838676267 2.645081123806793e-06
0.41740641497393255 2.363215931575483e-06
0.41794554152356206 2.190897345904919e-06
0.41848536441475725 2.0786802416125856e-06
0.41902588454692025 1.8413674681833428e-06
0.4195671028206148 1.665184261798494e-06
0.42010902013756807 1.4747993321576042e-06
0.4206516374006716 1.228029889089589e-06
0.4211949555139833 9.914279132629037e-07
0.4217389753827287 7.217026715779968e-07
0.4222836979133026 4.1172988875512946e-07
0.4228291240132705 2.3487537673534268e-07
0.42337525459137 6.20700949069962e-07
0.4239220905575125 9.577073669297834e-07
0.4244696328227848 1.2674383393813528e-06
0.42501788229945026 1.44914024857957e-06
0.4255668399009506 1.0418749625541018e-06
0.4261165065419074 2.0468118427123166e-06
0.42666688313812356 2.279023042935624e-06
0.42721797060658473 1.7555538289933848e-06
0.4277697698654611 2.0709685887104406e-06
0.4283222818341087 2.6157499425292e-06
0.42887550743307107 1.2347017412986868e-06
0.4294294475840806 3.0203834136024393e-06
0.4299841032100603 3.9432489873938175e-06
0.4305394752351253 4.5951359182504265e-06
0.4310955645845842 5.344893134867035e-06
0.4316523721849408 5.80212803728335e-06
0.43220989896389556 4.955425202052134e-06
0.4327681458503472 7.192184542786037e-06
0.43332711377439415 6.290004807533442e-06
0.43388680366733623 5.529929122322718e-06
0.43444721646167617 7.612189943068784e-07
0.43500835309112107 9.143412583998413e-06
0.435570214490584 5.453230695882416e-06
0.4361328015961855 6.287239431868464e-06
0.43669611534525543 1.4671685270798969e-05
0.4372601566763342 1.2778574855309756e-05
0.4378249265291744 7.69151434708515e-06
0.43839042584474247 3.6543377600114753e-06
0.4389566555652202 7.560268964098742e-06
0.4395236166340063 1.15502965807387e-06
0.440091309995718 1.0169501861059199e-05
0.4406597365961926 2.090334371882314e-06
0.4412288973824891 9.234217601548578e-06
0.4417987933028897 2.5757475394756476e-05
0.44236942530690126 1.9404255602069498e-05
0.44294079434525735 7.614383400642333e-06
0.4435129013699192 1.361037937096573e-06
0.4440857473340779 2.1439729683829438e-05
0.4446593331921554 3.1455377279766486e-05
0.44523365989980657 1.4474186756638851e-05
0.44580872841392055 1.789950843713437e-05
0.4463845396926225 6.33474004839995e-06
0.44696109469527495 4.984157352224949e-06
0.44753839438247967 2.1107951673080028e-05
0.4481164397160792 1.9989094453167494e-05
0.44869523165915814 7.576039486545236e-06
0.44927477117604536 1.1942517379531958e-05
0.4498550592323151 3.26492244545023e-05
0.45043609679478874 2.191586701494048e-05
0.45101788483153643 2.126570956280233e-05
0.45160042431187863 3.742945263033169e-05
0.452183716206388 3.3985692743884995e-05
0.4527677614868905 2.21079721085342e-05
0.4533525611264676 1.6600241627877995e-05
0.4539381160994574 2.7224991419954276e-05
0.45452442738145654 2.082366559185671e-05
0.45511149594932176 2.235050740005053e-05
0.45569932278117153 2.8982781282075935e-05
0.4562879088563876 3.0432855535544023e-05
0.45687725515561683 1.3318241103036257e-05
0.45746736266077254 3.40464584105578e-05
0.4580582323550364 1.1926341901538296e-05
0.45864986522285994 3.670021823351469e-06
0.4592422622499662 4.898315970295567e-06
0.4598354244233515 5.785558091376282e-06
0.46042935273128677 2.0070161874992475e-05
0.46102404816331954 2.9293403767743326e-05
0.46161951171027543 6.0213254541384124e-06
0.4622157443642599 5.95795030658385e-06
0.4628127471186596 1.0694952953832074e-05
0.46341052096814445 3.4463798684398943e-06
0.4640090669086691 7.465881115022399e-06
0.4646083859374744 4.427975918638427e-06
0.4652084790530895 5.5532258790855495e-06
0.46580934725533296 3.919125877051496e-05
0.466410991545315 2.2555852225474317e-05
0.4670134129254388 3.0403282618508467e-05
0.46761661239940217 8.666747592957354e-05
0.4682205909721993 1.5343683100814217e-05
0.4688253496501226 0.00011327021791543941
0.4694308894407641 7.388730628420848e-05
0.4700372113530173 3.8392114867082745e-05
0.4706443163970786 6.803553049621204e-05
0.4712522055844495 0.0001215829012095304
0.4718608799279378 7.112223482624784e-05
0.4724703404416594 1.0397087371476005e-05
0.47308058814104015 2.0497748828824056e-05
0.47369162404281734 4.0455582988197585e-05
0.4743034491650416 7.940294061231652e-05
0.4749160645270784 0.0001659046603311072
0.47552947114960986 5.069199315154091e-05
0.47614367005463637 1.3679731938282567e-05
0.47675866226547853 4.308572684898213e-06
0.4773744488067784 9.053522120497783e-06
0.47799103070450166 4.1692445596718534e-05
0.47860840898593915 9.946996117083874e-06
0.4792265846797084 4.75813317003327e-06
0.4798455588157558 2.2826326377147444e-05
0.4804653324253577 9.119389825567212e-06
0.4810859065411227 2.8013610850778603e-06
0.48170728219699305 9.7598371174617e-06
0.4823294604282464 1.4041631938238913e-05
0.48295244227149764 1.1468296634823539e-05
0.4835762287647006 0.00010203226728436771
0.48420082094714956 3.4313661796387434e-05
0.4848262198594814 2.1165691559741125e-05
0.48545242654367693 9.999416061722766e-06
0.48607944204306286 3.175820089058905e-05
0.48670726740231346 7.522132454943561e-06
0.4873359036674524 5.649805461623129e-05
0.48796535188585416 4.451382112712156e-05
0.48859561310624633 7.256406445742553e-05
0.4892266883787108 9.107874476550675e-05
0.4898585787546859 8.144555825877263e-05
0.49049128528696795 4.1133779361881354e-05
0.4911248090297131 0.00011853002800065661
0.49175915103843904 7.856090270944094e-05
0.49239431237002673 0.00021184995242544852
0.49303029408272236 8.854874295148993e-05
0.49366709723613883 0.00023799359341740594
0.4943047228912576 6.119065651743868e-05
0.4949431721104307 0.0003853793267603349
0.49558244595738216 5.427811662101751e-06
0.4962225454972099 4.4761365551828456e-06
0.4968634717963876 1.2405151387211529e-05
0.4975052259227665 8.92501451813684e-06
0.4981478089455769 1.431321206265598e-05
0.49879122193543024 4.3657874181553926e-05
0.49943546596432076 5.880913413632471e-06
0.5000805421056272 3.3431263979524e-05
0.500726451434115 1.559904055035655e-05
0.5013731950259372 7.35563504442255e-06
0.5020207739586375 8.000624173933689e-06
0.5026691893111509 9.491418245666361e-06
0.5033184421638061 7.486908195716981e-05
0.5039685335983272 2.175806046921413e-05
0.5046194646978353 4.107194102416729e-05
0.5052712365468507 2.2407134738564396e-05
0.5059238502312943 5.9784023168108474e-06
0.5065773068384898 2.159596923475992e-05
0.507231607457165 1.4126259428922877e-05
0.5078867531774541 1.1360455407787894e-05
0.5085427450908995 2.87432746064429e-05
0.509199584290453 1.8183855752182293e-05
0.5098572718704785 1.0344387787741984e-05
0.5105158089267531 1.2750397718562702e-05
0.5111751965564693 8.562133257383928e-06
0.5118354358582369 6.877863949493429e-06
0.5124965279320843 5.60983343539445e-06
0.5131584738794613 1.1813159632320868e-05
0.5138212748032398 6.236806431303148e-06
0.5144849318077164 5.04759913235319e-05
0.515149445998614 3.245807869646595e-05
0.5158148184830837 2.9122849678767368e-05
0.5164810503697066 2.6050095371507142e-05
0.5171481427684955 3.6063423475127485e-06
0.5178160967908972 6.629916855265981e-06
0.5184849135497939 4.529889074111016e-06
0.5191545941595049 2.95659204658433e-05
0.5198251397357894 1.8596862606155674e-05
0.5204965513958473 2.2023398338676303e-05
0.5211688302583215 2.648363779378515e-05
0.5218419774432999 3.0018032128636363e-05
0.522515994072317 7.2573696712372e-05
0.523190881268356 4.73228100450364e-05
0.5238666401558505 0.00010144904470228801
0.5245432718606864 0.0001196032189892481
0.5252207775102038 6.39668296976839e-05
0.5258991582331989 0.00010399532322701877
0.5265784151599259 1.9201161959886415e-05
0.5272585494220988 5.286103633672873e-05
0.5279395621528935 5.6584828796898284e-05
0.5286214544869493 7.790130475011842e-05
0.529304227560371 0.000164866296582371
0.529987882510731 6.808735776790837e-05
0.5306724204770709 0.00028389764231806725
0.5313578425999034 3.992753076963579e-05
0.5320441500212145 0.00011164795720939696
0.5327313438844651 2.81586009372244e-05
0.533419425334593 4.712955627395743e-05
0.5341083955180147 3.6299802665890974e-05
0.5347982555826277 6.323888088022199e-05
0.535489006677812 8.39420409975494e-05
0.5361806499544318 4.493798923082168e-05
0.5368731865648385 7.35487061726088e-05
0.5375666176628714 5.916177833061315e-05
0.53826094440386 0.0002615191301156563
0.5389561679446264 0.00011275572359293961
0.5396522894434866 4.027559017643556e-05
0.540349310060253 7.292656088919253e-05
0.5410472309562355 6.559883831181015e-05
0.5417460532942445 0.0001275480839399493
0.5424457782385921 3.887472357641844e-05
0.5431464069550941 5.9396143903140155e-05
0.5438479406110722 0.0001723420951444959
0.5445503803753559 8.974594386138812e-05
0.5452537274182842 4.175276531178542e-05
0.5459579829117078 3.0289228639239354e-05
0.5466631480289911 0.00011347147838599421
0.5473692239450139 7.797694067124428e-05
0.5480762118361733 3.7912464748696164e-05
0.5487841128803863 8.193562071811828e-05
0.5494929282570911 0.0001337065340117599
0.550202659147249 2.9130390517946164e-05
0.5509133067333469 2.9809297081138253e-05
0.5516248721993993 5.0813850616479525e-05
0.5523373567309493 4.005462920741303e-05
0.5530507615150719 3.675582198607553e-05
0.5537650877403749 7.676454713720528e-05
0.5544803365970017 7.361104614432519e-05
0.5551965092766324 2.848436788157249e-05
0.5559136069724869 4.7927178091271985e-05
0.5566316308793258 6.264757316482804e-05
0.557350582193453 3.427943733794015e-05
0.5580704621127176 7.412523043017711e-05
0.5587912718365159 5.592999086606728e-05
0.5595130125657932 5.764735934024567e-05
0.5602356855030461 4.204239811323236e-05
0.5609592918523243 6.590116000681912e-05
0.5616838328192327 2.3162055415412547e-05
0.5624093096109333 4.156464561373416e-05
0.5631357234361473 3.7275263674131016e-05
0.563863075505157 6.837098465645545e-05
0.5645913670298083 4.632654063652356e-05
0.565320599223512 5.156473624624789e-05
0.566050773301246 5.826355303498474e-05
0.566781890479558 4.4853914461824575e-05
0.5675139519765664 4.804880174933793e-05
0.5682469590119634 4.294461465912833e-05
0.5689809128070165 5.818221445634892e-05
0.5697158145845702 8.899095376566616e-05
0.5704516655690491 6.890000288468225e-05
0.5711884669864588 5.49621103875097e-05
0.5719262200643883 5.4342381601029736e-05
0.5726649260320128 6.262009735614354e-05
0.5734045861200945 8.041229725047818e-05
0.5741452015609856 7.209570316656142e-05
0.5748867735886298 5.707639435483894e-05
0.5756293034385648 6.741476492036713e-05
0.5763727923479239 5.956622739522177e-05
0.5771172415554386 7.323272069980392e-05
0.57786265230144 5.857569554594712e-05
0.5786090258278614 4.67779197695192e-05
0.5793563633782405 6.651927762557129e-05
0.5801046661977204 8.213497284301286e-05
0.5808539355330532 8.185064375151494e-05
0.581604172632601 6.702789384463858e-05
0.5823553787463382 6.30658834310783e-05
0.5831075551258539 6.655994411974013e-05
0.5838607030243536 6.531650679360179e-05
0.5846148236966615 4.902609590272747e-05
0.5853699183992227 3.102986129679051e-05
0.5861259883901049 3.391304876652733e-05
0.5868830349290007 4.4621216813099014e-05
0.5876410592772301 3.0077218360252013e-05
0.5884000626977419 2.2974504409601612e-05
0.5891600464551162 1.362545260589685e-05
0.5899210118155666 2.0426249556539662e-05
0.5906829600469419 2.6294954285646685e-05
0.5914458924187286 3.319682587959609e-05
0.592209810202053 4.326121526464642e-05
0.5929747146696831 3.95765105004391e-05
0.5937406070960306 5.1345848541916504e-05
0.5945074887571536 5.545797610283885e-05
0.5952753609307583 6.397825138916013e-05
0.596044224896201 5.8338282840744426e-05
0.5968140819344906 5.700369147224399e-05
0.5975849333282904 6.392143009956616e-05
0.5983567803619207 7.347600008977363e-05
0.5991296243213603 8.026434368779119e-05
0.5999034664942493 6.506649462921004e-05
0.6006783081698907 6.417515749718648e-05
0.6014541506392527 9.806645954728176e-05
0.6022309951949713 8.832639385118354e-05
0.6030088431313516 6.920418745247349e-05
0.6037876957443711 8.640402012294677e-05
0.6045675543316804 0.00012928462457410656
0.6053484201926067 0.00010743477468401499
0.6061302946281554 0.00010911958154878028
0.606913178941012 0.00012725295320457995
0.6076970744355448 0.00012018014787326507
0.6084819824178068 0.0001593329493364341
0.6092679041955378 9.486779762978386e-05
0.6100548410781669 0.00014307582636535922
0.6108427943768142 0.0001080906121075718
0.6116317654042935 0.0001379706393349206
0.6124217554751141 0.00012689931593226408
0.6132127659054832 0.00018222001074839897
0.6140047980133081 0.00017936963136192305
0.614797853118198 0.00015536935417972733
0.6155919325414669 9.445259192367995e-05
0.6163870376061353 6.099342844952071e-05
0.6171831696369325 0.00011134189943540825
0.6179803299602988 7.426769291649268e-05
0.6187785199043878 6.500005548951234e-05
0.6195777407990685 6.5237014808839e-05
0.6203779939759276 9.706305519788038e-05
0.6211792807682718 0.00014732430352347063
0.6219816025111297 7.118657429197778e-05
0.6227849605412543 5.519283816387213e-05
0.6235893561971254 5.022391071376596e-05
0.6243947908189514 5.051080177023989e-05
0.6252012657486716 5.5285854920998046e-05
0.6260087823299588 7.878607259913737e-05
0.6268173419082212 6.492589187199763e-05
0.6276269458306047 6.765527750748584e-05
0.6284375954459953 0.0001350467750124253
0.6292492921050211 0.00012622780567277713
0.6300620371600548 7.356532132645303e-05
0.6308758319652158 0.00012142669087891567
0.6316906778763725 0.00019450510185543515
0.6325065762511444 0.00011632707136876077
0.6333235284489048 0.00011928137126470921
0.6341415358307828 0.0002416873818946153
0.634960599759665 0.00011281334768279924
0.635780721600199 0.00012199362560988442
0.6366019027187947 8.167499569988942e-05
0.6374241444836267 9.514686814366348e-05
0.6382474482646371 0.0001394010120543731
0.6390718154335371 6.0315839617178607e-05
0.6398972473638099 9.639082319065672e-05
0.6407237454307124 0.00017380656541415583
0.6415513110112782 0.0001655550562579474
0.6423799454843191 0.00012881063647262434
0.643209650230428 0.00011720363915095994
0.6440404266319809 0.00010603317847345306
0.6448722760731393 0.0001130157696018521
0.6457051999398528 0.00015235930252645668
0.6465391996198605 0.00024403474289744337
0.6473742765026943 0.0001007870577362469
0.648210431979681 0.00010810427093579524
0.649047667443944 0.00019092407534859916
0.6498859842904064 0.00011881171400930432
0.650725383915793 0.00014225450077974883
0.6515658677186326 0.00015305736359722357
0.65240743709926 0.0001550293973060723
0.6532500934598191 0.00020375264820030997
0.6540938382042647 0.0007135467536121789
0.6549386727383651 0.000288371489084524
0.655784598469704 0.0002208886901242267
0.6566316168076834 0.00022322127517512456
0.6574797291635256 0.00022120828677302655
0.6583289369502757 0.00030073618156933386
0.6591792415828038 0.00018174291040238543
0.6600306444778076 0.00027252998986632024
0.6608831470538145 0.00030225314212276494
0.6617367507311841 0.00037836640727336677
0.6625914569321106 0.00010750780671367218
0.6634472670806253 0.0004064564264852844
0.6643041826025985 0.0005144548540981719
0.6651622049257422 0.0001341200899685104
0.6660213354796125 0.00011849334190846148
0.666881575695612 7.181361518300119e-05
0.6677429270069922 0.00017801315356203863
0.6686053908488555 6.939446854762116e-05
0.6694689686581581 9.332374027633402e-05
0.6703336618737122 0.00019360219081563016
0.6711994719361883 0.00016134348022157487
0.6720664002881177 8.16264340420475e-05
0.6729344483738949 8.040725040996787e-05
0.6738036176397803 7.485189156450966e-05
0.6746739095339015 0.00013605795378861254
0.6755453255062573 0.00017225035064757913
0.6764178670087191 0.00017389621769024549
0.6772915354950335 0.00019533550402751207
0.6781663324208247 7.874048978436524e-05
0.6790422592435972 0.0001492481965573861
0.6799193174227377 0.00011516796470285294
0.6807975084195184 0.000180592237590309
0.6816768336970983 8.627961999956031e-05
0.6825572947205266 0.0002739580668619357
0.6834388929567448 0.00011618083937659174
0.6843216298745888 0.00016375290029614018
0.6852055069447919 0.0001013791415583664
0.686090525639987 0.0002151016663920868
0.686976687434709 0.00016145371476875174
0.6878639938053974 0.00023593763375050764
0.6887524462303988 0.00011308925427134362
0.6896420461899688 0.0001806118879202707
0.6905327951662755 0.0001372880646256509
0.6914246946434008 0.0001795480137067923
0.6923177461073441 0.00011979441771408966
0.6932119510460234 0.0002699301760245905
0.6941073109492792 0.00017889977228495454
0.6950038273088759 0.00018618897448015496
0.6959015016185046 0.00033397463570415263
0.6968003353737862 0.00021514961985065877
0.6977003300722725 0.0003595954542266716
0.6986014872134505 0.00018595448524940124
0.6995038082987433 0.00023922879551665555
0.7004072948315134 0.0002902487848435389
0.7013119483170653 0.00038806115879540796
0.7022177702626474 0.000599665383445746
0.7031247621774551 0.00026856542271376293
0.7040329255726332 0.0014289636319313116
0.704942261961278 0.0005779976524171888
0.7058527728584403 0.0004413964288424128
0.7067644597811278 0.0004035687935448383
0.7076773242483075 0.0004715336472971031
0.7085913677809085 0.0002262173588857621
0.7095065919018239 0.00013764462707510218
0.7104229981359143 9.060694821029969e-05
0.7113405880100095 0.00011198749180776642
0.7122593630529116 0.00041089494980519784
0.7131793247953971 0.00010461269237673157
0.7141004747702199 8.27872019212386e-05
0.7150228145121131 0.0003358131357037647
0.7159463455577929 0.00013910545659321996
0.7168710694459597 0.00011865332910921253
0.7177969877173015 0.00021452345679903782
0.7187241019144962 0.00025831680942983514
0.7196524135822144 0.00026575835133665107
0.7205819242671219 0.00010035560636316187
0.7215126355178816 0.0003310859588587367
0.7224445488851574 0.0005608187160755192
0.7233776659216156 0.00045193479778739347
0.7243119881819281 0.00040874219870247307
0.7252475172227748 0.0004770444856290005
0.7261842546028463 0.0002533458711991328
0.7271222018828462 0.00024787797751072154
0.7280613606254942 0.0004049975280232243
0.7290017323955282 0.0012342647226997972
0.7299433187597074 0.001403801733005618
0.7308861212868143 0.0015581195509771924
0.7318301415476578 0.0007966363204861351
0.7327753811150759 0.001219850108144504
0.7337218415639377 0.0016851315816506281
0.7346695244711468 0.0010670002388063853
0.7356184314156431 0.0006676117717383316
0.7365685639784064 0.0020278793215115273
0.7375199237424581 0.001173226215788348
0.7384725122928644 0.0007180034108432809
0.7394263312167387 0.001161333784430441
0.7403813821032447 0.0009049501172223686
0.741337666543598 0.0005545308660332668
0.7422951861310702 0.0008539809207205154
0.7432539424609902 0.0007551018210193547
0.7442139371307476 0.0007925217745613773
0.7451751717397954 0.0006444155810207678
0.7461376478896523 0.000669072319845896
0.7471013671839055 0.0008314041044427203
0.7480663312282135 0.0006277373501586105
0.7490325416303087 0.0008484221105898082
0.75 0.001239684955649454
0.7535957271382807 0.0007202880792948867
0.757208693281432 0.0011262092801700503
0.7608389810784641 0.0010406711090451062
0.7644866735746316 0.00038971266332371395
0.7681518542133332 0.00037554015401754394
0.7718346068380205 0.0003452679881499768
0.7755350156941161 0.0006339777885834558
0.7792531654309404 0.0005575915122816728
0.7829891411036486 0.0005635388381128273
0.7867430281751759 0.0007998183351398038
0.7905149125181926 0.0009333654324403323
0.7943048804170689 0.0015511469365415249
0.7981130185698482 0.0013071035878834839
0.8019394140902305 0.002577358755840044
0.8057841545095653 0.0019664290547146196
0.8096473277788541 0.0022579358850076834
0.8135290222707618 0.004318252777539528
0.817429326781639 0.00390963561687663
0.8213483305335527 0.003947263101110995
0.8252861231763274 0.002984388963901518
0.8292427947895962 0.004334797211098515
0.833218435884861 0.003803134462597737
0.8372131374075636 0.0048253084192523485
0.8412269907391656 0.0014426860117508474
0.8452600876992389 0.0006294078116390378
0.8493125205475665 0.0016942264512867812
0.8533843819862523 0.001055152532866039
0.8574757651618429 0.0012082155997056039
0.8615867636674567 0.001682451417376044
0.8657174715449267 0.0019168866448393109
0.8698679832869504 0.0016046796455445006
0.8740383938392522 0.001429527438300801
0.8782287986027549 0.002760997600956809
0.8824392934357623 0.0015036260283280423
0.8866699746561519 0.0019180077361890778
0.8909209390435783 0.004659374173119893
0.8951922838416869 0.0015352925965744645
0.8994841067603389 0.0033432857726655163
0.903796505977846 0.006113991186341084
0.9081295801432163 0.004317463529586415
0.9124834283784115 0.0037965929130368125
0.9168581502806137 0.0053738655941029025
0.9212538459245041 0.005184219537317515
0.9256706158645523 0.0026406848220911177
0.9301085611373165 0.0028413219463432277
0.9345677832637547 0.0033372322218630786
0.939048384251547 0.0017352796575012236
0.9435504665974296 0.005191033797443841
0.9480741332895386 0.0039234089641086625
0.9526194878097667 0.00630596284739034
0.9571866341361303 0.0059646431638787694
0.9617756767451473 0.005804098630747044
0.9663867206142284 0.0039474790960612165
0.9710198712240772 0.00646341486143117
0.975675234561104 0.005984243596351752
0.9803529171198504 0.007260300075364088
0.9850530259054243 0.006569454190248379
0.9897756684359491 0.0010366641385062528
0.9945209527450225 0.003434200327452947
0.9992889873841879 0.005691210140056179
1.0040798814254177 0.002197296816395237
1.0088937444636084 0.0017620679442632314
1.0137306866190876 0.00550845031806479
1.0185908185401331 0.0056114808340108485
1.023474251405504 0.006374253817622267
1.0283810969269844 0.004996168815908855
1.033311467351938 0.006200650204383196
1.0382654754658767 0.005958268457987461
1.04324323459504 0.005469514348744955
1.048244858608988 0.004959121568994875
1.053270461923206 0.007924141201174828
1.0583201595017218 0.006191079516858648
1.0633940668597348 0.006164603959144446
1.0684923000662605 0.007270847786084271
1.0736149757467832 0.006554479577145682
1.0787622110859263 0.006880732569520458
1.0839341238301308 0.007488961854827657
1.08913083229035 0.007136503981314514
1.0943524553447561 0.007907612580025702
1.099599112441459 0.006251407786352709
1.1048709236012393 0.005151623839993437
1.1101680094202928 0.00751492983998578
1.1154904910729908 0.005153184758823749
1.120838490314651 0.006231671776207164
1.126212129484323 0.007425041686547916
1.1316115315075865 0.007727984896926695
1.1370368198993641 0.006194323468207099
1.1424881187667462 0.005474870407436699
1.1479655528118298 0.007001654241003964
1.1534692473345722 0.006984823399546171
1.1589993282356565 0.006679011143116672
1.164555922019371 0.007610156132436664
1.170139155796505 0.006232781240183333
1.1757491572872547 0.005697563249870156
1.1813860548241462 0.006647835254809944
1.1870499773549694 0.0073085981440203
1.1927410544457302 0.006762014752749113
1.198459416283613 0.0070526644627559075
1.2042051936799583 0.007688041184970174
1.2099785180732563 0.007183428149886443
1.2157795215321532 0.006473878312368113
1.221608336758472 0.005223665600277696
1.2274650970902483 0.007789597626796198
1.2333499365047813 0.007305767759103128
1.2392629896216973 0.005880900524266114
1.24520439170603 0.006420205662174691
1.251174278671315 0.005746911790609427
1.2571727870826979 0.0073370616247132436
1.2632000541600594 0.005713396558146809
1.269256217781154 0.0076601251784376885
1.2753414164847634 0.007511748674606246
1.281455789473867 0.007358846293241272
1.2875994766188243 0.007400683875159038
1.2937726184605767 0.007354129063361342
1.2999753562138607 0.007373062421912067
1.30620783177044 0.007105935315301319
1.3124701877023488 0.00571394248004825
1.3187625672651564 0.007502384769051512
1.3250851144012417 0.005335025989041694
1.3314379737430875 0.004483766306788642
1.337821290616588 0.004981206459954486
1.3442352110443743 0.002064378858594354
1.3506798817491539 0.003545870710087051
1.3571554501570673 0.004453022392870327
1.363662064401061 0.00477116149422218
1.3701998733242755 0.004618993647460346
1.3767690264834498 0.005041092298265245
1.3833696741523442 0.005241134019102298
1.3900019673251762 0.004491589050388675
1.3966660577200758 0.0019376456729809854
1.4033620977825552 0.004152708695880855
1.4100902406889968 0.0035158000400617494
1.4168506403501568 0.003422031088349383
1.4236434514146867 0.0031709417282925817
1.43046882927267 0.004129590611004414
1.4373269300591769 0.004830474181840309
1.4442179106578377 0.0042386952708528165
1.4511419287044287 0.004502754411662153
1.4580991425904812 0.00487000012715552
1.4650897114669033 0.0032806933845492365
1.4721137952476195 0.0032150720220286604
1.4791715546132318 0.0029179848569906323
1.4862631510146926 0.0031503104048402407
1.4933887466769993 0.0037688214112799757
1.5005485046029052 0.002530144606347837
1.5077425885766482 0.0033537124626590612
1.514971163167697 0.004174945064853778
1.5222343937345166 0.004527593308073693
1.5295324464283504 0.004611602441579187
1.5368654881970214 0.004388548039727746
1.5442336867887507 0.003839831879227517
1.5516372107559953 0.004950536179373016
1.559076229459304 0.00464961460712293
1.5665509130711908 0.004887955253766521
1.5740614325800286 0.004787090480834401
1.5816079597939605 0.004934877462405809
1.5891906673448297 0.0047061526326298815
1.5968097286921286 0.004650785369072826
1.604465318126967 0.00458894055670158
1.6121576107760593 0.004362909936446835
1.6198867826057304 0.004928634374152371
1.6276530104259406 0.004473238103518826
1.6354564718943307 0.004563512905731233
1.643297345520287 0.0048907646626587505
1.6511758106690229 0.004889798725619881
1.659092047565683 0.004844590580867145
1.6670462372994665 0.004715411206160738
1.6750385618277683 0.005025472925800903
1.6830692039803425 0.004762138079040704
1.6911383474634847 0.004837229431340077
1.6992461768642335 0.004613450456383961
1.707392877654594 0.004608426419993094
1.7155786361957803 0.0038716787723150708
1.7238036397424783 0.00431875515161593
1.7320680764471306 0.003968272184975202
1.7403721353642378 0.0034373639670296783
1.7487160064546867 0.002371243076002262
1.7570998805900933 0.0036950859965710734
1.76552394955717 0.003436063319806023
1.7739884060621127 0.0022372144627899088
1.7824934437350097 0.0028188184834580117
1.7910392571342704 0.001899402857344795
1.7996260417510754 0.002628797003918542
1.80825399401385 0.0016718485247408366
1.8169233112927567 0.001704410908891665
1.8256341919042098 0.0019093126857837785
1.834386835115414 0.0025460623093662323
1.8431814411489198 0.0015094268204437723
1.8520182111872059 0.002836983453228365
1.8608973473772803 0.001894975744697213
1.8698190528353054 0.0013343306235774526
1.8787835316512442 0.0021668000316632133
1.8877909888935285 0.0025054928662001257
1.89684163061375 0.00208180310732068
1.9059356638513747 0.0026418989062077743
1.915073296638478 0.0022811530781458233
1.9242547380045036 0.001960432687454077
1.9334801979810476 0.0010887573944659789
1.9427498876066593 0.0015294780629165267
1.9520640189316716 0.001270851226227739
1.96142280502305 0.001929832999624079
1.9708264599692682 0.001326400350235432
1.9802751988852059 0.002043598103684014
1.9897692379170668 0.0017499698687305336
1.999308794247326 0.0011673960447615803
2.0088940860996973 0.0012920907669551817
2.018525332744124 0.001725605646285147
2.0282027545017973 0.0014309855342814536
2.037926572750194 0.0019420913912722034
2.0476970099281426 0.0019182213498997254
2.057514289540909 0.001803479013125669
2.0673786361653126 0.002153610784480014
2.0772902754548603 0.0014525814843397687
2.0872494341449133 0.0021056193052652237
2.097256340057868 0.0019698633094702898
2.107311222108371 0.0017485951545531233
2.1174143103085554 0.0019572691334606277
2.1275658357733027 0.0020239916814380216
2.1377660307255275 0.0019514395145340951
2.1480151285014935 0.0020169213389304727
2.158313363556147 0.0021947251927585966
2.168660971468484 0.002057158462321305
2.1790581889469367 0.001949268400011217
2.189505253834789 0.0019892686040011145
2.2000024051156175 0.0020626800875259556
2.21054988291876 0.00197737523743061
2.2211479285248057 0.001814331917871444
2.231796784371116 0.001995221407665908
2.2424966940573703 0.0017114021162407895
2.2532479023511387 0.001963527562168021
2.264050655193483 0.0016025871212121381
2.274905199704578 0.0019829459802912282
2.2858117841893697 0.0018880401321025911
2.296770658143252 0.0016984392580945604
2.307782072257775 0.0017419660537725044
2.318846278426381 0.001787668762747156
2.329963529750166 0.0013283172697566208
2.341134080543669 0.0015449740443567494
2.3523581863406884 0.0014759247959200248
2.3636361039001312 0.0014903753032440863
2.374968091211883 0.0012256639289752068
2.386354407502711 0.0013066586586224966
2.3977953132421947 0.001437728970329453
2.4092910701486843 0.0009686640978419287
2.420841941195286 0.0011880611407809772
2.4324481906158777 0.001153017177304072
2.444110083911157 0.0007229136896451485
2.4558278878547095 0.0010613507614491693
2.467601870499117 0.0009885650994459812
2.4794323011820847 0.0008333886363946962
2.491319450532605 0.0009242789644456223
2.503263590477147 0.0008464941758322314
2.5152649942458787 0.0006974118129548322
2.5273239363789144 0.0008899862296730342
2.5394406927326 0.0008435874027889886
2.5516155404858174 0.0008486355233248338
2.5638487581463285 0.0006942800273652648
2.5761406255571475 0.0008181365990456805
2.5884914239029375 0.0007361029361315562
2.6009014357164504 0.0005888800379199415
2.6133709448849824 0.0009572802205536604
2.625900236656872 0.0007619436763387713
2.638489597648025 0.0008956471388709367
2.6511393158484706 0.0008662391662068142
2.663849680628949 0.0008028632850248079
2.676620982747533 0.0005907361324383095
2.6894535143562757 0.0009470152509203335
2.702347569007896 0.0005835935117347146
2.7153034416624937 0.0007824004862434361
2.7283214286942967 0.0006636124333108049
2.741401827898442 0.0006797384573629912
2.7545449384977845 0.0006121222579464903
2.7677510611497445 0.0006629231278707122
2.7810204979531865 0.0007586218457262272
2.7943535524553265 0.000717392256805385
2.8077505296586787 0.000720123433797628
2.821211736028033 0.0004918363110293482
2.8347374794974622 0.0005459812085214579
2.8483280694773696 0.0006667282654104126
2.861983816861565 0.0005773920802283733
2.8757050340343775 0.0005726825277322984
2.8894920348778004 0.000613344279164359
2.903345134778675 0.0004897369585161958
2.9172646506359 0.0005786253459116996
2.931250900867685 0.0005504342638663217
2.945304205418831 0.000650376482864296
2.9594248857680525 0.0004991274733594872
2.9736132649353317 0.0005336581874062512
2.9878696674893046 0.0004106389143822883
3.0021944195546872 0.0006084751244248869
3.0165878488197375 0.000602858925675826
3.031050284543749 0.00045905069367865
3.045582057564585 0.0004728207950653481
3.060183500306246 0.0006184566859375692
3.0748549467864725 0.0006566408640706709
3.089596732624388 0.0006285271545450423
3.1044091950481763 0.0005029018500845865
3.1192926729027923 0.0005374357171322825
3.1342475066577213 0.0004951754293107315
3.1492740384147586 0.000550604349071371
3.1643726119158395 0.0004603113215682373
3.1795435725509034 0.000492334915762123
3.194787267365793 0.00054322436455043
3.210104045070193 0.0004699476081757704
3.2254942560456112 0.000446749919802559
3.240958252353387 0.000578364077483546
3.2564963877427493 0.000523764415914448
3.272109017658909 0.0005327457927735995
3.2877964992511868 0.0005089593450274052
3.3035591913811895 0.00048666300748840944
3.3193974546310105 0.0004121132279670709
3.335311651311486 0.00048398977919321466
3.3513021454704788 0.0004896912487795264
3.3673693029012073 0.0005215925702478794
3.3835134911506137 0.0004757287208926782
3.3997350795277725 0.0004495391693507873
3.416034439112336 0.0005620699945972541
3.4324119427630264 0.0005239051331276372
3.448867965126162 0.0005519680209790302
3.4654028826442294 0.00036435746570926693
3.482017073564496 0.0004648308343230821
3.4987109179476596 0.0003448957523211888
3.5154847976765438 0.0005052321710144056
3.5323390964648356 0.0005443698491617788
3.5492741998658603 0.0005061332946862691
3.5662904952814025 0.0004905424940547478
3.58338837197057 0.0004787318783114306
3.6005682210586953 0.0004884523823099982
3.6178304355462845 0.0005131965787671069
3.635175410318007 0.00044655069338406906
3.6526035421517284 0.0005074006197916278
3.6701152297275876 0.00045233296979364703
3.687710873637119 0.0004551862353610227
3.7053908763924124 0.0005152125595501571
3.7231556424353216 0.0005038107365254125
3.7410055781467184 0.0004546261196404705
3.758941091855786 0.0004984988953672052
3.7769625938493654 0.0004964840963222218
3.795070496381332 0.00046048876614329355
3.8132652136820346 0.00047661522265998935
3.8315471619677655 0.00047500937481261126
3.849916759450285 0.0004574976841076119
3.8683744263463873 0.00044711630083034556
3.8869205848875135 0.00043039371699940613
3.9055556593294094 0.00044007837502350297
3.9242800759618315 0.0004444198421199433
3.943094263118298 0.00042698226741097147
3.9619986511858882 0.0003840768601243009
3.980993672615089 0.0004019548888736485
4.000079761929683 0.0003529012865756479
4.019257355736694 0.00033247755051181064
4.03852689273637 0.0003797020063248077
4.057888813732221 0.0002710345853539761
4.077343561641103 0.00034487915774169116
4.096891581503353 0.0003407531668837215
4.11653332049296 0.00025982761691267445
4.136269227927804 0.00030404441068514226
4.156099755279931 0.0002795288580431623
4.17602535618588 0.0002492448235166745
4.19604648645706 0.00027216990750831156
4.216163604090182 0.00028901464302884136
4.236377169277727 0.0002946615568897224
4.25668764441848 0.00024016109765091984
4.277095494128106 0.000302892607517718
4.2976011852497775 0.0002754405233961461
4.318205186864858 0.00023823854607581883
4.338907970303623 0.0002472910004684559
4.359710009156054 0.0002123279729701798
4.380611779282662 0.00019221420390895538
4.4016137588253805 0.0001674615929735539
4.422716428218497 0.0001842370198629462
4.4439202701996505 9.978585281454035e-05
4.465225769820868 0.00012347317311721528
4.486633414459661 0.0001812971879087413
4.50814369383018 0.00016557662102722445
4.529757099994412 0.00017387414996138502
4.551474127373438 0.0001499665374212825
4.5732952727587435 0.00015522118092589285
4.595221035323583 0.00016698126045760025
4.617251916634397 0.00016653388821247833
4.639388420662292 0.00016459814285474343
4.661631053794558 0.00018394040558110533
4.683980324846266 0.00015153410726890268
4.706436745071897 0.000153179232491302
4.729000828177038 0.00017602251181147852
4.751673090330143 0.00016442380096759685
4.774454050174326 0.00013209080119703883
4.79734422883924 0.00017971797538024592
4.820344149952989 0.00015713064394553305
4.843454339654107 0.0001368176087433374
4.866675326603597 0.00014067676640767802
4.890007641997023 0.00014618571122730858
4.91345181957666 0.0001381276440311194
4.937008395643709 0.00012596709503642827
4.960677909070557 0.00013871936698030878
4.98446090131311 0.00012990792224551288
5.008357916423177 0.00012484706967986505
5.032369501060916 0.00013515041099886147
5.0564962045073445 0.00012321332805326885
5.0807385786768915 0.00011190402406757366
5.105097178130036 9.403339726840745e-05
5.129572560085985 0.00011648684877211074
5.154165284435427 0.00012547873419601518
5.1788759137533305 0.0001108830051882796
5.203705013311826 0.00011652522201691309
5.2286531510931225 9.624525378722694e-05
5.253720897802513 0.00011396019105744775
5.278908826881421 0.00010473350583994415
5.304217514520523 0.00010236268426726661
5.329647539672928 0.00010405223980165904
5.355199484067426 0.00011018912241538143
5.380873932221783 0.00011116339430966132
5.406671471456126 8.792516222109539e-05
5.432592691906369 8.629102996922804e-05
5.458638186537719 8.380448840374032e-05
5.484808551158237 9.201651416972513e-05
5.511104384432469 0.00010061230110704501
5.537526287895138 9.269027143480937e-05
5.5640748659649075 7.417202001652444e-05
5.590750725958208 8.764584993713835e-05
5.617554478103128 9.49436063675651e-05
5.644486735553375 7.894420258269372e-05
5.671548114402301 9.341868136914897e-05
5.698739233696996 8.532495610193167e-05
5.726060715452448 7.780947210100567e-05
5.753513184665774 8.115829998705282e-05
5.781097269330519 8.398371731745878e-05
5.808813600451015 9.305845592193129e-05
5.836662812056822 8.293902150011865e-05
5.864645541217231 7.780405932340577e-05
5.892762428055834 8.446250948032515e-05
5.921014115765167 7.617069184353234e-05
5.949401250621433 6.523118794798503e-05
5.977924481999274 8.186932144086425e-05
6.0065844623866305 8.361909878388481e-05
6.035381847399669 6.922514813862268e-05
6.0643172957977765 6.722931332977988e-05
6.093391469498636 6.94578820232962e-05
6.122605033593362 6.85516997284828e-05
6.151958656361717 6.184436499043454e-05
6.181453009287397 5.949015672180116e-05
6.2110887670734 6.648109648414197e-05
6.240866607657446 6.504044072388451e-05
6.270787212227504 6.345371677640465e-05
6.300851265237357 7.264219942344069e-05
6.331059454422269 7.27164547069665e-05
6.361412470814716 6.808501875573738e-05
6.39191100876019 6.211239965436917e-05
6.422555765933088 6.631070789744587e-05
6.45334744335267 5.058023614188931e-05
6.4842867453990936 5.792782857168322e-05
6.515374379829527 5.317786906279302e-05
6.546611057794343 4.78054539005146e-05
6.57799749385338 5.104094954195736e-05
6.609534405992302 4.766872758869675e-05
6.641222515639004 4.552402633624856e-05
6.6730625476801295 4.9812533268896337e-05
6.7050552304776465 4.301616419816546e-05
6.737201295885512 4.7656796416314915e-05
6.769501479266411 4.3448307720146634e-05
6.801956519508584 4.3364301957538665e-05
6.83456715904272 3.739806235439865e-05
6.867334143858949 3.5962083644668346e-05
6.900258223523903 4.0483672246310984e-05
6.933340151197861 4.228210369504374e-05
6.966580683651985 4.261878284981729e-05
6.999980581285625 4.1201297454317234e-05
7.0335406081437135 4.026412009314237e-05
7.067261531934249 4.4764787701842555e-05
7.101144124045853 3.957288973986727e-05
7.135189159565416 3.9636365260563675e-05
7.169397417295838 3.302689445167463e-05
7.203769679773824 3.401201969333405e-05
7.238306733287806 3.715853622924221e-05
7.2730093678959165 3.780070022010802e-05
7.307878377444066 3.539557897502113e-05
7.342914559584106 3.2905791618080526e-05
7.37811871579207 3.0409263040257554e-05
7.413491651386511 3.665239992686356e-05
7.449034175546921 3.252688559612082e-05
7.484747101332247 3.3815590756280626e-05
7.520631245699485 3.402938540620868e-05
7.556687429522369 3.4250434334743666e-05
7.592916477610153 3.084931869959034e-05
7.629319218726471 2.85210188884041e-05
7.665896485608313 2.991991952007008e-05
7.702649114985049 3.037383392130236e-05
7.73957794759759 2.8660685301203653e-05
7.77668382821761 3.161961569237296e-05
7.813967605666878 2.750179554438916e-05
7.8514301328366685 2.5883098950852696e-05
7.8890722667072755 2.5295308274446495e-05
7.926894868367619 2.8209725526142942e-05
7.964898803034935 2.6651436496017102e-05
8.003084940074578 2.765187422308976e-05
8.041454153019895 2.4870851304427177e-05
8.080007319592234 2.528040195201496e-05
8.118745321720986 2.3824242030910332e-05
8.15766904556379 2.4626520448380645e-05
8.196779381526783 2.4436332363396134e-05
8.23607722428499 2.375627994679446e-05
8.275563472802775 2.3866740428309232e-05
8.315239030354402 2.038872181363603e-05
8.355104804544718 2.130006501472662e-05
8.395161707329892 2.1879309340566185e-05
8.435410655038293 2.10783225606102e-05
8.47585256839144 2.101785247166195e-05
8.516488372525082 2.02523223466248e-05
8.557318997010336 2.0577387467827137e-05
8.598345375874969 2.2393352587996316e-05
8.639568447624761 1.9712061105394027e-05
8.680989155264971 1.871470428865503e-05
8.722608446321914 1.8204857831369802e-05
8.764427272864628 1.858938776365118e-05
8.806446591526663 1.822241997275142e-05
8.84866736352796 1.6265190635875695e-05
8.891090554696834 1.8708023713831294e-05
8.933717135492076 2.0667881092473294e-05
8.97654808102516 1.4571479810958487e-05
9.019584371082525 1.9237870705788e-05
9.06282699014801 1.6300806445873523e-05
9.106276927425366 1.793367928861723e-05
9.14993517686089 1.5242812048973961e-05
9.193802737166154 1.47492513655559e-05
9.237880611840858 1.8339904107506927e-05
9.282169809195782 1.5941090958175838e-05
9.326671342375855 1.5073940821900202e-05
9.37138622938333 1.5141883550817421e-05
9.416315493101063 1.594589448949486e-05
9.461460161315939 1.4231009083519481e-05
9.506821266742346 1.6219577454980383e-05
9.552399847045825 1.5138871344709647e-05
9.5981969448668 1.4388328419066614e-05
9.644213607844426 1.4827960387508261e-05
9.690450888640562 1.38390620028332e-05
9.736909844963844 1.308631661891909e-05
9.783591539593884 1.4243822480742461e-05
9.830497040405579 1.345276260482254e-05
9.877627420393544 1.3703252051378517e-05
9.924983757696651 1.2715054699697492e-05
9.972567135622711 1.3428786732751283e-05
10.020378642673224 1.2525719603043075e-05
10.068419372568302 1.2006957359784242e-05
10.116690424271683 1.2394996174303238e-05
10.165192902015866 1.2711947988001762e-05
10.213927915327382 1.1499891803246547e-05
10.262896579052162 1.0671816074320096e-05
10.31210001338105 1.1341432258735548e-05
10.361539343875423 1.0492046269223537e-05
10.411215701492937 1.0934603747607526e-05
10.461130222613402 1.0780794588236911e-05
10.511284049064788 1.0880818367032595e-05
10.56167832814932 9.911110228409375e-06
10.612314212669743 8.904595149575125e-06
10.663192860955688 1.0427455471545124e-05
10.714315436890168 9.441038550853194e-06
10.765683109936202 9.659187012652114e-06
10.817297055163571 8.704111533913251e-06
10.869158453275698 8.94361435668386e-06
10.921268490636654 8.67634023694723e-06
10.973628359298297 8.583673718619856e-06
11.026239257027544 8.299458089578514e-06
11.079102387333766 7.884731085803676e-06
11.132218959496333 7.806482210153053e-06
11.18559018859226 7.999114674700023e-06
11.239217295524002 7.957919431335942e-06
11.293101507047401 7.591179744052199e-06
11.347244055799733 8.251733949029485e-06
11.401646180327912 8.029626295788896e-06
11.456309125116817 6.642700284637607e-06
11.511234140617772 7.833617284934418e-06
11.566422483277135 7.134003862043624e-06
11.621875415565054 6.786621314788227e-06
11.677594206004335 6.52007754967496e-06
11.73358012919948 6.5026133775755775e-06
11.789834465865818 6.709780694460318e-06
11.846358502858818 6.882178422229305e-06
11.903153533203527 6.137931192806567e-06
11.960220856124144 5.713301845624996e-06
12.01756177707374 6.199559840817243e-06
12.075177607764124 5.705982938523997e-06
12.133069666195853 5.804705102614378e-06
12.191239276688373 5.828661579851992e-06
12.249687769910324 5.317389006587016e-06
12.308416482909958 5.456963848160905e-06
12.367426759145774 5.40039775764051e-06
12.426719948517185 4.726644348177535e-06
12.48629740739545 5.271240499931819e-06
12.54616049865467 5.0723219622547735e-06
12.606310591702988 4.988128643508171e-06
12.666749062513896 4.789187103201847e-06
12.727477293657726 4.173987273233466e-06
12.788496674333269 4.498785849330074e-06
12.849808600399552 4.4181570636520384e-06
12.911414474407778 4.588476138593945e-06
12.973315705633395 4.5156535902958206e-06
13.035513710108367 4.2650681339713464e-06
13.098009910653523 4.056877120431768e-06
13.160805736911131 4.2565388593373235e-06
13.223902625377601 3.887145107966967e-06
13.287302019436336 3.936149328037709e-06
13.35100536939076 3.6368584552321747e-06
13.415014132497493 3.6091712794258664e-06
13.479329772999682 3.7972284461570534e-06
13.543953762160495 3.747438799632234e-06
13.608887578296788 3.5459979239831124e-06
13.674132706812903 3.7138947007751092e-06
13.739690640234688 3.6424612917879797e-06
13.805562878243586 3.6135156436948613e-06
13.871750927710973 3.6529890020646707e-06
13.93825630273263 3.584581275356999e-06
14.00508052466336 2.962220890638932e-06
14.07222512215181 3.491781208210576e-06
14.139691631175433 3.0535018516638296e-06
14.207481595075617 2.94521475887803e-06
14.275596564592998 3.347263369644146e-06
14.344038097902937 2.935847662717436e-06
14.412807760651145 3.007480755603906e-06
14.48190712598954 2.7548945200868337e-06
14.55133777461218 2.950024967894978e-06
14.621101294791464 2.7832366100036443e-06
14.691199282414441 2.5823811456308762e-06
14.761633341019332 3.016281872685319e-06
14.832405081832201 2.640613617984196e-06
14.903516123803822 2.522761070472843e-06
14.97496809364671 2.4913586658791476e-06
15.046762625872327 2.4635156427149775e-06
15.118901362828483 2.493569543949921e-06
15.19138595473689 2.4092822588113582e-06
15.264218059730949 2.432507880477721e-06
15.337399343893628 2.340894022518162e-06
15.41093148129561 2.248438476727864e-06
15.484816154033581 2.278226653125258e-06
15.55905505226871 2.212879486984929e-06
15.633649874265304 2.2637527092631525e-06
15.70860232642967 2.133566882636894e-06
15.78391412334914 2.120956718901409e-06
15.859586987831298 2.0179580255098834e-06
15.935622650943388 2.2067987374171677e-06
16.01202285205191 1.9811529116031312e-06
16.088789338862437 1.98598596428569e-06
16.16592386745954 1.9039719197798713e-06
16.243428202347012 1.9511682723528724e-06
16.321304116488204 1.7812917683608189e-06
16.39955339134659 1.7374929934760113e-06
16.47817781692652 1.6503352728735308e-06
16.55717919181417 1.7717048504814736e-06
16.63655932321868 1.6456465140767799e-06
16.7163200270135 1.6831958296482295e-06
16.796463127777923 1.7914824017884603e-06
16.876990458838833 1.565230031172392e-06
16.957903862312623 1.6961962877345537e-06
17.03920518914739 1.598693209417758e-06
17.12089629916519 1.534118903161692e-06
17.202979061104653 1.3220624620811079e-06
17.285455352663703 1.4731484058274575e-06
17.36832706054252 1.2477902297622896e-06
17.45159608048669 1.3742006584791426e-06
17.535264317330583 1.3805205667503723e-06
17.619333685040917 1.4522100499022756e-06
17.70380610676055 1.3270357478398399e-06
17.78868351485247 1.3821408784779975e-06
17.87396785094398 1.3193343642503856e-06
17.959661065971176 1.2662952905231624e-06
18.04576512022349 1.3171548963214043e-06
18.13228198338859 1.1740903003268858e-06
18.21921363459743 1.1586178859492717e-06
18.306562062469503 1.2406672401792218e-06
18.39432926515836 1.1985371271136061e-06
18.482517250397294 1.1231096780645764e-06
18.571128035545286 1.1569997878683058e-06
18.660163647633148 1.0089936826812391e-06
18.749626123409886 1.0539390095619898e-06
18.839517509389292 1.0973150681976603e-06
18.92983986189679 1.0094613917166928e-06
19.020595247116432 1.0618524835611725e-06
19.111785741138178 1.0076526025139247e-06
19.203413430005398 7.943242990972736e-07
19.295480409762593 9.690416781627677e-07
19.38798878650332 9.285587983950928e-07
19.480940676418403 9.486786132681118e-07
19.574338205844317 9.099196348347828e-07
19.668183511311835 9.343836828721457e-07
19.76247873959491 8.813250559395647e-07
19.857226047759777 8.560814882476285e-07
19.952427603214318 8.763254695137551e-07
20.048085583757594 8.432861395106324e-07
20.144202177629715 7.741800653999458e-07
20.24077958356187 7.948825709247915e-07
20.337820010826633 7.473564117709514e-07
20.435325679288496 8.22484606437472e-07
20.53329881945466 7.740532363232309e-07
20.631741672526047 7.896555802144076e-07
20.730656490448578 7.61590865470914e-07
20.830045535964686 7.672076668569198e-07
20.92991108266506 6.904044453468649e-07
21.030255415040717 7.11727594256315e-07
21.131080828535165 6.891707177446259e-07
21.232389629596987 6.426881880781063e-07
21.334184135732578 6.691918807031526e-07
21.436466675559153 6.492240765666021e-07
21.539239588858027 6.197857497226572e-07
21.642505226628145 6.46266827005364e-07
21.746265951139836 5.974710408243558e-07
21.85052413598888 5.880530222015472e-07
21.955282166150788 5.898324485776122e-07
22.060542438035363 6.020095271688735e-07
22.166307359541545 5.620630814830464e-07
22.272579350112444 5.826519718185494e-07
22.379360840790724 5.591723369939134e-07
22.4866542742742 5.315892567769871e-07
22.594462104971726 4.942056927619801e-07
22.70278679905933 5.38521702780952e-07
22.811630834536633 5.296551804856789e-07
22.920996701283542 5.129234385131508e-07
23.030886901117206 5.160025842970199e-07
23.141303947849234 4.828133852186183e-07
23.2522503673432 4.844140170708148e-07
23.363728697572473 4.765833401731068e-07
23.47574148867819 4.2833646511284985e-07
23.58829130302766 4.535427879097057e-07
23.70138071527295 4.522986785790958e-07
23.815012312409788 4.208401618655968e-07
23.92918869383675 4.246327885009406e-07
24.043912471414707 3.9430094386244287e-07
24.15918626952659 4.158022586045425e-07
24.275012725137408 4.0665907714720417e-07
24.39139448785459 4.100521302179678e-07
24.508334219988576 3.8719039798011344e-07
24.625834596613718 3.9421347487854923e-07
24.743898305629525 3.7011906634970267e-07
24.86252804782207 3.844868959809528e-07
24.98172653692583 3.6619843122836533e-07
25.10149649968574 3.749374330654712e-07
25.221840675919577 3.2501422023520986e-07
25.342761818580637 3.48514215672769e-07
25.46426269382071 3.338700792233409e-07
25.58634608105335 2.7550180693002284e-07
25.709014773017465 3.323709994457685e-07
25.832271575841194 3.344225383443529e-07
25.9561193091061 2.9160528279247507e-07
26.080560805911706 3.0668453652526703e-07
26.205598912940236 3.1200479300229457e-07
26.33123649052178 3.132184330683536e-07
26.45747641269972 2.951339344591369e-07
26.584321567296474 2.7814175153701415e-07
26.711774855979552 2.802847471202625e-07
26.83983919432794 2.900822776806423e-07
26.968517511898785 2.839162979433009e-07
27.09781275229443 2.7293179313595026e-07
27.22772787322973 2.56924286254353e-07
27.358265846599707 2.685879529043024e-07
27.489429658547593 2.541104051213567e-07
27.621222309533056 2.65254301162876e-07
27.753646814400888 2.5673609835765854e-07
27.886706202449954 2.312259641844774e-07
28.020403517502498 2.4087074008007833e-07
28.15474181797378 2.3737101311229884e-07
28.289724176942013 2.1925739990632394e-07
28.425353682218685 2.0877435848128654e-07
28.561633436419193 2.1899151261592674e-07
28.698566557033804 2.0900774889126204e-07
28.836156176498964 2.171401432000554e-07
28.974405442269013 1.9700496830666124e-07
29.113317516888102 2.0137631251726334e-07
29.252895578062578 1.942339259712408e-07
29.393142818733686 1.929100134176352e-07
29.534062447150593 1.7082550014072855e-07
29.67565768694379 1.883649758028082e-07
29.81793177719882 1.862824868124803e-07
29.960887972530386 1.8262164638709852e-07
30.104529543156804 1.7777842651261492e-07
30.248859774974807 1.8264862783366638e-07
30.39388196963469 1.6101681245460933e-07
30.539599444615913 1.6846672795948458e-07
30.686015533302882 1.5718576557487e-07
30.833133585061283 1.5206288333706628e-07
30.980956965314668 1.5998819040434186e-07
31.129489055621452 1.47447124722839e-07
31.278733253752264 1.585640149021501e-07
31.428692973767678 1.4731698685723503e-07
31.579371646096302 1.46250074149933e-07
31.730772717613263 1.3843139953261765e-07
31.88289965171905 1.4308720522983643e-07
32.03575592841872 1.418196454778319e-07
32.18934504440159 1.3943877764985198e-07
32.343670513121104 1.3503627803623765e-07
32.498735864875286 1.3347687391621676e-07
32.65454464688749 1.309969020269054e-07
32.8111004233875 1.2295088839683133e-07
32.96840677569314 1.1361205795669753e-07
33.12646730229212 1.1225247016873853e-07
33.28528561892441 1.1971175833516432e-07
33.444865358664934 1.2046191640302608e-07
33.605210172006664 1.1391839315148742e-07
33.76632372694413 1.1623672692825281e-07
33.928209709057384 1.1568990869998096e-07
34.09087182159624 1.0633327808510723e-07
34.25431378556498 1.1021057352746264e-07
34.418539339807566 1.0908133844687657e-07
34.583552241093074 1.0218973089528077e-07
34.749356264201666 1.002001198525367e-07
34.91595520201097 9.883449807865033e-08
35.08335286558279 9.715064406033844e-08
35.251553084250325 8.652197496571167e-08
35.42055970570576 8.557293250064135e-08
35.59037659608828 9.300701673227974e-08
35.76100764007253 9.188869275672233e-08
35.93245674095742 8.149926895264718e-08
36.1047278207555 8.940502568392427e-08
36.2778248202826 8.551742892451452e-08
36.45175169924805 8.674600911966455e-08
36.62651243634519 7.979114023579896e-08
36.80211102934244 8.257621537650545e-08
36.97855149517474 8.124879100759182e-08
37.15583787003543 8.071439039182908e-08
37.33397420946855 7.240077341405558e-08
37.51296458846169 7.005275846574698e-08
37.69281310153913 7.388119567968967e-08
37.8735238628556 7.437618446340897e-08
38.05510100629025 6.891456659601626e-08
38.237548685541356 7.217593757216624e-08
38.42087107422127 6.627448038102186e-08
38.605072365951884 6.783287039207161e-08
38.790156774460606 6.753530594856296e-08
38.97612853367673 6.252949474531531e-08
39.16299189782827 6.48747809436751e-08
39.35075114153932 6.141321871565434e-08
39.5394105599278 6.167320005950159e-08
39.728974468703726 5.7810622189537644e-08
39.91944720426796 6.033375000670199e-08
40.11083312381136 5.850074410362571e-08
40.30313660541448 5.747912611667472e-08
40.49636204814771 5.5698638223379e-08
40.69051387217193 4.4744416939828074e-08
40.885596518839606 5.137396980994617e-08
41.08161445079639 5.0274671548210605e-08
41.2785721520832 5.1808045439398574e-08
41.476474128238834 4.857347246280514e-08
41.67532490640297 5.0018990153220064e-08
41.875129035419775 4.837880003231366e-08
42.075891085942 4.620958519850244e-08
42.27761565053542 4.7477558819269856e-08
42.48030734378399 4.375453286186724e-08
42.683970802395386 4.4333834389067636e-08
42.88861068530706 4.5423073030571976e-08
43.09423167379281 4.199953708217255e-08
43.3008384715699 4.217668521810704e-08
43.508435804906604 4.280826672265307e-08
43.7170284227304 3.272913457161768e-08
43.92662109673653 3.50264207816346e-08
44.13721862149719 4.041977225224388e-08
44.34882581457125 4.081442599721695e-08
44.561447516614365 4.080558622835724e-08
44.775088591489784 3.9155084830925606e-08
44.98975392637957 3.60534875807552e-08
45.20544843189644 3.7469468357774666e-08
45.42217704219607 3.488402126869092e-08
45.63994471508995 3.486395343648958e-08
45.85875643215886 3.53640285090168e-08
46.07861719886675 2.6137492678642505e-08
46.2995320446753 3.428810984783046e-08
46.52150602315893 2.8873808355044053e-08
46.74454421212047 3.1212203602591875e-08
46.96865171370725 3.223513538566439e-08
47.19383365452783 3.100896638003782e-08
47.42009518576928 2.9526522957865134e-08
47.64744148331505 3.020746821324093e-08
47.875877747863306 2.9754376313913104e-08
48.10540920504598 2.74245502382449e-08
48.33604110554822 2.778306828319301e-08
48.56777872522858 2.708346468939691e-08
48.80062736523967 2.6667215088719593e-08
49.034592352149396 2.7074420878048938e-08
49.26967903806294 2.4723270585741126e-08
49.505892800744995 2.572277159420751e-08
49.74323904374293 2.5133296899655543e-08
49.98172319651036 2.4730937980663398e-08
50.221350714531326 2.4630677922451163e-08
50.46212707944513 2.4361264079607733e-08
50.70405779917171 2.410053880589986e-08
50.94714840803762 2.339270722322303e-08
51.191404466902675 2.315553946387819e-08
51.436831563287136 1.945356437127606e-08
51.683435311499494 1.9634464086760825e-08
51.931221352765 1.865435852931921e-08
52.180195355354606 2.1114085101157516e-08
52.43036301471465 1.9938466489269996e-08
52.68173005359721 2.0450050236626605e-08
52.93430222219094 2.067874571450102e-08
53.18808529825265 1.9161072097205758e-08
53.443085087239474 1.9693395489564255e-08
53.69930742244165 1.86035293726858e-08
53.95675816511598 1.904364400415798e-08
54.21544320461992 1.9029430772210443e-08
54.47536845854628 1.8560895566450805e-08
54.736539872858565 1.772541666418961e-08
54.998963422027124 1.6151385657324163e-08
55.262645109165646 1.7183678393903332e-08
55.52759096616858 1.6837832730899672e-08
55.79380705384912 1.5205364254668658e-08
56.06129946207781 1.6263139307652894e-08
56.33007430992191 1.5384504948514167e-08
56.60013774578532 1.5890225716931533e-08
56.87149594754925 1.456170675489718e-08
57.14415512271354 1.4421525241804455e-08
57.4181215085387 1.3102300440075222e-08
57.69340137218847 1.2573133940122279e-08
57.970001010873396 1.3636045237120967e-08
58.247926751994676 1.3631263190618587e-08
58.52718495328899 1.3690299723448196e-08
58.80778200297394 1.3139322557552978e-08
59.08972431989419 1.1750358174799363e-08
59.37301835366828 1.2680356604839845e-08
59.657670584836175 1.1711581199422878e-08
59.94368752500752 1.2352002727742499e-08
60.23107571701057 1.1943125154525144e-08
60.519841735041894 1.1407868502297534e-08
60.80999218481672 1.0666755171601618e-08
61.101533703720165 1.1168403589574354e-08
61.394472960958886 1.1567611120162739e-08
61.688816657713765 1.1435211007663291e-08
61.984571527293184 1.1958572716814753e-08
62.28174433528704 1.0803997135473862e-08
62.5803418797215 1.0442731880465721e-08
62.88037099121457 1.0090973732802197e-08
63.18183853313226 1.0163916051252402e-08
63.48475140174566 9.72073683060929e-09
63.789116526388675 9.689673471921656e-09
64.0949408696165 9.474558128589223e-09
64.402231427365 9.091914673446343e-09
64.71099522911061 8.251464437178683e-09
65.02123933803122 8.991382103654861e-09
65.33297085116776 8.914362809955641e-09
65.64619689958649 8.616975811243885e-09
65.96092464854217 8.775440567004545e-09
66.27716129764197 7.278887338066354e-09
66.59491408101016 8.106298161510711e-09
66.91419026745358 7.959945050337317e-09
67.23499716062791 7.51736899267958e-09
67.55734209920482 6.869593629550021e-09
67.88123245703977 8.11383560909134e-09
68.20667564334073 7.51701045647245e-09
68.53367910283762 7.0353873624806144e-09
68.86225031595268 7.099206126497109e-09
69.19239679897156 7.17664275722589e-09
69.52412610421521 6.981855471054478e-09
69.85744582021279 6.876709846641942e-09
70.19236357187506 6.510037975044371e-09
70.528887020669 6.344705155123232e-09
70.86702386479294 6.440795885833579e-09
71.20678183935267 6.5803634976275626e-09
71.54816871653853 6.007552811663806e-09
71.89119230580299 5.8959142032065485e-09
72.23586045403943 6.17339271086359e-09
72.58218104576163 5.9715945927324055e-09
72.9301620032841 5.3701456502878295e-09
73.27981128690331 5.570262872455625e-09
73.63113689507985 5.421322764737158e-09
73.98414686462132 5.338261531304436e-09
74.3388492708662 5.193288955221035e-09
74.69525222786862 5.218500250333446e-09
75.05336388858387 4.653421889051413e-09
75.41319244505516 5.043805550642317e-09
75.77474612860055 4.701096894822829e-09
76.13803321000184 4.444057255493069e-09
76.50306199969316 5.076843773849975e-09
76.86984084795169 5.02857731483101e-09
77.23837814508805 4.793424339332994e-09
77.60868232163878 4.214265506793175e-09
77.98076184855898 4.824026416409078e-09
78.35462523741583 4.3336883974145685e-09
78.73028104058386 3.815726423009345e-09
79.10773785143994 4.061532432518576e-09
79.48700430456054 4.278778675217462e-09
79.86808907591856 4.231079894593658e-09
80.25100088308247 4.008673891495011e-09
80.63574848541508 3.4230021805829812e-09
81.02234068427455 3.907722128942216e-09
81.41078632321515 3.5230016907555735e-09
81.80109428818997 3.5317820684870373e-09
82.19327350775416 3.595124693877492e-09
82.58733295326873 3.5738056067306854e-09
82.9832816391065 3.3567196144025415e-09
83.38112862285755 3.2794996353118105e-09
83.78088300553716 3.4686149683830287e-09
84.1825539317933 3.3399990525353985e-09
84.58615059011645 3.1844256256137467e-09
84.99168221304917 2.943592099499113e-09
85.399158077398 3.011829382012834e-09
85.80858750444493 2.9675516506452797e-09
86.21997986016123 2.904830493960156e-09
86.63334455542154 3.0032229587134445e-09
87.04869104621876 3.0494547348045403e-09
87.46602883388108 2.8574406749134833e-09
87.88536746528854 3.046870386419667e-09
88.3067165330922 2.736076331727025e-09
88.73008567593281 2.974365197030199e-09
89.1554845786621 2.7149002708103954e-09
89.58292297256347 2.406238385097547e-09
90.01241063557545 2.3618689623623072e-09
90.4439573925146 2.550628568572116e-09
90.87757311530092 2.3957363133099745e-09
91.31326772318333 2.4997006084540755e-09
91.7510511829664 2.426597037640553e-09
92.19093350923895 2.358149905887667e-09
92.63292476460238 2.274139010328648e-09
93.07703505990162 2.270428377587943e-09
93.52327455445568 2.3354440875474874e-09
93.97165345629085 2.161764896564512e-09
94.42218202237332 2.157900402988702e-09
94.87487055884475 1.4941154676701839e-09
95.3297294212571 2.0721546865456984e-09
95.78676901481035 2.0152802271060413e-09
96.2459997945901 1.973897401329947e-09
96.70743226580653 1.8858886104328783e-09
97.1710769840354 1.8757850567347563e-09
97.63694455545861 1.88706302037926e-09
98.10504563710784 1.883524427790439e-09
98.57539093710726 1.7921117556773836e-09
99.04799121491956 1.5432604136375897e-09
99.52285728159107 1.5347900084938769e-09
100.0 1.5952339920727507e-09
