       real :: wvtapwater(2844) = (/0.4,0.401,0.402,0.403,0.404,0.405,0.406,0.407, &
      &          0.4080,0.4090,0.4100,0.4110,0.4120,0.4130,0.4140,0.4150, &
      &          0.4160,0.4170,0.4180,0.4190,0.4200,0.4210,0.4220,0.4230, &
      &          0.4240,0.4250,0.4260,0.4270,0.4280,0.4290,0.4300,0.4310, &
      &          0.4320,0.4330,0.4340,0.4350,0.4360,0.4370,0.4380,0.4390, &
      &          0.4400,0.4410,0.4420,0.4430,0.4440,0.4450,0.4460,0.4470, &
      &          0.4480,0.4490,0.4500,0.4510,0.4520,0.4530,0.4540,0.4550, &
      &          0.4560,0.4570,0.4580,0.4590,0.4600,0.4610,0.4620,0.4630, &
      &          0.4640,0.4650,0.4660,0.4670,0.4680,0.4690,0.4700,0.4710, &
      &          0.4720,0.4730,0.4740,0.4750,0.4760,0.4770,0.4780,0.4790, &
      &          0.4800,0.4810,0.4820,0.4830,0.4840,0.4850,0.4860,0.4870, &
      &          0.4880,0.4890,0.4900,0.4910,0.4920,0.4930,0.4940,0.4950, &
      &          0.4960,0.4970,0.4980,0.4990,0.5000,0.5010,0.5020,0.5030, &
      &          0.5040,0.5050,0.5060,0.5070,0.5080,0.5090,0.5100,0.5110, &
      &          0.5120,0.5130,0.5140,0.5150,0.5160,0.5170,0.5180,0.5190, &
      &          0.5200,0.5210,0.5220,0.5230,0.5240,0.5250,0.5260,0.5270, &
      &          0.5280,0.5290,0.5300,0.5310,0.5320,0.5330,0.5340,0.5350, &
      &          0.5360,0.5370,0.5380,0.5390,0.5400,0.5410,0.5420,0.5430, &
      &          0.5440,0.5450,0.5460,0.5470,0.5480,0.5490,0.5500,0.5510, &
      &          0.5520,0.5530,0.5540,0.5550,0.5560,0.5570,0.5580,0.5590, &
      &          0.5600,0.5610,0.5620,0.5630,0.5640,0.5650,0.5660,0.5670, &
      &          0.5680,0.5690,0.5700,0.5710,0.5720,0.5730,0.5740,0.5750, &
      &          0.5760,0.5770,0.5780,0.5790,0.5800,0.5810,0.5820,0.5830, &
      &          0.5840,0.5850,0.5860,0.5870,0.5880,0.5890,0.5900,0.5910, &
      &          0.5920,0.5930,0.5940,0.5950,0.5960,0.5970,0.5980,0.5990, &
      &          0.6000,0.6010,0.6020,0.6030,0.6040,0.6050,0.6060,0.6070, &
      &          0.6080,0.6090,0.6100,0.6110,0.6120,0.6130,0.6140,0.6150, &
      &          0.6160,0.6170,0.6180,0.6190,0.6200,0.6210,0.6220,0.6230, &
      &          0.6240,0.6250,0.6260,0.6270,0.6280,0.6290,0.6300,0.6310, &
      &          0.6320,0.6330,0.6340,0.6350,0.6360,0.6370,0.6380,0.6390, &
      &          0.6400,0.6410,0.6420,0.6430,0.6440,0.6450,0.6460,0.6470, &
      &          0.6480,0.6490,0.6500,0.6510,0.6520,0.6530,0.6540,0.6550, &
      &          0.6560,0.6570,0.6580,0.6590,0.6600,0.6610,0.6620,0.6630, &
      &          0.6640,0.6650,0.6660,0.6670,0.6680,0.6690,0.6700,0.6710, &
      &          0.6720,0.6730,0.6740,0.6750,0.6760,0.6770,0.6780,0.6790, &
      &          0.6800,0.6810,0.6820,0.6830,0.6840,0.6850,0.6860,0.6870, &
      &          0.6880,0.6890,0.6900,0.6910,0.6920,0.6930,0.6940,0.6950, &
      &          0.6960,0.6970,0.6980,0.6990,0.7000,0.7010,0.7020,0.7030, &
      &          0.7040,0.7050,0.7060,0.7070,0.7080,0.7090,0.7100,0.7110, &
      &          0.7120,0.7130,0.7140,0.7150,0.7160,0.7170,0.7180,0.7190, &
      &          0.7200,0.7210,0.7220,0.7230,0.7240,0.7250,0.7260,0.7270, &
      &          0.7280,0.7290,0.7300,0.7310,0.7320,0.7330,0.7340,0.7350, &
      &          0.7360,0.7370,0.7380,0.7390,0.7400,0.7410,0.7420,0.7430, &
      &          0.7440,0.7450,0.7460,0.7470,0.7480,0.7490,0.7500,0.7510, &
      &          0.7520,0.7530,0.7540,0.7550,0.7560,0.7570,0.7580,0.7590, &
      &          0.7600,0.7610,0.7620,0.7630,0.7640,0.7650,0.7660,0.7670, &
      &          0.7680,0.7690,0.7700,0.7710,0.7720,0.7730,0.7740,0.7750, &
      &          0.7760,0.7770,0.7780,0.7790,0.7800,0.7810,0.7820,0.7830, &
      &          0.7840,0.7850,0.7860,0.7870,0.7880,0.7890,0.7900,0.7910, &
      &          0.7920,0.7930,0.7940,0.7950,0.7960,0.7970,0.7980,0.7990, &
      &          0.8000,0.8040,0.8080,0.8120,0.8160,0.8200,0.8240,0.8280, &
      &          0.8320,0.8360,0.8400,0.8440,0.8480,0.8520,0.8560,0.8600, &
      &          0.8640,0.8680,0.8720,0.8760,0.8800,0.8840,0.8880,0.8920, &
      &          0.8960,0.9000,0.9040,0.9080,0.9120,0.9160,0.9200,0.9240, &
      &          0.9280,0.9320,0.9360,0.9400,0.9440,0.9480,0.9520,0.9560, &
      &          0.9600,0.9640,0.9680,0.9720,0.9760,0.9800,0.9840,0.9880, &
      &          0.9920,0.9960,1.0000,1.0040,1.0080,1.0120,1.0160,1.0200, &
      &          1.0240,1.0280,1.0320,1.0360,1.0400,1.0440,1.0480,1.0520, &
      &          1.0560,1.0600,1.0640,1.0680,1.0720,1.0760,1.0800,1.0840, &
      &          1.0880,1.0920,1.0960,1.1000,1.1040,1.1080,1.1120,1.1160, &
      &          1.1200,1.1240,1.1280,1.1320,1.1360,1.1400,1.1440,1.1480, &
      &          1.1520,1.1560,1.1600,1.1640,1.1680,1.1720,1.1760,1.1800, &
      &          1.1840,1.1880,1.1920,1.1960,1.2000,1.2040,1.2080,1.2120, &
      &          1.2160,1.2200,1.2240,1.2280,1.2320,1.2360,1.2400,1.2440, &
      &          1.2480,1.2520,1.2560,1.2600,1.2640,1.2680,1.2720,1.2760, &
      &          1.2800,1.2840,1.2880,1.2920,1.2960,1.3000,1.3040,1.3080, &
      &          1.3120,1.3160,1.3200,1.3240,1.3280,1.3320,1.3360,1.3400, &
      &          1.3440,1.3480,1.3520,1.3560,1.3600,1.3640,1.3680,1.3720, &
      &          1.3760,1.3800,1.3840,1.3880,1.3920,1.3960,1.4000,1.4040, &
      &          1.4080,1.4120,1.4160,1.4200,1.4240,1.4280,1.4320,1.4360, &
      &          1.4400,1.4440,1.4480,1.4520,1.4560,1.4600,1.4640,1.4680, &
      &          1.4720,1.4760,1.4800,1.4840,1.4880,1.4920,1.4960,1.5000, &
      &          1.5040,1.5080,1.5120,1.5160,1.5200,1.5240,1.5280,1.5320, &
      &          1.5360,1.5400,1.5440,1.5480,1.5520,1.5560,1.5600,1.5640, &
      &          1.5680,1.5720,1.5760,1.5800,1.5840,1.5880,1.5920,1.5960, &
      &          1.6000,1.6040,1.6080,1.6120,1.6160,1.6200,1.6240,1.6280, &
      &          1.6320,1.6360,1.6400,1.6440,1.6480,1.6520,1.6560,1.6600, &
      &          1.6640,1.6680,1.6720,1.6760,1.6800,1.6840,1.6880,1.6920, &
      &          1.6960,1.7000,1.7040,1.7080,1.7120,1.7160,1.7200,1.7240, &
      &          1.7280,1.7320,1.7360,1.7400,1.7440,1.7480,1.7520,1.7560, &
      &          1.7600,1.7640,1.7680,1.7720,1.7760,1.7800,1.7840,1.7880, &
      &          1.7920,1.7960,1.8000,1.8040,1.8080,1.8120,1.8160,1.8200, &
      &          1.8240,1.8280,1.8320,1.8360,1.8400,1.8440,1.8480,1.8520, &
      &          1.8560,1.8600,1.8640,1.8680,1.8720,1.8760,1.8800,1.8840, &
      &          1.8880,1.8920,1.8960,1.9000,1.9040,1.9080,1.9120,1.9160, &
      &          1.9200,1.9240,1.9280,1.9320,1.9360,1.9400,1.9440,1.9480, &
      &          1.9520,1.9560,1.9600,1.9640,1.9680,1.9720,1.9760,1.9800, &
      &          1.9840,1.9880,1.9920,1.9960,2.0000,2.0040,2.0080,2.0120, &
      &          2.0160,2.0200,2.0240,2.0280,2.0320,2.0360,2.0400,2.0440, &
      &          2.0480,2.0520,2.0560,2.0600,2.0640,2.0680,2.0720,2.0760, &
      &          2.0795,2.0803,2.0812,2.0820,2.0828,2.0837,2.0845,2.0853, &
      &          2.0862,2.0870,2.0879,2.0887,2.0895,2.0904,2.0912,2.0921, &
      &          2.0929,2.0938,2.0946,2.0955,2.0963,2.0971,2.0980,2.0988, &
      &          2.0997,2.1005,2.1014,2.1023,2.1031,2.1040,2.1048,2.1057, &
      &          2.1065,2.1074,2.1082,2.1091,2.1100,2.1108,2.1117,2.1125, &
      &          2.1134,2.1143,2.1151,2.1160,2.1168,2.1177,2.1186,2.1194, &
      &          2.1203,2.1212,2.1220,2.1229,2.1238,2.1247,2.1255,2.1264, &
      &          2.1273,2.1281,2.1290,2.1299,2.1308,2.1316,2.1325,2.1334, &
      &          2.1343,2.1352,2.1360,2.1369,2.1378,2.1387,2.1396,2.1404, &
      &          2.1413,2.1422,2.1431,2.1440,2.1449,2.1458,2.1466,2.1475, &
      &          2.1484,2.1493,2.1502,2.1511,2.1520,2.1529,2.1538,2.1547, &
      &          2.1556,2.1565,2.1574,2.1583,2.1592,2.1601,2.1610,2.1619, &
      &          2.1628,2.1637,2.1646,2.1655,2.1664,2.1673,2.1682,2.1691, &
      &          2.1700,2.1709,2.1718,2.1727,2.1736,2.1746,2.1755,2.1764, &
      &          2.1773,2.1782,2.1791,2.1800,2.1810,2.1819,2.1828,2.1837, &
      &          2.1846,2.1856,2.1865,2.1874,2.1883,2.1893,2.1902,2.1911, &
      &          2.1920,2.1930,2.1939,2.1948,2.1957,2.1967,2.1976,2.1985, &
      &          2.1995,2.2004,2.2013,2.2023,2.2032,2.2041,2.2051,2.2060, &
      &          2.2070,2.2079,2.2088,2.2098,2.2107,2.2117,2.2126,2.2136, &
      &          2.2145,2.2155,2.2164,2.2173,2.2183,2.2192,2.2202,2.2211, &
      &          2.2221,2.2231,2.2240,2.2250,2.2259,2.2269,2.2278,2.2288, &
      &          2.2297,2.2307,2.2317,2.2326,2.2336,2.2345,2.2355,2.2365, &
      &          2.2374,2.2384,2.2394,2.2403,2.2413,2.2423,2.2433,2.2442, &
      &          2.2452,2.2462,2.2471,2.2481,2.2491,2.2501,2.2510,2.2520, &
      &          2.2530,2.2540,2.2550,2.2559,2.2569,2.2579,2.2589,2.2599, &
      &          2.2609,2.2618,2.2628,2.2638,2.2648,2.2658,2.2668,2.2678, &
      &          2.2688,2.2698,2.2708,2.2718,2.2728,2.2738,2.2747,2.2757, &
      &          2.2767,2.2777,2.2787,2.2798,2.2808,2.2818,2.2828,2.2838, &
      &          2.2848,2.2858,2.2868,2.2878,2.2888,2.2898,2.2908,2.2918, &
      &          2.2929,2.2939,2.2949,2.2959,2.2969,2.2979,2.2990,2.3000, &
      &          2.3010,2.3020,2.3030,2.3041,2.3051,2.3061,2.3071,2.3082, &
      &          2.3092,2.3102,2.3113,2.3123,2.3133,2.3144,2.3154,2.3164, &
      &          2.3175,2.3185,2.3195,2.3206,2.3216,2.3226,2.3237,2.3247, &
      &          2.3258,2.3268,2.3279,2.3289,2.3300,2.3310,2.3321,2.3331, &
      &          2.3342,2.3352,2.3363,2.3373,2.3384,2.3394,2.3405,2.3415, &
      &          2.3426,2.3436,2.3447,2.3458,2.3468,2.3479,2.3490,2.3500, &
      &          2.3511,2.3522,2.3532,2.3543,2.3554,2.3564,2.3575,2.3586, &
      &          2.3597,2.3607,2.3618,2.3629,2.3640,2.3650,2.3661,2.3672, &
      &          2.3683,2.3694,2.3704,2.3715,2.3726,2.3737,2.3748,2.3759, &
      &          2.3770,2.3781,2.3791,2.3802,2.3813,2.3824,2.3835,2.3846, &
      &          2.3857,2.3868,2.3879,2.3890,2.3901,2.3912,2.3923,2.3934, &
      &          2.3945,2.3956,2.3967,2.3979,2.3990,2.4001,2.4012,2.4023, &
      &          2.4034,2.4045,2.4056,2.4068,2.4079,2.4090,2.4101,2.4112, &
      &          2.4124,2.4135,2.4146,2.4157,2.4169,2.4180,2.4191,2.4202, &
      &          2.4214,2.4225,2.4236,2.4248,2.4259,2.4270,2.4282,2.4293, &
      &          2.4305,2.4316,2.4327,2.4339,2.4350,2.4362,2.4373,2.4385, &
      &          2.4396,2.4408,2.4419,2.4431,2.4442,2.4454,2.4465,2.4477, &
      &          2.4488,2.4500,2.4511,2.4523,2.4535,2.4546,2.4558,2.4569, &
      &          2.4581,2.4593,2.4604,2.4616,2.4628,2.4640,2.4651,2.4663, &
      &          2.4675,2.4686,2.4698,2.4710,2.4722,2.4734,2.4745,2.4757, &
      &          2.4769,2.4781,2.4793,2.4805,2.4816,2.4828,2.4840,2.4852, &
      &          2.4864,2.4876,2.4888,2.4900,2.4912,2.4924,2.4936,2.4948, &
      &          2.4960,2.4972,2.4984,2.4996,2.5008,2.5020,2.5032,2.5044, &
      &          2.5056,2.5068,2.5081,2.5093,2.5105,2.5117,2.5129,2.5141, &
      &          2.5154,2.5166,2.5178,2.5190,2.5202,2.5215,2.5227,2.5239, &
      &          2.5252,2.5264,2.5276,2.5289,2.5301,2.5313,2.5326,2.5338, &
      &          2.5350,2.5363,2.5375,2.5388,2.5400,2.5413,2.5425,2.5437, &
      &          2.5450,2.5462,2.5475,2.5487,2.5500,2.5513,2.5525,2.5538, &
      &          2.5550,2.5563,2.5575,2.5588,2.5601,2.5613,2.5626,2.5639, &
      &          2.5651,2.5664,2.5677,2.5690,2.5702,2.5715,2.5728,2.5741, &
      &          2.5753,2.5766,2.5779,2.5792,2.5805,2.5817,2.5830,2.5843, &
      &          2.5856,2.5869,2.5882,2.5895,2.5908,2.5921,2.5934,2.5947, &
      &          2.5960,2.5973,2.5986,2.5999,2.6012,2.6025,2.6038,2.6051, &
      &          2.6064,2.6077,2.6090,2.6103,2.6117,2.6130,2.6143,2.6156, &
      &          2.6169,2.6183,2.6196,2.6209,2.6222,2.6236,2.6249,2.6262, &
      &          2.6275,2.6289,2.6302,2.6315,2.6329,2.6342,2.6356,2.6369, &
      &          2.6382,2.6396,2.6409,2.6423,2.6436,2.6450,2.6463,2.6477, &
      &          2.6490,2.6504,2.6517,2.6531,2.6545,2.6558,2.6572,2.6585, &
      &          2.6599,2.6613,2.6626,2.6640,2.6654,2.6667,2.6681,2.6695, &
      &          2.6709,2.6722,2.6736,2.6750,2.6764,2.6778,2.6791,2.6805, &
      &          2.6819,2.6833,2.6847,2.6861,2.6875,2.6889,2.6903,2.6917, &
      &          2.6931,2.6945,2.6959,2.6973,2.6987,2.7001,2.7015,2.7029, &
      &          2.7043,2.7057,2.7071,2.7085,2.7100,2.7114,2.7128,2.7142, &
      &          2.7156,2.7171,2.7185,2.7199,2.7213,2.7228,2.7242,2.7256, &
      &          2.7271,2.7285,2.7299,2.7314,2.7328,2.7343,2.7357,2.7371, &
      &          2.7386,2.7400,2.7415,2.7429,2.7444,2.7458,2.7473,2.7488, &
      &          2.7502,2.7517,2.7531,2.7546,2.7561,2.7575,2.7590,2.7605, &
      &          2.7619,2.7634,2.7649,2.7664,2.7678,2.7693,2.7708,2.7723, &
      &          2.7738,2.7752,2.7767,2.7782,2.7797,2.7812,2.7827,2.7842, &
      &          2.7857,2.7872,2.7887,2.7902,2.7917,2.7932,2.7947,2.7962, &
      &          2.7977,2.7992,2.8007,2.8022,2.8038,2.8053,2.8068,2.8083, &
      &          2.8098,2.8114,2.8129,2.8144,2.8159,2.8175,2.8190,2.8205, &
      &          2.8221,2.8236,2.8252,2.8267,2.8282,2.8298,2.8313,2.8329, &
      &          2.8344,2.8360,2.8375,2.8391,2.8406,2.8422,2.8437,2.8453, &
      &          2.8469,2.8484,2.8500,2.8516,2.8531,2.8547,2.8563,2.8579, &
      &          2.8594,2.8610,2.8626,2.8642,2.8658,2.8673,2.8689,2.8705, &
      &          2.8721,2.8737,2.8753,2.8769,2.8785,2.8801,2.8817,2.8833, &
      &          2.8849,2.8865,2.8881,2.8897,2.8913,2.8929,2.8946,2.8962, &
      &          2.8978,2.8994,2.9010,2.9027,2.9043,2.9059,2.9075,2.9092, &
      &          2.9108,2.9124,2.9141,2.9157,2.9174,2.9190,2.9207,2.9223, &
      &          2.9239,2.9256,2.9272,2.9289,2.9306,2.9322,2.9339,2.9355, &
      &          2.9372,2.9389,2.9405,2.9422,2.9439,2.9455,2.9472,2.9489, &
      &          2.9506,2.9523,2.9539,2.9556,2.9573,2.9590,2.9607,2.9624, &
      &          2.9641,2.9658,2.9675,2.9692,2.9709,2.9726,2.9743,2.9760, &
      &          2.9777,2.9794,2.9811,2.9828,2.9845,2.9863,2.9880,2.9897, &
      &          2.9914,2.9932,2.9949,2.9966,2.9984,3.0001,3.0018,3.0036, &
      &          3.0053,3.0070,3.0088,3.0105,3.0123,3.0140,3.0158,3.0176, &
      &          3.0193,3.0211,3.0228,3.0246,3.0264,3.0281,3.0299,3.0317, &
      &          3.0334,3.0352,3.0370,3.0388,3.0406,3.0423,3.0441,3.0459, &
      &          3.0477,3.0495,3.0513,3.0531,3.0549,3.0567,3.0585,3.0603, &
      &          3.0621,3.0639,3.0657,3.0675,3.0694,3.0712,3.0730,3.0748, &
      &          3.0766,3.0785,3.0803,3.0821,3.0840,3.0858,3.0876,3.0895, &
      &          3.0913,3.0932,3.0950,3.0969,3.0987,3.1006,3.1024,3.1043, &
      &          3.1061,3.1080,3.1099,3.1117,3.1136,3.1155,3.1174,3.1192, &
      &          3.1211,3.1230,3.1249,3.1268,3.1286,3.1305,3.1324,3.1343, &
      &          3.1362,3.1381,3.1400,3.1419,3.1438,3.1457,3.1476,3.1495, &
      &          3.1515,3.1534,3.1553,3.1572,3.1591,3.1611,3.1630,3.1649, &
      &          3.1669,3.1688,3.1707,3.1727,3.1746,3.1766,3.1785,3.1805, &
      &          3.1824,3.1844,3.1863,3.1883,3.1902,3.1922,3.1942,3.1961, &
      &          3.1981,3.2001,3.2021,3.2040,3.2060,3.2080,3.2100,3.2120, &
      &          3.2140,3.2160,3.2180,3.2200,3.2220,3.2240,3.2260,3.2280, &
      &          3.2300,3.2320,3.2340,3.2361,3.2381,3.2401,3.2421,3.2442, &
      &          3.2462,3.2482,3.2503,3.2523,3.2543,3.2564,3.2584,3.2605, &
      &          3.2625,3.2646,3.2666,3.2687,3.2708,3.2728,3.2749,3.2770, &
      &          3.2790,3.2811,3.2832,3.2853,3.2874,3.2894,3.2915,3.2936, &
      &          3.2957,3.2978,3.2999,3.3020,3.3041,3.3062,3.3083,3.3104, &
      &          3.3126,3.3147,3.3168,3.3189,3.3210,3.3232,3.3253,3.3274, &
      &          3.3296,3.3317,3.3339,3.3360,3.3382,3.3403,3.3425,3.3446, &
      &          3.3468,3.3489,3.3511,3.3533,3.3554,3.3576,3.3598,3.3620, &
      &          3.3641,3.3663,3.3685,3.3707,3.3729,3.3751,3.3773,3.3795, &
      &          3.3817,3.3839,3.3861,3.3883,3.3906,3.3928,3.3950,3.3972, &
      &          3.3994,3.4017,3.4039,3.4061,3.4084,3.4106,3.4129,3.4151, &
      &          3.4174,3.4196,3.4219,3.4241,3.4264,3.4287,3.4309,3.4332, &
      &          3.4355,3.4378,3.4400,3.4423,3.4446,3.4469,3.4492,3.4515, &
      &          3.4538,3.4561,3.4584,3.4607,3.4630,3.4653,3.4677,3.4700, &
      &          3.4723,3.4746,3.4770,3.4793,3.4816,3.4840,3.4863,3.4887, &
      &          3.4910,3.4934,3.4957,3.4981,3.5004,3.5028,3.5052,3.5075, &
      &          3.5099,3.5123,3.5147,3.5171,3.5195,3.5218,3.5242,3.5266, &
      &          3.5290,3.5314,3.5338,3.5363,3.5387,3.5411,3.5435,3.5459, &
      &          3.5484,3.5508,3.5532,3.5557,3.5581,3.5605,3.5630,3.5654, &
      &          3.5679,3.5704,3.5728,3.5753,3.5777,3.5802,3.5827,3.5852, &
      &          3.5876,3.5901,3.5926,3.5951,3.5976,3.6001,3.6026,3.6051, &
      &          3.6076,3.6101,3.6127,3.6152,3.6177,3.6202,3.6227,3.6253, &
      &          3.6278,3.6304,3.6329,3.6355,3.6380,3.6406,3.6431,3.6457, &
      &          3.6482,3.6508,3.6534,3.6560,3.6585,3.6611,3.6637,3.6663, &
      &          3.6689,3.6715,3.6741,3.6767,3.6793,3.6819,3.6845,3.6872, &
      &          3.6898,3.6924,3.6950,3.6977,3.7003,3.7030,3.7056,3.7083, &
      &          3.7109,3.7136,3.7162,3.7189,3.7216,3.7242,3.7269,3.7296, &
      &          3.7323,3.7350,3.7377,3.7404,3.7431,3.7458,3.7485,3.7512, &
      &          3.7539,3.7566,3.7594,3.7621,3.7648,3.7676,3.7703,3.7730, &
      &          3.7758,3.7785,3.7813,3.7841,3.7868,3.7896,3.7924,3.7951, &
      &          3.7979,3.8007,3.8035,3.8063,3.8091,3.8119,3.8147,3.8175, &
      &          3.8203,3.8231,3.8259,3.8288,3.8316,3.8344,3.8373,3.8401, &
      &          3.8430,3.8458,3.8487,3.8515,3.8544,3.8573,3.8601,3.8630, &
      &          3.8659,3.8688,3.8717,3.8746,3.8775,3.8804,3.8833,3.8862, &
      &          3.8891,3.8920,3.8949,3.8979,3.9008,3.9037,3.9067,3.9096, &
      &          3.9126,3.9155,3.9185,3.9214,3.9244,3.9274,3.9304,3.9333, &
      &          3.9363,3.9393,3.9423,3.9453,3.9483,3.9513,3.9544,3.9574, &
      &          3.9604,3.9634,3.9665,3.9695,3.9725,3.9756,3.9786,3.9817, &
      &          3.9847,3.9878,3.9909,3.9940,3.9970,4.0001,4.0032,4.0063, &
      &          4.0094,4.0125,4.0156,4.0187,4.0218,4.0250,4.0281,4.0312, &
      &          4.0344,4.0375,4.0406,4.0438,4.0470,4.0501,4.0533,4.0565, &
      &          4.0596,4.0628,4.0660,4.0692,4.0724,4.0756,4.0788,4.0820, &
      &          4.0852,4.0884,4.0917,4.0949,4.0981,4.1014,4.1046,4.1079, &
      &          4.1111,4.1144,4.1177,4.1209,4.1242,4.1275,4.1308,4.1341, &
      &          4.1374,4.1407,4.1440,4.1473,4.1506,4.1540,4.1573,4.1606, &
      &          4.1640,4.1673,4.1707,4.1740,4.1774,4.1808,4.1841,4.1875, &
      &          4.1909,4.1943,4.1977,4.2011,4.2045,4.2079,4.2113,4.2148, &
      &          4.2182,4.2216,4.2251,4.2285,4.2320,4.2354,4.2389,4.2424, &
      &          4.2458,4.2493,4.2528,4.2563,4.2598,4.2633,4.2668,4.2703, &
      &          4.2738,4.2774,4.2809,4.2844,4.2880,4.2915,4.2951,4.2986, &
      &          4.3022,4.3058,4.3094,4.3129,4.3165,4.3201,4.3237,4.3273, &
      &          4.3310,4.3346,4.3382,4.3418,4.3455,4.3491,4.3528,4.3564, &
      &          4.3601,4.3638,4.3674,4.3711,4.3748,4.3785,4.3822,4.3859, &
      &          4.3896,4.3934,4.3971,4.4008,4.4045,4.4083,4.4120,4.4158, &
      &          4.4196,4.4233,4.4271,4.4309,4.4347,4.4385,4.4423,4.4461, &
      &          4.4499,4.4537,4.4576,4.4614,4.4652,4.4691,4.4730,4.4768, &
      &          4.4807,4.4846,4.4884,4.4923,4.4962,4.5001,4.5040,4.5080, &
      &          4.5119,4.5158,4.5197,4.5237,4.5276,4.5316,4.5356,4.5395, &
      &          4.5435,4.5475,4.5515,4.5555,4.5595,4.5635,4.5675,4.5716, &
      &          4.5756,4.5796,4.5837,4.5877,4.5918,4.5959,4.6000,4.6040, &
      &          4.6081,4.6122,4.6163,4.6205,4.6246,4.6287,4.6328,4.6370, &
      &          4.6411,4.6453,4.6495,4.6536,4.6578,4.6620,4.6662,4.6704, &
      &          4.6746,4.6788,4.6831,4.6873,4.6915,4.6958,4.7000,4.7043, &
      &          4.7086,4.7129,4.7172,4.7215,4.7258,4.7301,4.7344,4.7387, &
      &          4.7431,4.7474,4.7517,4.7561,4.7605,4.7648,4.7692,4.7736, &
      &          4.7780,4.7824,4.7868,4.7913,4.7957,4.8001,4.8046,4.8090, &
      &          4.8135,4.8180,4.8225,4.8270,4.8315,4.8360,4.8405,4.8450, &
      &          4.8495,4.8541,4.8586,4.8632,4.8678,4.8723,4.8769,4.8815, &
      &          4.8861,4.8907,4.8953,4.9000,4.9046,4.9092,4.9139,4.9186, &
      &          4.9232,4.9279,4.9326,4.9373,4.9420,4.9467,4.9514,4.9562, &
      &          4.9609,4.9657,4.9704,4.9752,4.9800,4.9848,4.9896,4.9944, &
      &          4.9992,5.0040,5.0088,5.0137,5.0185,5.0234,5.0283,5.0332, &
      &          5.0380,5.0430,5.0479,5.0528,5.0577,5.0627,5.0676,5.0726, &
      &          5.0775,5.0825,5.0875,5.0925,5.0975,5.1025,5.1075,5.1126, &
      &          5.1176,5.1227,5.1277,5.1328,5.1379,5.1430,5.1481,5.1532, &
      &          5.1584,5.1635,5.1686,5.1738,5.1790,5.1842,5.1893,5.1945, &
      &          5.1998,5.2050,5.2102,5.2154,5.2207,5.2260,5.2312,5.2365, &
      &          5.2418,5.2471,5.2524,5.2578,5.2631,5.2684,5.2738,5.2792, &
      &          5.2846,5.2900,5.2954,5.3008,5.3062,5.3116,5.3171,5.3225, &
      &          5.3280,5.3335,5.3390,5.3445,5.3500,5.3555,5.3611,5.3666, &
      &          5.3722,5.3778,5.3833,5.3889,5.3945,5.4002,5.4058,5.4114, &
      &          5.4171,5.4228,5.4284,5.4341,5.4398,5.4455,5.4513,5.4570, &
      &          5.4628,5.4685,5.4743,5.4801,5.4859,5.4917,5.4975,5.5033, &
      &          5.5092,5.5151,5.5209,5.5268,5.5327,5.5386,5.5445,5.5505, &
      &          5.5564,5.5624,5.5684,5.5744,5.5804,5.5864,5.5924,5.5984, &
      &          5.6045,5.6106,5.6166,5.6227,5.6288,5.6349,5.6411,5.6472, &
      &          5.6534,5.6596,5.6657,5.6719,5.6782,5.6844,5.6906,5.6969, &
      &          5.7031,5.7094,5.7157,5.7220,5.7283,5.7347,5.7410,5.7474, &
      &          5.7538,5.7602,5.7666,5.7730,5.7794,5.7859,5.7923,5.7988, &
      &          5.8053,5.8118,5.8184,5.8249,5.8314,5.8380,5.8446,5.8512, &
      &          5.8578,5.8644,5.8711,5.8777,5.8844,5.8911,5.8978,5.9045, &
      &          5.9112,5.9180,5.9247,5.9315,5.9383,5.9451,5.9520,5.9588, &
      &          5.9657,5.9725,5.9794,5.9863,5.9932,6.0002,6.0071,6.0141, &
      &          6.0211,6.0281,6.0351,6.0421,6.0492,6.0563,6.0633,6.0704, &
      &          6.0776,6.0847,6.0918,6.0990,6.1062,6.1134,6.1206,6.1278, &
      &          6.1351,6.1424,6.1496,6.1570,6.1643,6.1716,6.1790,6.1863, &
      &          6.1937,6.2011,6.2086,6.2160,6.2235,6.2310,6.2385,6.2460, &
      &          6.2535,6.2611,6.2686,6.2762,6.2838,6.2914,6.2991,6.3068, &
      &          6.3144,6.3221,6.3299,6.3376,6.3454,6.3531,6.3609,6.3687, &
      &          6.3766,6.3844,6.3923,6.4002,6.4081,6.4160,6.4240,6.4320, &
      &          6.4399,6.4480,6.4560,6.4640,6.4721,6.4802,6.4883,6.4964, &
      &          6.5046,6.5128,6.5209,6.5292,6.5374,6.5456,6.5539,6.5622, &
      &          6.5705,6.5789,6.5872,6.5956,6.6040,6.6124,6.6209,6.6294, &
      &          6.6378,6.6464,6.6549,6.6634,6.6720,6.6806,6.6892,6.6979, &
      &          6.7065,6.7152,6.7239,6.7327,6.7414,6.7502,6.7590,6.7678, &
      &          6.7767,6.7855,6.7944,6.8034,6.8123,6.8213,6.8302,6.8393, &
      &          6.8483,6.8573,6.8664,6.8755,6.8847,6.8938,6.9030,6.9122, &
      &          6.9214,6.9307,6.9400,6.9493,6.9586,6.9679,6.9773,6.9867, &
      &          6.9962,7.0056,7.0151,7.0246,7.0341,7.0437,7.0533,7.0629, &
      &          7.0725,7.0822,7.0919,7.1016,7.1113,7.1211,7.1309,7.1407, &
      &          7.1506,7.1604,7.1703,7.1803,7.1902,7.2002,7.2102,7.2203, &
      &          7.2303,7.2404,7.2506,7.2607,7.2709,7.2811,7.2914,7.3016, &
      &          7.3119,7.3223,7.3326,7.3430,7.3534,7.3639,7.3743,7.3848, &
      &          7.3954,7.4059,7.4165,7.4272,7.4378,7.4485,7.4592,7.4700, &
      &          7.4807,7.4916,7.5024,7.5133,7.5242,7.5351,7.5461,7.5571, &
      &          7.5681,7.5792,7.5903,7.6014,7.6126,7.6238,7.6350,7.6462, &
      &          7.6575,7.6689,7.6802,7.6916,7.7031,7.7145,7.7260,7.7375, &
      &          7.7491,7.7607,7.7723,7.7840,7.7957,7.8075,7.8192,7.8310, &
      &          7.8429,7.8548,7.8667,7.8786,7.8906,7.9027,7.9147,7.9268, &
      &          7.9390,7.9512,7.9634,7.9756,7.9879,8.0002,8.0126,8.0250, &
      &          8.0374,8.0499,8.0624,8.0750,8.0876,8.1002,8.1129,8.1256, &
      &          8.1384,8.1512,8.1640,8.1769,8.1898,8.2028,8.2158,8.2288, &
      &          8.2419,8.2550,8.2682,8.2814,8.2946,8.3079,8.3213,8.3347, &
      &          8.3481,8.3615,8.3750,8.3886,8.4022,8.4158,8.4295,8.4432, &
      &          8.4570,8.4708,8.4847,8.4986,8.5126,8.5266,8.5406,8.5547, &
      &          8.5688,8.5830,8.5973,8.6116,8.6259,8.6403,8.6547,8.6692, &
      &          8.6837,8.6982,8.7129,8.7275,8.7422,8.7570,8.7718,8.7867, &
      &          8.8016,8.8166,8.8316,8.8467,8.8618,8.8770,8.8922,8.9075, &
      &          8.9228,8.9382,8.9536,8.9691,8.9847,9.0003,9.0159,9.0316, &
      &          9.0474,9.0632,9.0791,9.0950,9.1110,9.1270,9.1431,9.1593, &
      &          9.1755,9.1918,9.2081,9.2245,9.2409,9.2574,9.2740,9.2906, &
      &          9.3073,9.3240,9.3408,9.3577,9.3746,9.3916,9.4086,9.4257, &
      &          9.4429,9.4601,9.4774,9.4948,9.5122,9.5297,9.5472,9.5649, &
      &          9.5825,9.6003,9.6181,9.6360,9.6539,9.6719,9.6900,9.7082, &
      &          9.7264,9.7447,9.7630,9.7814,9.7999,9.8185,9.8371,9.8558, &
      &          9.8746,9.8934,9.9123,9.9313,9.9504,9.9695,9.9887,10.0080, &
      &          10.0270,10.0470,10.0660,10.0860,10.1060,10.1250,10.1450,10.1650, &
      &          10.1850,10.2050,10.2250,10.2450,10.2660,10.2860,10.3060,10.3270, &
      &          10.3480,10.3680,10.3890,10.4100,10.4310,10.4520,10.4730,10.4940, &
      &          10.5160,10.5370,10.5580,10.5800,10.6020,10.6230,10.6450,10.6670, &
      &          10.6890,10.7110,10.7330,10.7550,10.7780,10.8000,10.8230,10.8460, &
      &          10.8680,10.8910,10.9140,10.9370,10.9600,10.9830,11.0070,11.0300, &
      &          11.0540,11.0770,11.1010,11.1250,11.1490,11.1730,11.1970,11.2210, &
      &          11.2450,11.2700,11.2940,11.3190,11.3440,11.3690,11.3940,11.4190, &
      &          11.4440,11.4690,11.4950,11.5200,11.5460,11.5720,11.5980,11.6240, &
      &          11.6500,11.6760,11.7020,11.7290,11.7550,11.7820,11.8090,11.8360, &
      &          11.8630,11.8900,11.9180,11.9450,11.9730,12.0000,12.0280,12.0560, &
      &          12.0840,12.1130,12.1410,12.1690,12.1980,12.2270,12.2560,12.2850, &
      &          12.3140,12.3430,12.3730,12.4020,12.4320,12.4620,12.4920,12.5220, &
      &          12.5520,12.5830,12.6140,12.6440,12.6750,12.7060,12.7370,12.7690, &
      &          12.8000,12.8320,12.8640,12.8960,12.9280,12.9600,12.9930,13.0260, &
      &          13.0580,13.0910,13.1240,13.1580,13.1910,13.2250,13.2590,13.2930, &
      &          13.3270,13.3610,13.3960,13.4300,13.4650,13.5000,13.5360,13.5710, &
      &          13.6070,13.6430,13.6790,13.7150,13.7510,13.7880,13.8240,13.8610, &
      &          13.899,13.936,13.973,14.011 /)


       real :: tapwater(2844) = (/2.7427,2.7427,2.7435,2.7442,2.6453,2.7396,2.7409,2.7404, &
      &          2.7416,2.9159,2.9159,2.8224,2.9958,2.9029,2.9036,2.8034, &
      &          2.7164,2.9910,2.7109,2.8876,2.7944,2.8829,2.7884,2.7862, &
      &          2.8781,3.0569,2.7848,2.8719,2.8706,2.7780,2.8642,2.6769, &
      &          2.6785,2.6780,2.6774,2.7633,2.7613,2.8395,2.8431,2.8450, &
      &          2.8431,2.8336,2.9184,2.9195,2.9149,2.9184,2.8226,2.9138, &
      &          2.9989,2.9042,2.7211,2.8856,2.8856,2.8824,2.8896,2.7963, &
      &          2.8781,2.8809,2.9608,3.0426,2.9012,2.8043,2.8028,2.8013, &
      &          2.7952,2.8771,2.8771,2.8838,2.8871,2.8838,3.0558,3.0558, &
      &          2.8694,2.7762,2.7676,2.8480,2.8537,2.7663,2.6732,2.6699, &
      &          2.6732,2.7591,2.7681,2.7663,2.7519,2.7502,2.7466,2.8353, &
      &          2.7393,2.7375,2.7412,2.5585,2.7393,2.7375,2.7412,2.5501, &
      &          2.5585,2.7412,2.8282,2.8282,2.8241,2.8182,2.8221,2.9915, &
      &          2.8096,2.8162,2.6400,2.8182,2.6290,2.6290,2.6308,2.6308, &
      &          2.6308,2.6400,2.6290,2.7968,2.8011,2.8075,2.7968,2.8082, &
      &          2.6236,2.6991,2.7011,2.8117,2.7989,2.7052,2.7052,2.8001, &
      &          2.8011,2.5374,2.5322,2.6991,2.7782,2.7760,2.6951,2.7011, &
      &          2.6991,2.7072,2.6991,2.7847,2.7011,2.6039,2.6039,2.7717, &
      &          2.6930,2.6058,2.6039,2.7717,2.6850,2.7758,2.7800,2.7737, &
      &          2.6770,2.7633,2.7613,2.7613,2.6730,2.6651,2.5033,2.8032, &
      &          2.6933,2.6097,2.6912,2.6870,2.6808,2.5898,2.6808,2.6808, &
      &          2.6684,2.7524,2.6684,2.6746,2.6019,2.6136,2.7166,2.7231, &
      &          2.7274,2.7360,2.7382,2.6325,2.7166,2.7317,2.7339,2.6473, &
      &          2.8201,2.7252,2.7274,2.7317,2.6682,2.7404,2.7470,2.7360, &
      &          2.6493,2.7382,2.8246,2.7252,2.7231,2.8227,2.6353,2.6234, &
      &          2.6156,2.6891,2.6808,2.6746,2.7567,2.6663,2.6643,2.5847, &
      &          2.6684,2.6704,2.6684,2.8429,2.6704,2.6766,2.6808,2.6849, &
      &          2.7653,2.6663,2.6704,2.5962,2.6849,2.6849,2.6849,2.6849, &
      &          2.7702,2.5958,2.5878,2.5839,2.5898,2.5958,2.6870,2.6971, &
      &          2.6870,2.6766,2.7696,2.6019,2.6971,2.6058,2.5866,2.6790, &
      &          2.5847,2.6651,2.6643,2.6704,2.5839,2.6684,2.6643,2.6746, &
      &          2.6787,2.6870,2.6870,2.6849,2.5981,2.5885,2.5847,2.5828, &
      &          2.5923,2.6019,2.6808,2.6870,2.6933,2.6930,2.6850,2.6850, &
      &          2.6750,2.6750,2.5885,2.5942,2.5981,2.6930,2.6870,2.6766, &
      &          2.6850,2.7760,2.7760,2.7760,2.6930,2.6830,2.6870,2.6870, &
      &          2.6790,2.6890,2.4311,2.6890,2.6890,2.6790,2.6850,2.6790, &
      &          2.5134,2.5151,2.5185,2.6850,2.5962,2.4294,2.5219,2.5219, &
      &          2.6110,2.5236,2.5322,2.6553,2.7429,2.7327,2.7388,2.7429, &
      &          2.5827,2.7469,2.4966,2.7449,2.7429,2.5810,2.7429,2.5792, &
      &          2.5757,2.7579,2.7636,2.7449,2.5723,2.5671,2.5671,2.5705, &
      &          2.4833,2.6340,2.5705,2.9131,2.7522,2.5705,2.5705,2.7484, &
      &          2.5757,2.5740,2.6658,2.7522,2.7541,2.7390,2.6589,2.7446, &
      &          2.7390,2.6537,2.5619,2.6641,2.7334,2.7371,2.8179,2.6554, &
      &          2.7371,2.8315,2.6537,2.7401,2.7437,2.7383,2.6503,2.7437, &
      &          2.7492,2.7437,2.7492,2.7419,2.6606,2.6451,2.7316,2.6606, &
      &          2.6503,2.5758,2.6589,2.5695,2.6574,2.6708,2.5806,2.5632, &
      &          2.7348,2.6508,2.6558,2.6624,2.6508,2.5585,2.5740,2.6525, &
      &          2.6608,2.6426,2.6459,2.6541,2.7506,2.6712,2.7523,2.7523, &
      &          2.6691,2.6608,2.6475,2.6525,2.6558,2.6624,2.5908,2.4368, &
      &          2.6761,2.6809,2.7728,2.6761,2.6649,2.6608,2.6712,2.6712, &
      &          2.6714,2.6740,2.4225,2.6820,2.5055,2.5055,2.4196,2.5099, &
      &          2.5121,2.5135,2.5128,2.5135,2.7004,2.6140,2.6118,2.6125, &
      &          2.6110,2.7017,2.5400,2.6125,2.6118,2.7008,2.7000,2.5373, &
      &          2.5362,2.4584,2.5390,2.5390,2.5373,2.5373,2.6268,2.4584, &
      &          2.5373,2.4560,2.5373,2.5379,2.3697,2.4596,2.3779,2.3677, &
      &          2.4584,2.4596,2.4592,2.4584,2.4588,2.4584,2.4576,2.3779, &
      &          2.3771,2.2882,2.3771,2.3784,2.4576,2.4584,2.4584,2.3784, &
      &          2.3795,2.3792,2.4687,2.4680,2.3774,2.3774,2.3782,2.5467, &
      &          2.4683,2.3779,2.3779,2.3787,2.4592,2.3792,2.4680,2.4584, &
      &          2.4596,2.5400,2.3703,2.3709,2.4524,2.4547,2.2722,2.1818, &
      &          2.2713,2.2704,2.3436,2.4355,2.3446,2.3446,2.3481,2.2564, &
      &          2.2526,2.2504,2.0894,2.3369,2.2469,2.2469,2.2478,2.2491, &
      &          2.3296,2.3301,2.3301,2.2411,2.2426,2.1441,2.2426,2.1436, &
      &          2.3245,2.4166,2.4055,2.3258,2.3314,2.1489,2.2292,2.2292, &
      &          2.2317,2.2323,2.2329,2.1409,2.1399,2.1383,2.3015,2.1409, &
      &          2.1420,2.2134,2.0456,2.1340,2.1323,2.1323,2.1329,2.2934, &
      &          2.1340,2.0442,2.1129,2.0390,2.1942,2.1942,2.1956,2.1934, &
      &          2.1942,2.1971,2.2060,2.1235,2.2073,2.2033,2.1921,2.1961, &
      &          2.1128,2.2015,2.2822,2.1114,2.1121,2.1114,2.1920,2.0130, &
      &          2.1912,1.9269,2.1817,2.1791,2.2594,2.0038,2.0053,2.1869, &
      &          2.0081,2.0074,2.0046,2.1817,2.0031,2.1817,2.0828,2.0837, &
      &          2.0854,2.2654,2.2684,2.0896,2.0905,2.0921,1.9214,2.0947, &
      &          2.0921,2.0862,2.2644,2.1817,2.2624,2.2614,2.0845,2.0845, &
      &          2.0060,1.9959,1.9943,2.0828,2.0845,2.1655,2.1645,2.0845, &
      &          1.9951,1.9943,1.9966,2.0796,2.1704,2.1694,2.0905,2.0005, &
      &          2.1684,2.0787,2.0760,2.0751,2.1655,2.1665,2.1655,2.0760, &
      &          2.1655,2.1665,1.9959,2.0787,2.0742,2.2362,2.0751,2.0796, &
      &          2.0796,2.2421,2.0796,1.9890,2.0760,2.0769,2.0769,2.0769, &
      &          2.0796,2.0796,2.0787,2.2339,2.2398,2.2421,2.0869,2.1645, &
      &          2.1622,2.2481,1.9915,1.9898,2.0787,2.0796,2.1511,2.2457, &
      &          2.1556,2.0814,2.2433,2.0805,1.9915,1.9915,1.9906,1.9898, &
      &          1.9873,2.1500,2.1467,1.9865,1.9873,1.9873,2.1511,2.1522, &
      &          1.9940,1.9038,2.0789,1.9166,1.9159,1.9166,2.0758,1.9948, &
      &          2.0675,2.1634,2.0905,1.9118,2.0947,2.0056,1.9045,1.9000, &
      &          1.8977,1.7204,1.8887,1.8976,1.9038,1.9911,1.9001,1.8226, &
      &          1.9154,1.6508,1.8292,1.6513,2.0979,1.9083,1.9056,1.9002, &
      &          1.9053,2.0717,1.9090,1.8931,1.8940,1.8958,1.7288,1.8984, &
      &          2.0810,1.7306,1.9143,1.7329,1.9143,1.9065,1.7383,1.9074, &
      &          1.9074,2.0958,1.9109,1.9163,1.7461,1.9083,1.9127,1.9163, &
      &          1.9154,1.9181,1.9227,1.9227,1.9272,1.9308,1.9327,1.9336, &
      &          1.9336,1.9523,1.9454,1.9344,1.9499,1.9550,1.9612,1.9633, &
      &          1.9628,1.9607,1.9623,1.9631,1.9664,1.9717,1.9765,1.9760, &
      &          1.9734,1.9686,1.9657,1.9638,1.9609,1.9590,1.9600,1.9588, &
      &          1.9590,1.9581,1.9581,1.9600,1.9581,1.9559,1.9576,1.9592, &
      &          1.9607,1.9578,1.9566,1.9566,1.9542,1.9530,1.9547,1.9602, &
      &          1.9678,1.9688,1.9693,1.9709,1.9676,1.9607,1.9550,1.9516, &
      &          1.9475,1.9373,1.9319,1.9296,1.9310,1.9384,1.9456,1.9485, &
      &          1.9482,1.9446,1.9432,1.9435,1.9451,1.9437,1.9409,1.9365, &
      &          1.9324,1.9318,1.9327,1.9351,1.9349,1.9315,1.9313,1.9291, &
      &          1.9313,1.9377,1.9368,1.9291,1.9241,1.9236,1.9243,1.9210, &
      &          1.9207,1.9224,1.9186,1.9107,1.9066,1.9078,1.9105,1.9114, &
      &          1.9169,1.9255,1.9327,1.9363,1.9358,1.9313,1.9267,1.9207, &
      &          1.9174,1.9191,1.9193,1.9142,1.9078,1.9042,1.9030,1.8980, &
      &          1.8975,1.9047,1.9078,1.9030,1.9028,1.9069,1.9073,1.9020, &
      &          1.9030,1.9066,1.9073,1.9040,1.9028,1.9011,1.8951,1.8872, &
      &          1.8829,1.8796,1.8798,1.8801,1.8810,1.8837,1.8887,1.8949, &
      &          1.8963,1.8932,1.8930,1.8932,1.8928,1.8925,1.8934,1.8949, &
      &          1.8934,1.8870,1.8815,1.8779,1.8757,1.8741,1.8707,1.8712, &
      &          1.8796,1.8868,1.8903,1.8882,1.8858,1.8822,1.8774,1.8781, &
      &          1.8837,1.8868,1.8863,1.8820,1.8793,1.8784,1.8801,1.8841, &
      &          1.8851,1.8808,1.8757,1.8707,1.8643,1.8628,1.8681,1.8724, &
      &          1.8746,1.8733,1.8700,1.8660,1.8624,1.8600,1.8611,1.8621, &
      &          1.8666,1.8724,1.8741,1.8729,1.8715,1.8666,1.8631,1.8604, &
      &          1.8628,1.8652,1.8633,1.8588,1.8578,1.8588,1.8609,1.8602, &
      &          1.8597,1.8602,1.8604,1.8571,1.8552,1.8549,1.8542,1.8506, &
      &          1.8499,1.8535,1.8580,1.8604,1.8602,1.8566,1.8504,1.8422, &
      &          1.8394,1.8389,1.8408,1.8449,1.8499,1.8513,1.8487,1.8430, &
      &          1.8382,1.8346,1.8312,1.8284,1.8281,1.8272,1.8262,1.8245, &
      &          1.8224,1.8231,1.8224,1.8183,1.8157,1.8159,1.8190,1.8210, &
      &          1.8234,1.8272,1.8291,1.8260,1.8210,1.8157,1.8133,1.8097, &
      &          1.8063,1.8059,1.8059,1.8002,1.7975,1.8006,1.8071,1.8126, &
      &          1.8166,1.8195,1.8185,1.8126,1.8078,1.8044,1.8030,1.8025, &
      &          1.8028,1.8025,1.8021,1.8006,1.8011,1.7982,1.7953,1.7930, &
      &          1.7911,1.7906,1.7896,1.7882,1.7913,1.7935,1.7937,1.7935, &
      &          1.7925,1.7908,1.7886,1.7851,1.7822,1.7810,1.7812,1.7836, &
      &          1.7865,1.7880,1.7903,1.7901,1.7853,1.7794,1.7764,1.7760, &
      &          1.7753,1.7734,1.7726,1.7695,1.7652,1.7635,1.7635,1.7631, &
      &          1.7645,1.7662,1.7686,1.7698,1.7678,1.7662,1.7649,1.7621, &
      &          1.7590,1.7542,1.7525,1.7506,1.7477,1.7490,1.7537,1.7552, &
      &          1.7542,1.7527,1.7535,1.7509,1.7504,1.7530,1.7552,1.7509, &
      &          1.7446,1.7401,1.7365,1.7315,1.7303,1.7334,1.7355,1.7331, &
      &          1.7303,1.7305,1.7327,1.7315,1.7300,1.7300,1.7274,1.7233, &
      &          1.7214,1.7205,1.7197,1.7162,1.7126,1.7114,1.7126,1.7142, &
      &          1.7136,1.7123,1.7126,1.7106,1.7100,1.7114,1.7121,1.7090, &
      &          1.7035,1.6968,1.6908,1.6874,1.6891,1.6929,1.6968,1.7001, &
      &          1.6994,1.6932,1.6869,1.6841,1.6851,1.6863,1.6877,1.6874, &
      &          1.6834,1.6783,1.6764,1.6752,1.6750,1.6750,1.6746,1.6712, &
      &          1.6652,1.6599,1.6592,1.6570,1.6547,1.6544,1.6559,1.6530, &
      &          1.6473,1.6432,1.6439,1.6446,1.6437,1.6427,1.6439,1.6420, &
      &          1.6398,1.6353,1.6307,1.6279,1.6255,1.6243,1.6265,1.6279, &
      &          1.6298,1.6271,1.6229,1.6195,1.6166,1.6121,1.6080,1.6018, &
      &          1.5977,1.5951,1.5972,1.5984,1.5972,1.5927,1.5872,1.5824, &
      &          1.5817,1.5831,1.5870,1.5870,1.5848,1.5790,1.5731,1.5688, &
      &          1.5683,1.5690,1.5690,1.5671,1.5659,1.5621,1.5544,1.5441, &
      &          1.5367,1.5334,1.5341,1.5353,1.5358,1.5360,1.5331,1.5281, &
      &          1.5264,1.5252,1.5202,1.5063,1.4929,1.4814,1.4637,1.4539, &
      &          1.4582,1.4719,1.4860,1.4838,1.4733,1.4594,1.4441,1.4281, &
      &          1.4188,1.4221,1.4257,1.4066,1.3810,1.3755,1.3907,1.4125, &
      &          1.4473,1.4695,1.4479,1.3812,1.2881,1.2087,1.1810,1.2125, &
      &          1.2654,1.3051,1.3408,1.3412,1.3006,1.2642,1.2403,1.2328, &
      &          1.2408,1.2532,1.2877,1.2869,1.2468,1.2183,1.1750,1.1379, &
      &          1.1367,1.1663,1.2291,1.2659,1.2156,1.1276,1.0453,1.0037, &
      &          1.0235,1.1022,1.2125,1.2845,1.2484,1.1517,1.0768,1.0424, &
      &          1.0496,1.0917,1.1479,1.2101,1.2383,1.2049,1.1594,1.1051, &
      &          1.0443,1.0233,1.0549,1.1364,1.1932,1.2044,1.2115,1.1644, &
      &          1.0862,1.0398,1.0297,1.0544,1.0867,1.1422,1.2080,1.2350, &
      &          1.2458,1.2508,1.2300,1.1951,1.1685,1.1623,1.1730,1.1716, &
      &          1.1551,1.1405,1.1094,1.0807,1.0718,1.0706,1.0726,1.0692, &
      &          1.0508,1.0005,0.9204,0.8682,0.8254,0.7623,0.7345,0.7675, &
      &          0.8235,0.8453,0.8381,0.8309,0.8196,0.8060,0.8175,0.8529, &
      &          0.8924,0.9062,0.8986,0.8862,0.8939,0.8962,0.8656,0.8168, &
      &          0.7754,0.7558,0.7548,0.7685,0.7953,0.8108,0.8101,0.8022, &
      &          0.7938,0.7718,0.7225,0.6663,0.6326,0.6268,0.6436,0.6708, &
      &          0.6718,0.6316,0.5785,0.5299,0.4943,0.4871,0.5113,0.5536, &
      &          0.5873,0.6113,0.6266,0.6172,0.5983,0.5737,0.5364,0.4931, &
      &          0.4663,0.4656,0.4828,0.5187,0.5699,0.6086,0.6232,0.6211, &
      &          0.6012,0.5627,0.5294,0.5201,0.5333,0.5524,0.5692,0.5864, &
      &          0.5869,0.5668,0.5543,0.5584,0.5746,0.5917,0.6086,0.6311, &
      &          0.6562,0.6730,0.6780,0.6735,0.6773,0.6871,0.6859,0.6757, &
      &          0.6742,0.6854,0.7036,0.7299,0.7689,0.8010,0.8163,0.8261, &
      &          0.8271,0.8110,0.7900,0.7790,0.7845,0.8053,0.8479,0.8996, &
      &          0.9330,0.9479,0.9618,0.9714,0.9764,0.9836,1.0020,1.0254, &
      &          1.0482,1.0768,1.1139,1.1420,1.1597,1.1704,1.1833,1.1934, &
      &          1.2008,1.2197,1.2568,1.3006,1.3446,1.3829,1.4123,1.4274, &
      &          1.4384,1.4508,1.4611,1.4759,1.5037,1.5355,1.5638,1.5984, &
      &          1.6444,1.6827,1.7085,1.7375,1.7678,1.7851,1.7999,1.8303, &
      &          1.8669,1.8968,1.9293,1.9669,2.0011,2.0267,2.0535,2.0844, &
      &          2.1143,2.1423,2.1753,2.2119,2.2507,2.2892,2.3196,2.3346, &
      &          2.3497,2.3631,2.3808,2.4107,2.4523,2.5000,2.5464,2.5832, &
      &          2.6196,2.6504,2.6799,2.7110,2.7371,2.7548,2.7763,2.8048, &
      &          2.8395,2.8761,2.9141,2.9536,2.9911,3.0184,3.0433,3.0720, &
      &          3.1019,3.1252,3.1457,3.1639,3.1830,3.2015,3.2225,3.2460, &
      &          3.2714,3.2953,3.3192,3.3386,3.3558,3.3740,3.3926,3.4094, &
      &          3.4238,3.4362,3.4493,3.4618,3.4759,3.4907,3.5063,3.5230, &
      &          3.5381,3.5500,3.5611,3.5685,3.5781,3.5855,3.5895,3.5965, &
      &          3.6041,3.6099,3.6166,3.6238,3.6381,3.6503,3.6587,3.6661, &
      &          3.6692,3.6692,3.6699,3.6721,3.6816,3.6927,3.6991,3.7029, &
      &          3.7087,3.7151,3.7235,3.7328,3.7441,3.7527,3.7599,3.7652, &
      &          3.7712,3.7752,3.7838,3.7949,3.8035,3.8099,3.8178,3.8230, &
      &          3.8257,3.8223,3.8245,3.8310,3.8393,3.8487,3.8609,3.8750, &
      &          3.8893,3.8968,3.9011,3.9042,3.9092,3.9152,3.9240,3.9317, &
      &          3.9357,3.9365,3.9369,3.9398,3.9479,3.9556,3.9637,3.9683, &
      &          3.9692,3.9709,3.9759,3.9831,3.9874,3.9874,3.9927,3.9985, &
      &          3.9986,3.9960,3.9929,3.9903,3.9918,3.9975,4.0087,4.0157, &
      &          4.0154,4.0097,4.0008,3.9939,3.9927,3.9936,3.9963,3.9972, &
      &          3.9958,3.9908,3.9836,3.9755,3.9671,3.9618,3.9621,3.9614, &
      &          3.9599,3.9585,3.9549,3.9479,3.9377,3.9283,3.9226,3.9164, &
      &          3.9085,3.9008,3.8946,3.8879,3.8798,3.8711,3.8628,3.8551, &
      &          3.8482,3.8384,3.8269,3.8147,3.8025,3.7898,3.7767,3.7656, &
      &          3.7587,3.7472,3.7336,3.7209,3.7106,3.7024,3.6972,3.6943, &
      &          3.6929,3.6852,3.6733,3.6601,3.6482,3.6331,3.6225,3.6194, &
      &          3.6161,3.6082,3.5996,3.5912,3.5809,3.5644,3.5529,3.5460, &
      &          3.5372,3.5286,3.5216,3.5168,3.5073,3.4922,3.4795,3.4683, &
      &          3.4574,3.4467,3.4386,3.4340,3.4278,3.4175,3.4063,3.3960, &
      &          3.3876,3.3790,3.3723,3.3699,3.3685,3.3622,3.3491,3.3352, &
      &          3.3237,3.3130,3.3055,3.3032,3.3022,3.3000,3.2936,3.2831, &
      &          3.2701,3.2560,3.2443,3.2376,3.2314,3.2244,3.2184,3.2118, &
      &          3.2053,3.1986,3.1934,3.1879,3.1785,3.1682,3.1615,3.1546, &
      &          3.1471,3.1393,3.1333,3.1268,3.1201,3.1125,3.1067,3.1012, &
      &          3.0950,3.0868,3.0811,3.0749,3.0675,3.0564,3.0457,3.0378, &
      &          3.0323,3.0273,3.0251,3.0237,3.0218,3.0179,3.0120,3.0048, &
      &          2.9976,2.9921,2.9895,2.9852,2.9814,2.9787,2.9742,2.9648, &
      &          2.9538,2.9474,2.9438,2.9404,2.9398,2.9378,2.9316,2.9242, &
      &          2.9167,2.9089,2.9017,2.8952,2.8883,2.8792,2.8718,2.8694, &
      &          2.8675,2.8627,2.8600,2.8572,2.8512,2.8442,2.8387,2.8351, &
      &          2.8309,2.8242,2.8196,2.8165,2.8119,2.8065,2.7997,2.7926, &
      &          2.7871,2.7813,2.7768,2.7737,2.7701,2.7658,2.7607,2.7576, &
      &          2.7598,2.7603,2.7562,2.7502,2.7440,2.7380,2.7323,2.7292, &
      &          2.7287,2.7256,2.7196,2.7160,2.7153,2.7143,2.7115,2.7076, &
      &          2.7050,2.6993,2.6916,2.6871,2.6827,2.6780,2.6739,2.6701, &
      &          2.6672,2.6631,2.6603,2.6605,2.6595,2.6557,2.6524,2.6471, &
      &          2.6409,2.6351,2.6340,2.6356,2.6337,2.6287,2.6258,2.6237, &
      &          2.6210,2.6174,2.6148,2.6127,2.6088,2.6060,2.6062,2.6062, &
      &          2.6045,2.5978,2.5899,2.5846,2.5813,2.5796,2.5806,2.5815, &
      &          2.5825,2.5804,2.5763,2.5718,2.5682,2.5648,2.5627,2.5600, &
      &          2.5583,2.5569,2.5555,2.5528,2.5505,2.5474,2.5452,2.5430, &
      &          2.5397,2.5380,2.5380,2.5349,2.5294,2.5232,2.5193,2.5170, &
      &          2.5141,2.5121,2.5120,2.5129,2.5129,2.5110,2.5093,2.5064, &
      &          2.5009,2.4942,2.4897,2.4902,2.4925,2.4935,2.4930,2.4916, &
      &          2.4878,2.4822,2.4782,2.4767,2.4763,2.4756,2.4748,2.4739, &
      &          2.4708,2.4667,2.4639,2.4603,2.4576,2.4569,2.4564,2.4548, &
      &          2.4519,2.4493,2.4478,2.4449,2.4430,2.4421,2.4394,2.4366, &
      &          2.4322,2.4275,2.4234,2.4208,2.4208,2.4222,2.4220,2.4222, &
      &          2.4213,2.4177,2.4143,2.4122,2.4119,2.4117,2.4093,2.4078, &
      &          2.4069,2.4038,2.4012,2.3990,2.3971,2.3950,2.3921,2.3892, &
      &          2.3863,2.3835,2.3825,2.3804,2.3779,2.3773,2.3751,2.3722, &
      &          2.3693,2.3684,2.3667,2.3631,2.3624,2.3643,2.3641,2.3631, &
      &          2.3610,2.3591,2.3564,2.3528,2.3505,2.3480,2.3449,2.3425, &
      &          2.3397,2.3385,2.3380,2.3358,2.3334,2.3313,2.3296,2.3298, &
      &          2.3301,2.3294,2.3287,2.3292,2.3301,2.3287,2.3251,2.3217, &
      &          2.3191,2.3155,2.3119,2.3102,2.3095,2.3081,2.3057,2.3038, &
      &          2.3016,2.3002,2.2988,2.2978,2.2971,2.2964,2.2949,2.2923, &
      &          2.2904,2.2904,2.2918,2.2916,2.2897,2.2858,2.2806,2.2751, &
      &          2.2720,2.2717,2.2720,2.2705,2.2689,2.2674,2.2653,2.2621, &
      &          2.2598,2.2600,2.2598,2.2583,2.2566,2.2557,2.2549,2.2538, &
      &          2.2521,2.2526,2.2521,2.2507,2.2492,2.2490,2.2485,2.2466, &
      &          2.2447,2.2442,2.2425,2.2394,2.2377,2.2385,2.2368,2.2335, &
      &          2.2303,2.2280,2.2265,2.2255,2.2270,2.2289,2.2284,2.2270, &
      &          2.2236,2.2189,2.2162,2.2148,2.2138,2.2114,2.2090,2.2083, &
      &          2.2071,2.2042,2.2042,2.2057,2.2059,2.2052,2.2047,2.2042, &
      &          2.2031,2.2011,2.2007,2.2016,2.2018,2.2018,2.2004,2.1978, &
      &          2.1956,2.1942,2.1925,2.1923,2.1927,2.1923,2.1906,2.1890, &
      &          2.1877,2.1851,2.1822,2.1813,2.1808,2.1801,2.1799,2.1801, &
      &          2.1794,2.1774,2.1758,2.1750,2.1734,2.1714,2.1708,2.1688, &
      &          2.1662,2.1641,2.1636,2.1657,2.1674,2.1681,2.1681,2.1662, &
      &          2.1641,2.1619,2.1605,2.1602,2.1591,2.1571,2.1550,2.1537, &
      &          2.1542,2.1555,2.1562,2.1564,2.1555,2.1533,2.1495,2.1468, &
      &          2.1466,2.1471,2.1471,2.1473,2.1475,2.1466,2.1446,2.1442, &
      &          2.1442,2.1428,2.1396,2.1375,2.1363,2.1353,2.1358,2.1370, &
      &          2.1363,2.1351,2.1341,2.1334,2.1329,2.1341,2.1380,2.1404, &
      &          2.1384,2.1356,2.1327,2.1313,2.1315,2.1324,2.1346,2.1356, &
      &          2.1353,2.1327,2.1313,2.1334,2.1349,2.1339,2.1329,2.1341, &
      &          2.1344,2.1318,2.1305,2.1308,2.1301,2.1291,2.1289,2.1293, &
      &          2.1291,2.1282,2.1282,2.1303,2.1323,2.1344,2.1360,2.1351, &
      &          2.1339,2.1318,2.1287,2.1267,2.1272,2.1287,2.1301,2.1298, &
      &          2.1305,2.1310,2.1291,2.1287,2.1301,2.1320,2.1327,2.1318, &
      &          2.1308,2.1296,2.1279,2.1277,2.1277,2.1282,2.1272,2.1258, &
      &          2.1253,2.1269,2.1289,2.1279,2.1258,2.1217,2.1162,2.1131, &
      &          2.1138,2.1181,2.1212,2.1222,2.1236,2.1241,2.1236,2.1219, &
      &          2.1188,2.1160,2.1126,2.1121,2.1138,2.1155,2.1174,2.1169, &
      &          2.1128,2.1092,2.1095,2.1126,2.1090,2.1014,2.0954,2.0923, &
      &          2.0911,2.0930,2.1009,2.1092,2.1100,2.1074,2.1045,2.1042, &
      &          2.1042,2.0915,2.0731,2.0583,2.0507,2.0509,2.0578,2.0720, &
      &          2.0868,2.0897,2.0873,2.0856,2.0870,2.0884,2.0786,2.0633, &
      &          2.0516,2.0456,2.0449,2.0480,2.0543,2.0590,2.0554,2.0516, &
      &          2.0509,2.0540,2.0504,2.0265,1.9997,1.9822,1.9767,1.9831, &
      &          2.0011,2.0255,2.0401,2.0401,2.0387,2.0234,2.0068,1.9822, &
      &          1.9423,1.9147,1.9100,1.9248,1.9409,1.9509,1.9705,1.9789, &
      &          1.9698,1.9734,1.9870,1.9935,1.9846,1.9803,1.9636,1.9332, &
      &          1.9102,1.9020,1.9078,1.9196,1.9355,1.9586,1.9662,1.9719, &
      &          1.9748,1.9351,1.8702,1.8171,1.7901,1.7911,1.8226,1.8791, &
      &          1.9293,1.9375,1.9298,1.9293,1.9336,1.9176,1.8499,1.7758, &
      &          1.7334,1.7207,1.7377,1.7889,1.8597,1.8729,1.8166,1.7631, &
      &          1.7136,1.6824,1.6841,1.7255,1.7810,1.8154,1.8389,1.8392, &
      &          1.8030,1.7764,1.7678,1.7703,1.7571,1.7377,1.7195,1.7040, &
      &          1.6774,1.6229,1.5793,1.5760,1.5790,1.5894,1.6250,1.6678, &
      &          1.6908,1.6819,1.6692,1.6224,1.5453,1.4695,1.4166,1.4135, &
      &          1.4501,1.5051,1.5633,1.5611,1.5446,1.5420,1.5178,1.4872, &
      &          1.4329,1.3834,1.3647,1.3604,1.3668,1.4111,1.4300,1.3637, &
      &          1.2745,1.2180,1.2061,1.2460,1.3049,1.4102,1.5159,1.5015, &
      &          1.3998,1.2738,1.1779,1.1477,1.1733,1.2436,1.3199,1.3623, &
      &          1.3063,1.1896,1.0833,0.9883,0.9584,1.0008,1.0867,1.2328, &
      &          1.3154,1.2783,1.2049,1.1247,1.1226,1.1611,1.2128,1.3085, &
      &          1.3489,1.2955,1.2819,1.3319,1.3958,1.4494,1.5276,1.6606, &
      &          1.7121,1.5958,1.4807,1.4266,1.3345,1.2747,1.3544,1.5700, &
      &          1.7971,1.9050,1.9174,1.9105,1.8839,1.8808,1.9336,2.0576, &
      &          2.1834,2.2327,2.2176,2.1899,2.1349,2.1014,2.1119,2.1672, &
      &          2.2040,2.2554,2.3638,2.4258,2.3950,2.3804,2.3928,2.3942, &
      &          2.3794,2.3693,2.3581,2.3471,2.3397,2.3437,2.3476,2.3667, &
      &          2.3423,2.2164,2.0882,2.0207,1.9399,1.8779,1.8827,1.9604, &
      &          2.0511,1.9992,1.8296,1.6623,1.4817,1.3855,1.4128,1.5582, &
      &          1.8188,1.9808,1.9693,1.8449,1.6193,1.4484,1.3834,1.3728, &
      &          1.4743,1.6458,1.8023,1.8511,1.8112,1.7360,1.6497,1.5281, &
      &          1.4470,1.4652,1.5467,1.6731,1.7545,1.6559,1.5135,1.4494, &
      &          1.4564,1.5355,1.6302,1.7490,1.8403,1.8071,1.7322,1.7046, &
      &          1.7219,1.7581,1.7774,1.8451,1.9542,2.0035,1.9346,1.7791, &
      &          1.6645,1.6437,1.6556,1.6956,1.7913,1.8963,1.8695,1.6958, &
      &          1.5657,1.5312,1.5470,1.5877,1.6975,1.8418,1.9140,1.9214, &
      &          1.9437,1.9171,1.8611,1.8044,1.7523,1.7248,1.7492,1.8195, &
      &          1.8870,1.8973,1.8432,1.7703,1.7080,1.6767,1.6987,1.7581, &
      &          1.8447,1.9260,1.9258,1.9006,1.8815,1.8542,1.8154,1.7573, &
      &          1.7205,1.7169,1.7264,1.7475,1.7767,1.8088,1.8348,1.8382, &
      &          1.8578,1.8779,1.8556,1.8119,1.7853,1.7794,1.7982,1.8133, &
      &          1.8076,1.7817,1.7554,1.7523,1.7633,1.7908,1.8291,1.8444, &
      &          1.8372,1.8362,1.8463,1.8396,1.8083,1.7729,1.7451,1.7355, &
      &          1.7454,1.7724,1.8078,1.8289,1.8303,1.8253,1.8148,1.8033, &
      &          1.7906,1.7767,1.7649,1.7647,1.7700,1.7786,1.7841,1.7867, &
      &          1.7870,1.7848,1.7808,1.7805,1.7800,1.7815,1.7817,1.7776, &
      &          1.7717,1.7667,1.7612,1.7597,1.7602,1.7633,1.7643,1.7604, &
      &          1.7552,1.7506,1.7470,1.7465,1.7465,1.7465,1.7451,1.7425, &
      &          1.7401,1.7405,1.7430,1.7468,1.7480,1.7461,1.7425,1.7389, &
      &          1.7331,1.7300,1.7300,1.7327,1.7339,1.7365,1.7375,1.7370, &
      &          1.7327,1.7291,1.7228,1.7173,1.7136,1.7128,1.7121,1.7126, &
      &          1.7111,1.7092,1.7030,1.6989,1.6965,1.6929,1.6882,1.6877, &
      &          1.6879,1.6887,1.6874,1.6877,1.6858,1.6803,1.6721,1.6671, &
      &          1.6619,1.6559,1.6487,1.6434,1.6379,1.6353,1.6334,1.6336, &
      &          1.6338,1.6346,1.6358,1.6367,1.6331,1.6302,1.6238,1.6159, &
      &          1.6071,1.6011,1.5963,1.5961,1.5977,1.5997,1.5963,1.5910, &
      &          1.5834,1.5757,1.5673,1.5666,1.5669,1.5652,1.5618,1.5611, &
      &          1.5573,1.5518,1.5449,1.5422,1.5377,1.5331,1.5295,1.5264, &
      &          1.5176,1.5080,1.4977,1.4898,1.4807,1.4743,1.4669,1.4601, &
      &          1.4528,1.4518,1.4525,1.4530,1.4499,1.4458,1.4379,1.4315, &
      &          1.4209,1.4138,1.4075,1.4023,1.3972,1.3965,1.3946,1.3912, &
      &          1.3802,1.3688,1.3575,1.3491,1.3420,1.3386,1.3312,1.3235, &
      &          1.3168,1.3094,1.2996,1.2965,1.2917,1.2853,1.2778,1.2745, &
      &          1.2692,1.2620,1.2534,1.2510,1.2472,1.2412,1.2321,1.2242, &
      &          1.2144,1.2058,1.1960,1.1886,1.1800,1.1714,1.1597,1.1534, &
      &          1.1472,1.1398,1.1324,1.1274,1.1209,1.1144,1.1056,1.1017, &
      &          1.0939,1.0840,1.0757,1.0687,1.0596,1.0505,1.0391,1.0323, &
      &          1.0228,1.0154,1.0092,1.0024,0.9931,0.9869,0.9780,0.9716, &
      &          0.9629,0.9565,0.9484,0.9410,0.9345,0.9329,0.9297,0.9275, &
      &          0.9204,0.9147,0.9072,0.9030,0.8996,0.8974,0.8924,0.8893, &
      &          0.8867,0.8890,0.8898,0.8903,0.8871,0.8857,0.8840,0.8848, &
      &          0.8862,0.8926,0.8979,0.9008,0.9003,0.9046,0.9101,0.9156, &
      &          0.9202,0.9280,0.9355,0.9452,0.9541,0.9656,0.9761,0.9871, &
      &          0.9988,1.0130,1.0250,1.0407,1.0560,1.0735,1.0898,1.1089, &
      &          1.1295,1.1532,1.1728,1.1934,1.2106,1.2300,1.2496,1.2733, &
      &          1.2989,1.3274,1.3542,1.3846,1.4118,1.4405,1.4666,1.4929, &
      &          1.5183,1.5461,1.5729,1.6030,1.6334,1.6664,1.6977,1.7300, &
      &          1.7609,1.7997,1.8382,1.8786,1.9171,1.9583,1.9985,2.0384, &
      &          2.0726,2.1119,2.1497,2.1911,2.2301,2.2743,2.3188,2.3643, &
      &          2.4043,2.4462,2.4842,2.5248,2.5619,2.6000,2.6404,2.6868, &
      &          2.7251,2.7677,2.8101,2.8555,2.8974,2.9383,2.9792,3.0259, &
      &          3.0655,3.1136,3.1589,3.2051,3.2424,3.2811,3.3149,3.3529, &
      &          3.3945,3.4467,3.4910,3.5355,3.5721,3.6185,3.6546,3.6946, &
      &          3.7383,3.7951,3.8384,3.8716 /)
