Name: Sea water
Type: Water
Class: Sea Water
Subclass: none
Particle Size: Liquid
Sample No.: seawater
Owner: Dept. of Earth and Planetary Science, John Hopkins University
Wavelength Range: TIR
Origin: JHU IR Spectroscopy Lab. Original filename SEAWATER.
Collection Date: N/A
Description: Sea water. Original ASTER Spectral Library name was jhu.becknic.water.sea.none.liquid.seawater.spectrum.txt
Measurement: Directional (10 Degree) Hemispherical Reflectance
First Column: X
Second Column: Y
X Units: Wavelength (micrometers)
Y Units:Reflectance (percent)
First X Value: 14.0112
Last X Value:  2.0795
Number of X Values: 2124
Additional Information: none

14.0112	 3.6548
13.9734	 3.6462
13.9359	 3.6145
13.8985	 3.6062
13.8614	 3.5698
13.8244	 3.5347
13.7876	 3.4790
13.7511	 3.4392
13.7147	 3.3667
13.6785	 3.3098
13.6425	 3.2678
13.6067	 3.2519
13.5711	 3.1958
13.5356	 3.1531
13.5004	 3.1182
13.4653	 3.0898
13.4304	 3.0415
13.3957	 3.0049
13.3612	 2.9548
13.3269	 2.9409
13.2927	 2.8914
13.2587	 2.8372
13.2249	 2.7869
13.1912	 2.7595
13.1577	 2.7224
13.1244	 2.6904
13.0913	 2.6497
13.0583	 2.6206
13.0255	 2.5649
12.9929	 2.5039
12.9604	 2.4548
12.9281	 2.4514
12.8959	 2.4065
12.8639	 2.3599
12.8321	 2.3179
12.8004	 2.2881
12.7688	 2.2561
12.7375	 2.2178
12.7063	 2.1724
12.6752	 2.1338
12.6443	 2.0784
12.6135	 2.0469
12.5829	 2.0034
12.5524	 1.9670
12.5221	 1.9189
12.4919	 1.9043
12.4619	 1.8784
12.4320	 1.8303
12.4023	 1.7827
12.3727	 1.7581
12.3432	 1.7344
12.3139	 1.7095
12.2847	 1.6479
12.2557	 1.6304
12.2268	 1.6111
12.1980	 1.5781
12.1694	 1.5435
12.1409	 1.5239
12.1125	 1.5015
12.0843	 1.4841
12.0562	 1.4604
12.0282	 1.4211
12.0004	 1.3691
11.9726	 1.3352
11.9450	 1.3037
11.9176	 1.2778
11.8903	 1.2620
11.8631	 1.2624
11.8360	 1.2378
11.8090	 1.2256
11.7822	 1.1992
11.7555	 1.1665
11.7289	 1.1675
11.7024	 1.1562
11.6760	 1.1152
11.6498	 1.1008
11.6237	 1.0818
11.5977	 1.0703
11.5718	 1.0547
11.5460	 1.0291
11.5203	 1.0190
11.4948	 1.0200
11.4694	 0.9944
11.4440	 0.9849
11.4188	 0.9763
11.3937	 0.9683
11.3688	 0.9504
11.3439	 0.9436
11.3191	 0.9448
11.2944	 0.9582
11.2699	 0.9556
11.2455	 0.9373
11.2211	 0.9119
11.1969	 0.9038
11.1727	 0.9048
11.1487	 0.9136
11.1248	 0.9080
11.1010	 0.9207
11.0773	 0.9248
11.0536	 0.9194
11.0301	 0.9048
11.0067	 0.9075
10.9834	 0.9053
10.9602	 0.9209
10.9370	 0.9180
10.9140	 0.9087
10.8911	 0.9204
10.8682	 0.9307
10.8455	 0.9243
10.8229	 0.9346
10.8003	 0.9343
10.7779	 0.9285
10.7555	 0.9380
10.7332	 0.9568
10.7111	 0.9436
10.6890	 0.9448
10.6670	 0.9607
10.6451	 0.9712
10.6233	 0.9697
10.6015	 0.9773
10.5799	 0.9900
10.5584	 1.0051
10.5369	 0.9961
10.5155	 1.0051
10.4942	 1.0234
10.4730	 1.0234
10.4519	 1.0207
10.4309	 1.0422
10.4099	 1.0352
10.3891	 1.0322
10.3683	 1.0400
10.3476	 1.0552
10.3270	 1.0627
10.3065	 1.0708
10.2860	 1.0823
10.2656	 1.0984
10.2454	 1.0947
10.2251	 1.1064
10.2050	 1.1248
10.1850	 1.1438
10.1650	 1.1326
10.1451	 1.1384
10.1253	 1.1462
10.1056	 1.1475
10.0859	 1.1421
10.0663	 1.1782
10.0468	 1.2012
10.0274	 1.1921
10.0080	 1.1853
 9.9887	 1.1926
 9.9695	 1.2168
 9.9504	 1.2480
 9.9313	 1.2373
 9.9123	 1.2234
 9.8934	 1.2324
 9.8746	 1.2485
 9.8558	 1.2488
 9.8371	 1.2681
 9.8185	 1.2795
 9.7999	 1.2839
 9.7814	 1.2786
 9.7630	 1.2905
 9.7447	 1.2998
 9.7264	 1.3184
 9.7082	 1.3186
 9.6900	 1.3159
 9.6719	 1.3286
 9.6539	 1.3555
 9.6360	 1.3647
 9.6181	 1.3594
 9.6003	 1.3625
 9.5825	 1.3855
 9.5649	 1.3840
 9.5472	 1.3823
 9.5297	 1.3765
 9.5122	 1.3916
 9.4948	 1.4133
 9.4774	 1.4243
 9.4601	 1.4163
 9.4429	 1.4348
 9.4257	 1.4468
 9.4086	 1.4363
 9.3916	 1.4375
 9.3746	 1.4663
 9.3577	 1.4622
 9.3408	 1.4692
 9.3240	 1.4900
 9.3073	 1.4978
 9.2906	 1.4790
 9.2740	 1.4758
 9.2574	 1.4827
 9.2409	 1.4895
 9.2245	 1.4998
 9.2081	 1.5288
 9.1918	 1.5195
 9.1755	 1.5124
 9.1593	 1.5215
 9.1431	 1.5186
 9.1270	 1.5100
 9.1110	 1.5234
 9.0950	 1.5281
 9.0791	 1.5200
 9.0632	 1.5281
 9.0474	 1.5388
 9.0316	 1.5347
 9.0159	 1.5496
 9.0003	 1.5725
 8.9847	 1.5686
 8.9691	 1.5537
 8.9536	 1.5493
 8.9382	 1.5461
 8.9228	 1.5657
 8.9075	 1.5666
 8.8922	 1.5618
 8.8770	 1.5579
 8.8618	 1.5635
 8.8467	 1.5764
 8.8316	 1.5959
 8.8166	 1.5942
 8.8016	 1.5813
 8.7867	 1.5818
 8.7718	 1.6045
 8.7570	 1.6018
 8.7422	 1.5977
 8.7275	 1.5876
 8.7129	 1.5894
 8.6982	 1.5991
 8.6837	 1.6121
 8.6692	 1.6074
 8.6547	 1.6147
 8.6403	 1.6250
 8.6259	 1.6265
 8.6116	 1.6213
 8.5973	 1.6267
 8.5830	 1.6238
 8.5688	 1.6335
 8.5547	 1.6311
 8.5406	 1.6443
 8.5266	 1.6433
 8.5126	 1.6472
 8.4986	 1.6543
 8.4847	 1.6643
 8.4708	 1.6694
 8.4570	 1.6721
 8.4432	 1.6711
 8.4295	 1.6765
 8.4158	 1.6790
 8.4022	 1.6785
 8.3886	 1.6782
 8.3750	 1.6946
 8.3615	 1.7036
 8.3481	 1.7021
 8.3347	 1.6960
 8.3213	 1.7002
 8.3079	 1.7104
 8.2946	 1.7251
 8.2814	 1.7331
 8.2682	 1.7202
 8.2550	 1.7112
 8.2419	 1.7200
 8.2288	 1.7270
 8.2158	 1.7446
 8.2028	 1.7419
 8.1898	 1.7305
 8.1769	 1.7300
 8.1640	 1.7334
 8.1512	 1.7417
 8.1384	 1.7515
 8.1256	 1.7485
 8.1129	 1.7537
 8.1002	 1.7427
 8.0876	 1.7346
 8.0750	 1.7429
 8.0624	 1.7581
 8.0499	 1.7646
 8.0374	 1.7598
 8.0250	 1.7544
 8.0126	 1.7632
 8.0002	 1.7686
 7.9879	 1.7583
 7.9756	 1.7563
 7.9634	 1.7632
 7.9512	 1.7622
 7.9390	 1.7561
 7.9268	 1.7622
 7.9147	 1.7673
 7.9027	 1.7688
 7.8906	 1.7690
 7.8786	 1.7576
 7.8667	 1.7642
 7.8548	 1.7820
 7.8429	 1.7751
 7.8310	 1.7744
 7.8192	 1.7839
 7.8075	 1.7817
 7.7957	 1.7793
 7.7840	 1.7854
 7.7723	 1.7949
 7.7607	 1.7871
 7.7491	 1.7891
 7.7375	 1.7905
 7.7260	 1.7978
 7.7145	 1.7976
 7.7031	 1.8105
 7.6916	 1.8127
 7.6802	 1.8030
 7.6689	 1.7947
 7.6575	 1.7935
 7.6462	 1.7922
 7.6350	 1.8064
 7.6238	 1.7978
 7.6126	 1.7805
 7.6014	 1.7886
 7.5903	 1.7852
 7.5792	 1.7827
 7.5681	 1.8054
 7.5571	 1.8196
 7.5461	 1.8332
 7.5351	 1.8386
 7.5242	 1.8354
 7.5133	 1.8425
 7.5024	 1.8506
 7.4916	 1.8262
 7.4807	 1.7681
 7.4700	 1.7068
 7.4592	 1.7346
 7.4485	 1.8262
 7.4378	 1.8579
 7.4272	 1.8567
 7.4165	 1.8555
 7.4059	 1.8621
 7.3954	 1.8701
 7.3848	 1.8630
 7.3743	 1.8562
 7.3639	 1.8613
 7.3534	 1.8137
 7.3430	 1.7065
 7.3326	 1.7319
 7.3223	 1.8545
 7.3119	 1.8560
 7.3016	 1.8506
 7.2914	 1.8423
 7.2811	 1.7461
 7.2709	 1.7524
 7.2607	 1.8506
 7.2506	 1.8835
 7.2404	 1.9106
 7.2303	 1.9236
 7.2203	 1.8704
 7.2102	 1.7461
 7.2002	 1.8091
 7.1902	 1.9187
 7.1803	 1.8311
 7.1703	 1.6733
 7.1604	 1.7212
 7.1506	 1.7444
 7.1407	 1.8186
 7.1309	 1.9172
 7.1211	 1.8462
 7.1113	 1.8677
 7.1016	 1.9543
 7.0919	 1.9558
 7.0822	 1.9368
 7.0725	 1.9414
 7.0629	 1.8618
 7.0533	 1.6345
 7.0437	 1.5666
 7.0341	 1.7920
 7.0246	 1.8540
 7.0151	 1.9075
 7.0056	 1.9346
 6.9962	 1.8542
 6.9867	 1.8750
 6.9773	 1.9111
 6.9679	 1.7107
 6.9586	 1.5720
 6.9493	 1.8428
 6.9400	 1.9998
 6.9307	 2.0112
 6.9214	 1.9907
 6.9122	 1.8862
 6.9030	 1.8389
 6.8938	 1.9290
 6.8847	 1.9226
 6.8755	 1.7322
 6.8664	 1.3264
 6.8573	 1.3643
 6.8483	 1.7688
 6.8393	 1.9302
 6.8302	 1.7720
 6.8213	 1.8064
 6.8123	 1.9775
 6.8034	 1.8855
 6.7944	 1.5544
 6.7855	 1.5120
 6.7767	 1.7029
 6.7678	 1.8831
 6.7590	 2.0168
 6.7502	 2.0041
 6.7414	 2.0410
 6.7327	 1.9534
 6.7239	 1.7637
 6.7152	 1.6191
 6.7065	 1.7153
 6.6979	 1.9529
 6.6892	 1.8442
 6.6806	 1.6499
 6.6720	 1.7356
 6.6634	 1.9250
 6.6549	 1.9746
 6.6464	 1.5952
 6.6378	 1.1650
 6.6294	 1.3508
 6.6209	 1.7136
 6.6124	 1.8359
 6.6040	 1.8464
 6.5956	 1.6616
 6.5872	 1.6145
 6.5789	 1.5029
 6.5705	 1.3894
 6.5622	 1.6128
 6.5539	 1.6875
 6.5456	 1.8081
 6.5374	 1.9597
 6.5292	 1.8879
 6.5209	 1.6777
 6.5128	 1.8540
 6.5046	 1.7331
 6.4964	 1.2563
 6.4883	 1.2187
 6.4802	 1.4900
 6.4721	 1.7190
 6.4640	 1.9880
 6.4560	 2.0061
 6.4480	 1.9795
 6.4399	 1.9329
 6.4320	 1.7534
 6.4240	 1.5076
 6.4160	 1.0708
 6.4081	 1.3362
 6.4002	 1.9534
 6.3923	 2.0854
 6.3844	 2.0991
 6.3766	 1.9480
 6.3687	 1.8503
 6.3609	 2.1333
 6.3531	 2.0564
 6.3454	 1.7334
 6.3376	 1.9519
 6.3299	 2.2905
 6.3221	 2.3391
 6.3144	 2.3601
 6.3068	 2.3674
 6.2991	 2.3857
 6.2914	 2.3774
 6.2838	 2.3840
 6.2762	 2.3599
 6.2686	 2.3630
 6.2611	 2.4094
 6.2535	 2.4546
 6.2460	 2.4304
 6.2385	 2.4282
 6.2310	 2.4482
 6.2235	 2.4414
 6.2160	 2.4028
 6.2086	 2.4385
 6.2011	 2.4834
 6.1937	 2.2876
 6.1863	 1.9304
 6.1790	 2.1428
 6.1716	 2.4021
 6.1643	 2.1965
 6.1570	 2.1040
 6.1496	 2.2319
 6.1424	 2.2248
 6.1351	 2.3332
 6.1278	 2.3301
 6.1206	 1.9456
 6.1134	 1.5759
 6.1062	 1.8359
 6.0990	 2.1125
 6.0918	 2.1523
 6.0847	 2.0290
 6.0776	 1.6521
 6.0704	 1.4722
 6.0633	 1.6848
 6.0563	 1.4512
 6.0492	 1.0032
 6.0421	 1.3252
 6.0351	 1.7571
 6.0281	 1.8079
 6.0211	 1.6750
 6.0141	 1.5190
 6.0071	 1.6123
 6.0002	 1.5950
 5.9932	 1.3389
 5.9863	 1.2749
 5.9794	 1.3965
 5.9725	 1.3066
 5.9657	 1.2971
 5.9588	 1.4412
 5.9520	 1.3848
 5.9451	 1.2043
 5.9383	 0.9351
 5.9315	 1.0918
 5.9247	 1.3213
 5.9180	 1.3489
 5.9112	 1.4045
 5.9045	 1.2988
 5.8978	 1.0354
 5.8911	 1.0317
 5.8844	 0.9329
 5.8777	 0.9609
 5.8711	 1.2217
 5.8644	 1.2039
 5.8578	 1.2739
 5.8512	 1.3931
 5.8446	 1.4297
 5.8380	 1.3503
 5.8314	 1.1841
 5.8249	 1.0315
 5.8184	 1.1094
 5.8118	 1.3896
 5.8053	 1.4873
 5.7988	 1.4980
 5.7924	 1.5425
 5.7859	 1.4956
 5.7794	 1.4075
 5.7730	 1.2395
 5.7666	 1.0662
 5.7602	 1.3003
 5.7538	 1.4385
 5.7474	 1.3560
 5.7410	 1.4275
 5.7347	 1.4624
 5.7283	 1.4700
 5.7220	 1.3914
 5.7157	 1.3208
 5.7094	 1.3535
 5.7031	 1.5469
 5.6969	 1.5752
 5.6906	 1.5269
 5.6844	 1.5706
 5.6782	 1.5129
 5.6719	 1.5442
 5.6657	 1.6682
 5.6596	 1.5908
 5.6534	 1.5078
 5.6472	 1.4050
 5.6411	 1.3332
 5.6349	 1.5276
 5.6288	 1.6731
 5.6227	 1.6970
 5.6166	 1.6484
 5.6106	 1.6760
 5.6045	 1.6836
 5.5984	 1.7180
 5.5924	 1.7615
 5.5864	 1.6284
 5.5804	 1.4705
 5.5744	 1.5713
 5.5684	 1.7134
 5.5624	 1.7090
 5.5564	 1.6584
 5.5505	 1.6724
 5.5445	 1.7703
 5.5386	 1.8157
 5.5327	 1.8169
 5.5268	 1.7756
 5.5209	 1.7563
 5.5151	 1.8142
 5.5092	 1.8689
 5.5033	 1.8542
 5.4975	 1.8684
 5.4917	 1.8767
 5.4859	 1.8269
 5.4801	 1.7197
 5.4743	 1.7571
 5.4685	 1.7031
 5.4628	 1.6675
 5.4570	 1.8298
 5.4513	 1.8975
 5.4455	 1.8835
 5.4398	 1.8914
 5.4341	 1.9072
 5.4284	 1.7932
 5.4228	 1.6277
 5.4171	 1.7319
 5.4114	 1.8628
 5.4058	 1.9072
 5.4002	 1.9436
 5.3945	 1.9531
 5.3889	 1.9563
 5.3833	 1.9443
 5.3778	 1.9531
 5.3722	 1.9639
 5.3666	 1.9651
 5.3611	 1.9153
 5.3555	 1.7800
 5.3500	 1.7043
 5.3445	 1.8506
 5.3390	 1.9702
 5.3335	 1.9831
 5.3280	 1.9822
 5.3225	 1.9790
 5.3171	 1.9853
 5.3116	 1.9873
 5.3062	 1.9827
 5.3008	 1.9736
 5.2954	 1.9160
 5.2900	 1.9082
 5.2846	 1.9790
 5.2792	 1.9795
 5.2738	 1.9790
 5.2684	 2.0054
 5.2631	 2.0200
 5.2578	 2.0146
 5.2524	 2.0207
 5.2471	 2.0188
 5.2418	 1.9929
 5.2365	 1.9641
 5.2312	 2.0027
 5.2260	 2.0305
 5.2207	 2.0012
 5.2154	 1.9065
 5.2102	 1.9248
 5.2050	 1.9807
 5.1998	 1.9573
 5.1945	 2.0154
 5.1893	 2.0518
 5.1842	 2.0554
 5.1790	 2.0508
 5.1738	 2.0515
 5.1686	 2.0608
 5.1635	 2.0671
 5.1584	 2.0681
 5.1532	 2.0237
 5.1481	 1.9541
 5.1430	 2.0054
 5.1379	 2.0537
 5.1328	 2.0623
 5.1277	 2.0762
 5.1227	 2.0776
 5.1176	 2.0723
 5.1126	 2.0749
 5.1075	 2.0906
 5.1025	 2.0959
 5.0975	 2.0935
 5.0925	 2.0933
 5.0875	 2.0664
 5.0825	 2.0415
 5.0775	 2.0747
 5.0726	 2.1033
 5.0676	 2.1130
 5.0627	 2.1130
 5.0577	 2.1162
 5.0528	 2.1135
 5.0479	 2.1089
 5.0430	 2.1086
 5.0380	 2.1130
 5.0332	 2.1103
 5.0283	 2.1016
 5.0234	 2.0735
 5.0185	 2.0601
 5.0137	 2.1094
 5.0088	 2.1269
 5.0040	 2.1250
 4.9992	 2.1199
 4.9944	 2.1243
 4.9896	 2.1265
 4.9848	 2.1272
 4.9800	 2.1338
 4.9752	 2.1411
 4.9704	 2.1323
 4.9657	 2.1316
 4.9609	 2.1130
 4.9562	 2.0969
 4.9514	 2.1194
 4.9467	 2.1318
 4.9420	 2.1328
 4.9373	 2.1399
 4.9326	 2.1367
 4.9279	 2.1367
 4.9232	 2.1450
 4.9186	 2.1455
 4.9139	 2.1360
 4.9092	 2.1367
 4.9046	 2.1443
 4.9000	 2.1333
 4.8953	 2.1343
 4.8907	 2.1462
 4.8861	 2.1526
 4.8815	 2.1565
 4.8769	 2.1521
 4.8723	 2.1479
 4.8678	 2.1531
 4.8632	 2.1479
 4.8586	 2.1450
 4.8541	 2.1421
 4.8495	 2.1435
 4.8450	 2.1399
 4.8405	 2.1406
 4.8360	 2.1553
 4.8315	 2.1592
 4.8270	 2.1521
 4.8225	 2.1545
 4.8180	 2.1550
 4.8135	 2.1516
 4.8090	 2.1497
 4.8046	 2.1470
 4.8001	 2.1409
 4.7957	 2.1443
 4.7913	 2.1492
 4.7868	 2.1479
 4.7824	 2.1470
 4.7780	 2.1387
 4.7736	 2.1433
 4.7692	 2.1558
 4.7648	 2.1582
 4.7605	 2.1545
 4.7561	 2.1543
 4.7517	 2.1562
 4.7474	 2.1531
 4.7431	 2.1509
 4.7387	 2.1543
 4.7344	 2.1538
 4.7301	 2.1536
 4.7258	 2.1550
 4.7215	 2.1540
 4.7172	 2.1523
 4.7129	 2.1592
 4.7086	 2.1589
 4.7043	 2.1567
 4.7000	 2.1565
 4.6958	 2.1545
 4.6915	 2.1631
 4.6873	 2.1670
 4.6831	 2.1584
 4.6788	 2.1482
 4.6746	 2.1514
 4.6704	 2.1602
 4.6662	 2.1614
 4.6620	 2.1565
 4.6578	 2.1533
 4.6536	 2.1582
 4.6495	 2.1592
 4.6453	 2.1658
 4.6411	 2.1631
 4.6370	 2.1531
 4.6328	 2.1475
 4.6287	 2.1540
 4.6246	 2.1643
 4.6205	 2.1636
 4.6163	 2.1580
 4.6122	 2.1597
 4.6081	 2.1680
 4.6040	 2.1626
 4.6000	 2.1531
 4.5959	 2.1479
 4.5918	 2.1533
 4.5877	 2.1648
 4.5837	 2.1604
 4.5796	 2.1650
 4.5756	 2.1719
 4.5716	 2.1638
 4.5675	 2.1606
 4.5635	 2.1682
 4.5595	 2.1633
 4.5555	 2.1570
 4.5515	 2.1641
 4.5475	 2.1636
 4.5435	 2.1616
 4.5395	 2.1626
 4.5356	 2.1619
 4.5316	 2.1538
 4.5276	 2.1606
 4.5237	 2.1692
 4.5197	 2.1716
 4.5158	 2.1699
 4.5119	 2.1672
 4.5080	 2.1716
 4.5040	 2.1760
 4.5001	 2.1709
 4.4962	 2.1653
 4.4923	 2.1697
 4.4884	 2.1706
 4.4846	 2.1699
 4.4807	 2.1804
 4.4768	 2.1814
 4.4730	 2.1697
 4.4691	 2.1685
 4.4652	 2.1736
 4.4614	 2.1826
 4.4576	 2.1882
 4.4537	 2.1855
 4.4499	 2.1838
 4.4461	 2.1807
 4.4423	 2.1841
 4.4385	 2.1846
 4.4347	 2.1882
 4.4309	 2.1863
 4.4271	 2.1794
 4.4233	 2.1887
 4.4196	 2.1909
 4.4158	 2.1912
 4.4120	 2.1943
 4.4083	 2.1916
 4.4045	 2.1914
 4.4008	 2.1973
 4.3971	 2.2039
 4.3934	 2.2009
 4.3896	 2.1899
 4.3859	 2.1853
 4.3822	 2.1865
 4.3785	 2.1909
 4.3748	 2.1931
 4.3711	 2.1982
 4.3674	 2.2060
 4.3638	 2.2078
 4.3601	 2.2060
 4.3564	 2.2053
 4.3528	 2.2068
 4.3491	 2.2102
 4.3455	 2.2078
 4.3418	 2.2073
 4.3382	 2.2085
 4.3346	 2.2119
 4.3310	 2.2153
 4.3273	 2.2143
 4.3237	 2.2141
 4.3201	 2.2148
 4.3165	 2.2119
 4.3129	 2.2146
 4.3094	 2.2153
 4.3058	 2.2180
 4.3022	 2.2224
 4.2986	 2.2175
 4.2951	 2.2205
 4.2915	 2.2234
 4.2880	 2.2307
 4.2844	 2.2248
 4.2809	 2.2124
 4.2774	 2.2158
 4.2738	 2.2248
 4.2703	 2.2241
 4.2668	 2.2183
 4.2633	 2.2202
 4.2598	 2.2258
 4.2563	 2.2305
 4.2528	 2.2241
 4.2493	 2.2180
 4.2458	 2.2327
 4.2424	 2.2395
 4.2389	 2.2285
 4.2354	 2.2278
 4.2320	 2.2244
 4.2285	 2.2224
 4.2251	 2.2327
 4.2216	 2.2441
 4.2182	 2.2478
 4.2148	 2.2466
 4.2113	 2.2476
 4.2079	 2.2493
 4.2045	 2.2507
 4.2011	 2.2498
 4.1977	 2.2488
 4.1943	 2.2549
 4.1909	 2.2529
 4.1875	 2.2490
 4.1841	 2.2532
 4.1808	 2.2598
 4.1774	 2.2612
 4.1740	 2.2588
 4.1707	 2.2695
 4.1673	 2.2739
 4.1640	 2.2685
 4.1606	 2.2717
 4.1573	 2.2776
 4.1540	 2.2749
 4.1506	 2.2710
 4.1473	 2.2710
 4.1440	 2.2815
 4.1407	 2.2815
 4.1374	 2.2776
 4.1341	 2.2810
 4.1308	 2.2808
 4.1275	 2.2893
 4.1242	 2.2944
 4.1209	 2.2900
 4.1177	 2.2876
 4.1144	 2.2966
 4.1111	 2.2998
 4.1079	 2.2915
 4.1046	 2.2993
 4.1014	 2.3035
 4.0981	 2.3022
 4.0949	 2.3039
 4.0917	 2.2986
 4.0884	 2.3015
 4.0852	 2.3101
 4.0820	 2.3098
 4.0788	 2.3086
 4.0756	 2.3086
 4.0724	 2.3054
 4.0692	 2.3132
 4.0660	 2.3152
 4.0628	 2.3154
 4.0596	 2.3140
 4.0565	 2.3101
 4.0533	 2.3086
 4.0501	 2.3203
 4.0470	 2.3298
 4.0438	 2.3303
 4.0406	 2.3291
 4.0375	 2.3306
 4.0344	 2.3267
 4.0312	 2.3252
 4.0281	 2.3320
 4.0250	 2.3328
 4.0218	 2.3269
 4.0187	 2.3306
 4.0156	 2.3408
 4.0125	 2.3393
 4.0094	 2.3393
 4.0063	 2.3376
 4.0032	 2.3423
 4.0001	 2.3384
 3.9970	 2.3320
 3.9940	 2.3403
 3.9909	 2.3445
 3.9878	 2.3498
 3.9847	 2.3628
 3.9817	 2.3655
 3.9786	 2.3603
 3.9756	 2.3616
 3.9725	 2.3574
 3.9695	 2.3545
 3.9665	 2.3664
 3.9634	 2.3716
 3.9604	 2.3596
 3.9574	 2.3591
 3.9544	 2.3606
 3.9513	 2.3669
 3.9483	 2.3684
 3.9453	 2.3760
 3.9423	 2.3840
 3.9393	 2.3813
 3.9363	 2.3757
 3.9333	 2.3694
 3.9304	 2.3750
 3.9274	 2.3840
 3.9244	 2.3882
 3.9214	 2.3857
 3.9185	 2.3894
 3.9155	 2.3916
 3.9126	 2.3965
 3.9096	 2.4053
 3.9067	 2.3975
 3.9037	 2.3948
 3.9008	 2.4055
 3.8979	 2.4050
 3.8949	 2.3982
 3.8920	 2.4077
 3.8891	 2.4114
 3.8862	 2.4070
 3.8833	 2.4077
 3.8804	 2.4202
 3.8775	 2.4224
 3.8746	 2.4209
 3.8717	 2.4211
 3.8688	 2.4228
 3.8659	 2.4226
 3.8630	 2.4172
 3.8601	 2.4268
 3.8573	 2.4424
 3.8544	 2.4426
 3.8515	 2.4299
 3.8487	 2.4329
 3.8458	 2.4434
 3.8430	 2.4456
 3.8401	 2.4431
 3.8373	 2.4451
 3.8344	 2.4548
 3.8316	 2.4560
 3.8288	 2.4473
 3.8259	 2.4509
 3.8231	 2.4560
 3.8203	 2.4600
 3.8175	 2.4595
 3.8147	 2.4602
 3.8119	 2.4626
 3.8091	 2.4673
 3.8063	 2.4709
 3.8035	 2.4651
 3.8007	 2.4702
 3.7979	 2.4800
 3.7951	 2.4817
 3.7924	 2.4907
 3.7896	 2.4827
 3.7868	 2.4761
 3.7841	 2.4819
 3.7813	 2.4829
 3.7785	 2.4880
 3.7758	 2.4853
 3.7730	 2.4900
 3.7703	 2.4983
 3.7676	 2.4936
 3.7648	 2.4917
 3.7621	 2.4995
 3.7594	 2.5027
 3.7566	 2.4917
 3.7539	 2.4849
 3.7512	 2.5049
 3.7485	 2.5190
 3.7458	 2.5159
 3.7431	 2.5173
 3.7404	 2.5242
 3.7377	 2.5166
 3.7350	 2.5151
 3.7323	 2.5195
 3.7296	 2.5227
 3.7269	 2.5315
 3.7242	 2.5229
 3.7216	 2.5195
 3.7189	 2.5349
 3.7162	 2.5449
 3.7136	 2.5373
 3.7109	 2.5286
 3.7083	 2.5295
 3.7056	 2.5378
 3.7030	 2.5444
 3.7003	 2.5425
 3.6977	 2.5478
 3.6950	 2.5518
 3.6924	 2.5588
 3.6898	 2.5444
 3.6872	 2.5376
 3.6845	 2.5586
 3.6819	 2.5703
 3.6793	 2.5586
 3.6767	 2.5644
 3.6741	 2.5774
 3.6715	 2.5779
 3.6689	 2.5793
 3.6663	 2.5823
 3.6637	 2.5789
 3.6611	 2.5781
 3.6585	 2.5847
 3.6560	 2.5893
 3.6534	 2.5930
 3.6508	 2.5937
 3.6482	 2.5920
 3.6457	 2.5886
 3.6431	 2.5893
 3.6406	 2.5928
 3.6380	 2.6030
 3.6355	 2.6125
 3.6329	 2.6150
 3.6304	 2.6086
 3.6278	 2.6077
 3.6253	 2.6113
 3.6227	 2.6196
 3.6202	 2.6326
 3.6177	 2.6362
 3.6152	 2.6316
 3.6127	 2.6309
 3.6101	 2.6418
 3.6076	 2.6467
 3.6051	 2.6523
 3.6026	 2.6414
 3.6001	 2.6406
 3.5976	 2.6440
 3.5951	 2.6501
 3.5926	 2.6650
 3.5901	 2.6626
 3.5876	 2.6567
 3.5852	 2.6560
 3.5827	 2.6570
 3.5802	 2.6623
 3.5777	 2.6706
 3.5753	 2.6663
 3.5728	 2.6765
 3.5704	 2.6934
 3.5679	 2.6929
 3.5654	 2.6902
 3.5630	 2.6872
 3.5605	 2.6872
 3.5581	 2.7004
 3.5557	 2.7039
 3.5532	 2.6997
 3.5508	 2.7019
 3.5484	 2.7017
 3.5459	 2.7002
 3.5435	 2.6987
 3.5411	 2.7070
 3.5387	 2.7202
 3.5363	 2.7270
 3.5338	 2.7236
 3.5314	 2.7231
 3.5290	 2.7324
 3.5266	 2.7351
 3.5242	 2.7400
 3.5218	 2.7417
 3.5195	 2.7510
 3.5171	 2.7541
 3.5147	 2.7529
 3.5123	 2.7624
 3.5099	 2.7583
 3.5075	 2.7463
 3.5052	 2.7676
 3.5028	 2.7781
 3.5004	 2.7688
 3.4981	 2.7717
 3.4957	 2.7749
 3.4934	 2.7810
 3.4910	 2.7930
 3.4887	 2.7991
 3.4863	 2.8022
 3.4840	 2.7959
 3.4816	 2.8059
 3.4793	 2.8269
 3.4770	 2.8274
 3.4746	 2.8274
 3.4723	 2.8235
 3.4700	 2.8364
 3.4677	 2.8389
 3.4653	 2.8391
 3.4630	 2.8506
 3.4607	 2.8550
 3.4584	 2.8489
 3.4561	 2.8603
 3.4538	 2.8645
 3.4515	 2.8704
 3.4492	 2.8762
 3.4469	 2.8740
 3.4446	 2.8740
 3.4423	 2.8804
 3.4400	 2.8889
 3.4378	 2.8987
 3.4355	 2.9133
 3.4332	 2.9101
 3.4309	 2.9043
 3.4287	 2.9214
 3.4264	 2.9246
 3.4241	 2.9160
 3.4219	 2.9265
 3.4196	 2.9416
 3.4174	 2.9404
 3.4151	 2.9370
 3.4129	 2.9497
 3.4106	 2.9541
 3.4084	 2.9690
 3.4061	 2.9868
 3.4039	 2.9829
 3.4017	 2.9785
 3.3994	 2.9863
 3.3972	 2.9961
 3.3950	 3.0059
 3.3928	 3.0078
 3.3906	 3.0090
 3.3883	 3.0298
 3.3861	 3.0344
 3.3839	 3.0290
 3.3817	 3.0344
 3.3795	 3.0395
 3.3773	 3.0513
 3.3751	 3.0486
 3.3729	 3.0571
 3.3707	 3.0625
 3.3685	 3.0640
 3.3663	 3.0801
 3.3641	 3.0913
 3.3620	 3.0979
 3.3598	 3.1042
 3.3576	 3.1182
 3.3554	 3.1335
 3.3533	 3.1287
 3.3511	 3.1265
 3.3489	 3.1462
 3.3468	 3.1487
 3.3446	 3.1536
 3.3425	 3.1582
 3.3403	 3.1492
 3.3382	 3.1582
 3.3360	 3.1684
 3.3339	 3.1682
 3.3317	 3.1909
 3.3296	 3.1968
 3.3274	 3.2121
 3.3253	 3.2219
 3.3232	 3.2109
 3.3210	 3.2207
 3.3189	 3.2410
 3.3168	 3.2412
 3.3147	 3.2524
 3.3126	 3.2634
 3.3104	 3.2737
 3.3083	 3.2913
 3.3062	 3.2954
 3.3041	 3.2849
 3.3020	 3.2830
 3.2999	 3.2793
 3.2978	 3.2947
 3.2957	 3.3191
 3.2936	 3.3313
 3.2915	 3.3523
 3.2894	 3.3562
 3.2874	 3.3542
 3.2853	 3.3657
 3.2832	 3.3711
 3.2811	 3.3660
 3.2790	 3.3870
 3.2770	 3.3999
 3.2749	 3.4009
 3.2728	 3.4001
 3.2708	 3.4116
 3.2687	 3.4482
 3.2666	 3.4538
 3.2646	 3.4531
 3.2625	 3.4517
 3.2605	 3.4517
 3.2584	 3.4719
 3.2564	 3.4990
 3.2543	 3.5063
 3.2523	 3.5088
 3.2503	 3.5029
 3.2482	 3.5044
 3.2462	 3.5110
 3.2442	 3.5288
 3.2421	 3.5464
 3.2401	 3.5637
 3.2381	 3.5757
 3.2361	 3.5757
 3.2340	 3.5749
 3.2320	 3.5871
 3.2300	 3.5898
 3.2280	 3.5935
 3.2260	 3.5933
 3.2240	 3.6111
 3.2220	 3.6374
 3.2200	 3.6504
 3.2180	 3.6587
 3.2160	 3.6724
 3.2140	 3.6687
 3.2120	 3.6667
 3.2100	 3.6658
 3.2080	 3.6680
 3.2060	 3.6882
 3.2040	 3.7060
 3.2021	 3.7031
 3.2001	 3.7183
 3.1981	 3.7346
 3.1961	 3.7461
 3.1942	 3.7676
 3.1922	 3.7690
 3.1902	 3.7673
 3.1883	 3.7849
 3.1863	 3.7981
 3.1844	 3.8203
 3.1824	 3.8298
 3.1805	 3.8220
 3.1785	 3.8325
 3.1766	 3.8467
 3.1746	 3.8552
 3.1727	 3.8594
 3.1707	 3.8628
 3.1688	 3.8708
 3.1669	 3.8769
 3.1649	 3.8721
 3.1630	 3.8696
 3.1611	 3.8806
 3.1591	 3.8938
 3.1572	 3.9106
 3.1553	 3.9162
 3.1534	 3.9092
 3.1515	 3.9101
 3.1495	 3.9189
 3.1476	 3.9304
 3.1457	 3.9407
 3.1438	 3.9580
 3.1419	 3.9617
 3.1400	 3.9556
 3.1381	 3.9560
 3.1362	 3.9551
 3.1343	 3.9661
 3.1324	 3.9748
 3.1305	 3.9790
 3.1286	 3.9707
 3.1268	 3.9526
 3.1249	 3.9585
 3.1230	 3.9722
 3.1211	 3.9800
 3.1192	 3.9917
 3.1174	 3.9795
 3.1155	 3.9475
 3.1136	 3.9475
 3.1117	 3.9653
 3.1099	 3.9648
 3.1080	 3.9690
 3.1061	 3.9602
 3.1043	 3.9529
 3.1024	 3.9551
 3.1006	 3.9675
 3.0987	 3.9704
 3.0969	 3.9700
 3.0950	 3.9646
 3.0932	 3.9585
 3.0913	 3.9407
 3.0895	 3.9277
 3.0876	 3.9377
 3.0858	 3.9341
 3.0840	 3.9314
 3.0821	 3.9109
 3.0803	 3.9014
 3.0785	 3.9048
 3.0766	 3.9087
 3.0748	 3.8987
 3.0730	 3.8642
 3.0712	 3.8762
 3.0694	 3.9009
 3.0675	 3.8794
 3.0657	 3.8579
 3.0639	 3.8572
 3.0621	 3.8584
 3.0603	 3.8542
 3.0585	 3.8437
 3.0567	 3.8191
 3.0549	 3.8037
 3.0531	 3.8071
 3.0513	 3.8088
 3.0495	 3.7974
 3.0477	 3.7895
 3.0459	 3.8074
 3.0441	 3.7974
 3.0423	 3.7829
 3.0406	 3.7756
 3.0388	 3.7678
 3.0370	 3.7490
 3.0352	 3.7429
 3.0334	 3.7483
 3.0317	 3.7554
 3.0299	 3.7532
 3.0281	 3.7390
 3.0264	 3.7392
 3.0246	 3.7475
 3.0228	 3.7190
 3.0211	 3.6985
 3.0193	 3.6833
 3.0176	 3.6760
 3.0158	 3.6999
 3.0140	 3.7075
 3.0123	 3.7046
 3.0105	 3.6929
 3.0088	 3.6780
 3.0070	 3.6711
 3.0053	 3.6545
 3.0036	 3.6523
 3.0018	 3.6611
 3.0001	 3.6582
 2.9984	 3.6382
 2.9966	 3.6296
 2.9949	 3.6221
 2.9932	 3.6047
 2.9914	 3.6045
 2.9897	 3.6157
 2.9880	 3.5969
 2.9863	 3.5886
 2.9845	 3.6003
 2.9828	 3.5784
 2.9811	 3.5666
 2.9794	 3.5720
 2.9777	 3.5420
 2.9760	 3.5083
 2.9743	 3.4988
 2.9726	 3.5051
 2.9709	 3.4768
 2.9692	 3.4629
 2.9675	 3.4734
 2.9658	 3.4702
 2.9641	 3.4368
 2.9624	 3.4158
 2.9607	 3.4143
 2.9590	 3.4153
 2.9573	 3.3967
 2.9556	 3.3528
 2.9539	 3.3298
 2.9523	 3.3235
 2.9506	 3.2908
 2.9489	 3.2578
 2.9472	 3.2424
 2.9455	 3.2461
 2.9439	 3.1985
 2.9422	 3.1562
 2.9405	 3.1587
 2.9389	 3.1562
 2.9372	 3.1250
 2.9355	 3.0798
 2.9339	 3.0515
 2.9322	 3.0351
 2.9306	 3.0012
 2.9289	 2.9651
 2.9272	 2.9560
 2.9256	 2.9275
 2.9239	 2.8540
 2.9223	 2.8186
 2.9207	 2.8274
 2.9190	 2.8057
 2.9174	 2.7793
 2.9157	 2.7627
 2.9141	 2.7070
 2.9124	 2.6775
 2.9108	 2.6580
 2.9092	 2.6304
 2.9075	 2.5815
 2.9059	 2.5129
 2.9043	 2.4709
 2.9027	 2.4517
 2.9010	 2.4033
 2.8994	 2.3923
 2.8978	 2.3928
 2.8962	 2.3752
 2.8946	 2.3525
 2.8929	 2.3076
 2.8913	 2.2524
 2.8897	 2.2163
 2.8881	 2.1765
 2.8865	 2.1670
 2.8849	 2.1492
 2.8833	 2.1033
 2.8817	 2.0544
 2.8801	 2.0310
 2.8785	 2.0300
 2.8769	 2.0139
 2.8753	 1.9751
 2.8737	 1.9326
 2.8721	 1.8950
 2.8705	 1.8748
 2.8689	 1.8391
 2.8673	 1.7803
 2.8658	 1.7561
 2.8642	 1.7502
 2.8626	 1.7126
 2.8610	 1.6846
 2.8594	 1.6655
 2.8579	 1.6562
 2.8563	 1.6042
 2.8547	 1.5366
 2.8531	 1.5159
 2.8516	 1.5210
 2.8500	 1.4697
 2.8484	 1.4475
 2.8469	 1.4707
 2.8453	 1.4468
 2.8437	 1.4065
 2.8422	 1.3867
 2.8406	 1.3398
 2.8391	 1.2815
 2.8375	 1.2620
 2.8360	 1.2529
 2.8344	 1.2292
 2.8329	 1.2107
 2.8313	 1.2178
 2.8298	 1.2148
 2.8282	 1.1689
 2.8267	 1.1475
 2.8252	 1.1460
 2.8236	 1.1099
 2.8221	 1.0605
 2.8205	 1.0237
 2.8190	 1.0056
 2.8175	 1.0156
 2.8159	 0.9927
 2.8144	 0.9639
 2.8129	 0.9707
 2.8114	 0.9712
 2.8098	 0.9346
 2.8083	 0.9084
 2.8068	 0.8975
 2.8053	 0.8472
 2.8038	 0.7590
 2.8022	 0.7622
 2.8007	 0.8340
 2.7992	 0.8765
 2.7977	 0.8655
 2.7962	 0.8411
 2.7947	 0.8306
 2.7932	 0.8044
 2.7917	 0.8013
 2.7902	 0.7710
 2.7887	 0.6936
 2.7872	 0.6587
 2.7857	 0.7095
 2.7842	 0.7437
 2.7827	 0.7100
 2.7812	 0.6943
 2.7797	 0.6968
 2.7782	 0.6990
 2.7767	 0.7007
 2.7752	 0.7036
 2.7738	 0.6731
 2.7723	 0.6255
 2.7708	 0.6138
 2.7693	 0.6135
 2.7678	 0.5898
 2.7664	 0.6011
 2.7649	 0.6057
 2.7634	 0.5815
 2.7619	 0.5837
 2.7605	 0.6372
 2.7590	 0.6453
 2.7575	 0.5857
 2.7561	 0.4998
 2.7546	 0.5105
 2.7531	 0.5996
 2.7517	 0.6270
 2.7502	 0.6362
 2.7488	 0.6338
 2.7473	 0.6355
 2.7458	 0.6252
 2.7444	 0.6030
 2.7429	 0.5554
 2.7415	 0.4805
 2.7400	 0.4460
 2.7386	 0.4893
 2.7371	 0.5652
 2.7357	 0.5637
 2.7343	 0.5771
 2.7328	 0.6304
 2.7314	 0.6555
 2.7299	 0.6643
 2.7285	 0.6606
 2.7271	 0.6287
 2.7256	 0.5562
 2.7242	 0.5308
 2.7228	 0.5769
 2.7213	 0.5283
 2.7199	 0.5266
 2.7185	 0.6230
 2.7171	 0.6704
 2.7156	 0.7180
 2.7142	 0.7456
 2.7128	 0.7173
 2.7114	 0.6128
 2.7100	 0.5964
 2.7085	 0.7007
 2.7071	 0.7949
 2.7057	 0.8342
 2.7043	 0.8472
 2.7029	 0.8228
 2.7015	 0.7905
 2.7001	 0.8376
 2.6987	 0.8870
 2.6973	 0.8735
 2.6959	 0.7988
 2.6945	 0.7415
 2.6931	 0.7991
 2.6917	 0.9224
 2.6903	 0.9551
 2.6889	 0.9377
 2.6875	 0.9094
 2.6861	 0.9075
 2.6847	 0.9102
 2.6833	 0.9246
 2.6819	 0.9839
 2.6805	 0.9482
 2.6791	 0.8350
 2.6778	 0.7898
 2.6764	 0.7927
 2.6750	 0.9116
 2.6736	 0.9927
 2.6722	 0.9285
 2.6709	 0.7556
 2.6695	 0.7900
 2.6681	 0.8603
 2.6667	 0.7749
 2.6654	 0.7893
 2.6640	 0.9380
 2.6626	 1.0588
 2.6613	 1.0518
 2.6599	 1.0554
 2.6585	 1.1042
 2.6572	 1.1428
 2.6558	 1.1062
 2.6545	 1.1179
 2.6531	 1.0898
 2.6517	 1.1060
 2.6504	 1.2097
 2.6490	 1.2541
 2.6477	 1.2373
 2.6463	 1.1692
 2.6450	 1.1763
 2.6436	 1.2422
 2.6423	 1.2322
 2.6409	 1.2358
 2.6396	 1.2722
 2.6382	 1.2895
 2.6369	 1.3064
 2.6356	 1.2759
 2.6342	 1.1816
 2.6329	 1.1748
 2.6315	 1.0854
 2.6302	 0.9853
 2.6289	 1.1167
 2.6275	 1.1511
 2.6262	 1.1318
 2.6249	 1.2742
 2.6236	 1.3459
 2.6222	 1.2759
 2.6209	 1.0977
 2.6196	 1.0955
 2.6183	 1.1248
 2.6169	 1.0127
 2.6156	 1.1401
 2.6143	 1.2622
 2.6130	 1.2581
 2.6117	 1.2908
 2.6103	 1.2368
 2.6090	 1.1953
 2.6077	 1.1750
 2.6064	 1.0835
 2.6051	 1.0359
 2.6038	 1.1162
 2.6025	 1.2056
 2.6012	 1.2739
 2.5999	 1.3582
 2.5986	 1.3713
 2.5973	 1.2375
 2.5960	 0.9636
 2.5947	 0.8372
 2.5934	 1.0725
 2.5921	 1.3030
 2.5908	 1.3538
 2.5895	 1.2881
 2.5882	 1.2124
 2.5869	 1.2065
 2.5856	 1.2424
 2.5843	 1.1350
 2.5830	 1.1763
 2.5817	 1.2771
 2.5805	 1.3228
 2.5792	 1.4143
 2.5779	 1.3274
 2.5766	 1.2517
 2.5753	 1.3108
 2.5741	 1.2578
 2.5728	 1.2686
 2.5715	 1.3689
 2.5702	 1.3027
 2.5690	 1.3174
 2.5677	 1.4233
 2.5664	 1.4397
 2.5651	 1.3086
 2.5639	 1.2041
 2.5626	 1.1897
 2.5613	 1.1960
 2.5601	 1.3130
 2.5588	 1.4636
 2.5575	 1.5090
 2.5563	 1.5164
 2.5550	 1.5100
 2.5538	 1.4353
 2.5525	 1.3782
 2.5513	 1.4141
 2.5500	 1.4573
 2.5487	 1.4600
 2.5475	 1.4665
 2.5462	 1.5093
 2.5450	 1.4829
 2.5437	 1.4465
 2.5425	 1.4448
 2.5413	 1.5041
 2.5400	 1.5481
 2.5388	 1.5603
 2.5375	 1.5320
 2.5363	 1.4685
 2.5350	 1.4949
 2.5338	 1.5193
 2.5326	 1.4929
 2.5313	 1.4919
 2.5301	 1.5188
 2.5289	 1.5493
 2.5276	 1.5574
 2.5264	 1.5679
 2.5252	 1.5623
 2.5239	 1.5549
 2.5227	 1.5840
 2.5215	 1.5864
 2.5202	 1.5747
 2.5190	 1.5881
 2.5178	 1.5832
 2.5166	 1.5847
 2.5154	 1.5779
 2.5141	 1.5876
 2.5129	 1.5930
 2.5117	 1.5767
 2.5105	 1.5749
 2.5093	 1.5930
 2.5081	 1.6062
 2.5068	 1.6147
 2.5056	 1.6167
 2.5044	 1.6174
 2.5032	 1.6147
 2.5020	 1.6184
 2.5008	 1.6189
 2.4996	 1.6121
 2.4984	 1.6226
 2.4972	 1.6394
 2.4960	 1.6387
 2.4948	 1.6311
 2.4936	 1.6206
 2.4924	 1.6189
 2.4912	 1.6235
 2.4900	 1.6313
 2.4888	 1.6414
 2.4876	 1.6484
 2.4864	 1.6416
 2.4852	 1.6411
 2.4840	 1.6416
 2.4828	 1.6519
 2.4816	 1.6494
 2.4805	 1.6545
 2.4793	 1.6604
 2.4781	 1.6611
 2.4769	 1.6570
 2.4757	 1.6523
 2.4745	 1.6477
 2.4734	 1.6680
 2.4722	 1.6741
 2.4710	 1.6645
 2.4698	 1.6758
 2.4686	 1.6848
 2.4675	 1.6790
 2.4663	 1.6777
 2.4651	 1.6728
 2.4640	 1.6636
 2.4628	 1.6677
 2.4616	 1.6821
 2.4604	 1.6838
 2.4593	 1.6951
 2.4581	 1.6999
 2.4569	 1.6929
 2.4558	 1.6870
 2.4546	 1.6960
 2.4535	 1.6904
 2.4523	 1.6868
 2.4511	 1.6934
 2.4500	 1.6916
 2.4488	 1.6907
 2.4477	 1.6919
 2.4465	 1.6865
 2.4454	 1.7095
 2.4442	 1.7251
 2.4431	 1.7185
 2.4419	 1.7165
 2.4408	 1.7039
 2.4396	 1.6982
 2.4385	 1.7063
 2.4373	 1.7087
 2.4362	 1.7095
 2.4350	 1.7104
 2.4339	 1.7231
 2.4327	 1.7373
 2.4316	 1.7407
 2.4305	 1.7368
 2.4293	 1.7266
 2.4282	 1.7356
 2.4270	 1.7546
 2.4259	 1.7397
 2.4248	 1.7292
 2.4236	 1.7339
 2.4225	 1.7395
 2.4214	 1.7422
 2.4202	 1.7266
 2.4191	 1.7217
 2.4180	 1.7427
 2.4169	 1.7400
 2.4157	 1.7317
 2.4146	 1.7344
 2.4135	 1.7507
 2.4124	 1.7307
 2.4112	 1.7178
 2.4101	 1.7295
 2.4090	 1.7468
 2.4079	 1.7600
 2.4068	 1.7519
 2.4056	 1.7500
 2.4045	 1.7764
 2.4034	 1.7744
 2.4023	 1.7620
 2.4012	 1.7515
 2.4001	 1.7480
 2.3990	 1.7712
 2.3979	 1.7893
 2.3967	 1.7839
 2.3956	 1.7856
 2.3945	 1.7886
 2.3934	 1.7810
 2.3923	 1.7800
 2.3912	 1.7744
 2.3901	 1.7749
 2.3890	 1.7778
 2.3879	 1.7776
 2.3868	 1.7830
 2.3857	 1.7756
 2.3846	 1.7717
 2.3835	 1.7800
 2.3824	 1.7895
 2.3813	 1.7839
 2.3802	 1.7729
 2.3791	 1.7749
 2.3781	 1.7725
 2.3770	 1.7729
 2.3759	 1.7878
 2.3748	 1.7866
 2.3737	 1.7778
 2.3726	 1.7798
 2.3715	 1.7847
 2.3704	 1.7942
 2.3694	 1.8118
 2.3683	 1.8149
 2.3672	 1.7974
 2.3661	 1.7729
 2.3650	 1.7742
 2.3640	 1.7949
 2.3629	 1.8083
 2.3618	 1.8123
 2.3607	 1.8018
 2.3597	 1.8000
 2.3586	 1.8042
 2.3575	 1.8135
 2.3564	 1.8318
 2.3554	 1.8293
 2.3543	 1.8169
 2.3532	 1.8015
 2.3522	 1.8118
 2.3511	 1.8262
 2.3500	 1.8203
 2.3490	 1.8132
 2.3479	 1.8064
 2.3468	 1.8098
 2.3458	 1.8113
 2.3447	 1.8210
 2.3436	 1.8428
 2.3426	 1.8311
 2.3415	 1.8171
 2.3405	 1.8113
 2.3394	 1.8105
 2.3384	 1.8022
 2.3373	 1.8101
 2.3363	 1.8235
 2.3352	 1.8242
 2.3342	 1.8301
 2.3331	 1.8247
 2.3321	 1.8284
 2.3310	 1.8540
 2.3300	 1.8530
 2.3289	 1.8281
 2.3279	 1.8127
 2.3268	 1.8140
 2.3258	 1.8367
 2.3247	 1.8357
 2.3237	 1.8230
 2.3226	 1.8369
 2.3216	 1.8430
 2.3206	 1.8484
 2.3195	 1.8496
 2.3185	 1.8413
 2.3175	 1.8372
 2.3164	 1.8479
 2.3154	 1.8599
 2.3144	 1.8467
 2.3133	 1.8394
 2.3123	 1.8450
 2.3113	 1.8428
 2.3102	 1.8489
 2.3092	 1.8608
 2.3082	 1.8672
 2.3071	 1.8403
 2.3061	 1.8445
 2.3051	 1.8638
 2.3041	 1.8665
 2.3030	 1.8535
 2.3020	 1.8557
 2.3010	 1.8748
 2.3000	 1.8645
 2.2990	 1.8379
 2.2979	 1.8503
 2.2969	 1.8623
 2.2959	 1.8528
 2.2949	 1.8342
 2.2939	 1.8376
 2.2929	 1.8606
 2.2918	 1.8677
 2.2908	 1.8547
 2.2898	 1.8579
 2.2888	 1.8638
 2.2878	 1.8708
 2.2868	 1.8845
 2.2858	 1.8769
 2.2848	 1.8552
 2.2838	 1.8672
 2.2828	 1.8713
 2.2818	 1.8603
 2.2808	 1.8625
 2.2798	 1.8774
 2.2787	 1.8735
 2.2777	 1.8723
 2.2767	 1.8735
 2.2757	 1.8735
 2.2747	 1.8899
 2.2738	 1.8850
 2.2728	 1.8638
 2.2718	 1.8782
 2.2708	 1.8857
 2.2698	 1.8740
 2.2688	 1.8672
 2.2678	 1.8660
 2.2668	 1.8838
 2.2658	 1.8935
 2.2648	 1.8855
 2.2638	 1.8760
 2.2628	 1.8662
 2.2618	 1.8718
 2.2609	 1.8811
 2.2599	 1.8943
 2.2589	 1.8928
 2.2579	 1.8938
 2.2569	 1.8801
 2.2559	 1.8667
 2.2550	 1.8779
 2.2540	 1.9004
 2.2530	 1.9060
 2.2520	 1.8962
 2.2510	 1.8987
 2.2501	 1.9185
 2.2491	 1.9138
 2.2481	 1.9067
 2.2471	 1.9189
 2.2462	 1.9204
 2.2452	 1.9001
 2.2442	 1.8967
 2.2433	 1.8909
 2.2423	 1.8899
 2.2413	 1.9038
 2.2403	 1.9038
 2.2394	 1.9021
 2.2384	 1.9158
 2.2374	 1.9045
 2.2365	 1.8933
 2.2355	 1.8970
 2.2345	 1.9048
 2.2336	 1.9163
 2.2326	 1.9209
 2.2317	 1.9170
 2.2307	 1.9172
 2.2297	 1.9209
 2.2288	 1.9028
 2.2278	 1.9175
 2.2269	 1.9202
 2.2259	 1.9167
 2.2250	 1.9302
 2.2240	 1.9199
 2.2231	 1.9143
 2.2221	 1.9189
 2.2211	 1.9241
 2.2202	 1.9082
 2.2192	 1.8994
 2.2183	 1.9097
 2.2173	 1.9211
 2.2164	 1.9202
 2.2155	 1.9072
 2.2145	 1.8970
 2.2136	 1.9060
 2.2126	 1.9402
 2.2117	 1.9431
 2.2107	 1.9360
 2.2098	 1.9326
 2.2088	 1.9268
 2.2079	 1.9336
 2.2070	 1.9473
 2.2060	 1.9426
 2.2051	 1.9258
 2.2041	 1.9329
 2.2032	 1.9341
 2.2023	 1.9233
 2.2013	 1.9311
 2.2004	 1.9338
 2.1995	 1.9221
 2.1985	 1.9302
 2.1976	 1.9414
 2.1967	 1.9316
 2.1957	 1.9370
 2.1948	 1.9602
 2.1939	 1.9536
 2.1930	 1.9377
 2.1920	 1.9377
 2.1911	 1.9477
 2.1902	 1.9228
 2.1893	 1.9224
 2.1883	 1.9355
 2.1874	 1.9250
 2.1865	 1.9290
 2.1856	 1.9416
 2.1846	 1.9438
 2.1837	 1.9258
 2.1828	 1.9228
 2.1819	 1.9519
 2.1810	 1.9582
 2.1800	 1.9477
 2.1791	 1.9529
 2.1782	 1.9639
 2.1773	 1.9644
 2.1764	 1.9631
 2.1755	 1.9570
 2.1746	 1.9360
 2.1736	 1.9509
 2.1727	 1.9653
 2.1718	 1.9343
 2.1709	 1.9377
 2.1700	 1.9482
 2.1691	 1.9402
 2.1682	 1.9421
 2.1673	 1.9673
 2.1664	 1.9644
 2.1655	 1.9636
 2.1646	 1.9687
 2.1637	 1.9624
 2.1628	 1.9412
 2.1619	 1.9338
 2.1610	 1.9536
 2.1601	 1.9619
 2.1592	 1.9617
 2.1583	 1.9602
 2.1574	 1.9499
 2.1565	 1.9646
 2.1556	 1.9729
 2.1547	 1.9756
 2.1538	 1.9853
 2.1529	 1.9761
 2.1520	 1.9639
 2.1511	 1.9465
 2.1502	 1.9536
 2.1493	 1.9780
 2.1484	 1.9800
 2.1475	 1.9910
 2.1466	 1.9946
 2.1458	 1.9695
 2.1449	 1.9477
 2.1440	 1.9451
 2.1431	 1.9602
 2.1422	 1.9568
 2.1413	 1.9619
 2.1404	 1.9998
 2.1396	 1.9983
 2.1387	 1.9751
 2.1378	 1.9619
 2.1369	 1.9683
 2.1360	 1.9858
 2.1352	 1.9780
 2.1343	 1.9912
 2.1334	 2.0151
 2.1325	 2.0068
 2.1316	 2.0066
 2.1308	 1.9917
 2.1299	 1.9595
 2.1290	 1.9582
 2.1281	 1.9629
 2.1273	 1.9678
 2.1264	 1.9790
 2.1255	 1.9734
 2.1247	 1.9954
 2.1238	 1.9922
 2.1229	 1.9856
 2.1220	 1.9839
 2.1212	 1.9839
 2.1203	 1.9834
 2.1194	 1.9824
 2.1186	 1.9958
 2.1177	 2.0056
 2.1168	 1.9985
 2.1160	 1.9958
 2.1151	 2.0054
 2.1143	 2.0112
 2.1134	 2.0046
 2.1125	 1.9897
 2.1117	 2.0122
 2.1108	 2.0310
 2.1100	 2.0185
 2.1091	 2.0098
 2.1082	 1.9836
 2.1074	 1.9668
 2.1065	 1.9680
 2.1057	 1.9783
 2.1048	 1.9871
 2.1040	 1.9990
 2.1031	 2.0068
 2.1023	 2.0139
 2.1014	 2.0115
 2.1005	 2.0063
 2.0997	 1.9956
 2.0988	 1.9939
 2.0980	 1.9976
 2.0971	 2.0012
 2.0963	 1.9844
 2.0955	 1.9722
 2.0946	 1.9856
 2.0938	 1.9976
 2.0929	 2.0330
 2.0921	 2.0264
 2.0912	 2.0098
 2.0904	 2.0303
 2.0895	 2.0188
 2.0887	 1.9907
 2.0879	 1.9885
 2.0870	 1.9978
 2.0862	 2.0095
 2.0853	 2.0000
 2.0845	 1.9714
 2.0837	 1.9922
 2.0828	 2.0334
 2.0820	 2.0081
 2.0812	 2.0049
 2.0803	 2.0330
 2.0795	 2.0276
