Name: Coarse Granular Snow
Type: Water
Class: Snow
Subclass: Coarse Granular
Particle Size: Coarse
Sample No.: COARSE_SNW_
Owner: Dept. of Earth and Planetary Science, John Hopkins University
Wavelength Range: All
Origin: Collected at John Hopkins University IR Spectroscopy Lab.
Collection Date: N/A
Description:  Coarse snow.   The spectrum from 0.3 to 2.08 micrometers was modeled, while that from 2.08 to 14 micrometers was measured (see introductory text). Sample particle size was 178 micrometers effective size. Original filename COARSE.SNW. Original ASTER Spectral Library name was jhu.becknic.water.snow.granular.178um.coarse.spectrum.txt
Measurement: Directional (10 Degree) Hemispherical Reflectance
First Column: X
Second Column: Y
X Units: Wavelength (micrometers)
Y Units:Reflectance (percent)
First X Value:  0.3400
Last X Value: 14.0100
Number of X Values: 965
Additional Information: none

 0.3400	96.0980
 0.3500	96.2900
 0.3600	96.4230
 0.3700	96.5490
 0.3800	96.7270
 0.3900	96.8430
 0.4000	96.9870
 0.4100	97.1520
 0.4200	97.2650
 0.4300	97.4450
 0.4400	97.5050
 0.4500	97.8490
 0.4600	97.9080
 0.4700	97.8730
 0.4800	97.7810
 0.4900	97.7360
 0.5000	97.6340
 0.5100	97.5820
 0.5200	97.5280
 0.5300	97.4620
 0.5400	97.2960
 0.5500	97.1630
 0.5600	97.1230
 0.5700	97.0590
 0.5800	96.8980
 0.5900	96.7230
 0.6000	96.3570
 0.6100	95.5080
 0.6200	95.6910
 0.6300	95.2990
 0.6400	94.9000
 0.6500	94.5670
 0.6600	94.2170
 0.6700	93.6110
 0.6800	93.6190
 0.6900	93.1990
 0.7000	92.5050
 0.7100	92.0360
 0.7200	91.5250
 0.7300	91.2130
 0.7400	90.6720
 0.7500	89.9820
 0.7600	89.1350
 0.7700	88.1980
 0.7800	87.0520
 0.7900	86.4820
 0.8000	85.8460
 0.8200	85.2430
 0.8400	85.2360
 0.8600	82.8540
 0.8800	79.3290
 0.9000	77.3930
 0.9200	76.2460
 0.9400	74.9770
 0.9600	71.6990
 0.9800	67.0850
 1.0000	60.8970
 1.0200	57.4940
 1.0400	57.1240
 1.0600	60.0210
 1.0800	62.2260
 1.1000	62.7290
 1.1200	61.9590
 1.1400	59.0470
 1.1600	54.5580
 1.1800	47.3760
 1.2000	41.5390
 1.2200	34.0440
 1.2400	31.5480
 1.2600	30.3300
 1.2800	30.5110
 1.3000	30.8370
 1.3200	31.1360
 1.3400	31.2110
 1.3600	30.2540
 1.3800	28.7190
 1.4000	25.1350
 1.4200	11.2590
 1.4400	 2.3120
 1.4600	 1.0520
 1.4800	 0.6190
 1.5000	 0.5090
 1.5200	 0.5610
 1.5400	 0.6340
 1.5600	 0.8010
 1.5800	 1.0100
 1.6000	 1.1870
 1.6200	 1.4250
 1.6400	 1.8840
 1.6600	 2.4420
 1.6800	 3.0950
 1.7000	 3.7230
 1.7200	 4.2260
 1.7400	 4.7940
 1.7600	 5.3750
 1.7800	 6.1670
 1.8000	 7.0920
 1.8200	 8.1850
 1.8400	 9.2150
 1.8600	 7.5990
 1.8800	 3.0310
 1.9000	 1.2170
 1.9200	 0.5350
 1.9400	 0.3380
 1.9600	 0.2420
 1.9800	 0.2040
 2.0000	 0.2000
 2.0200	 0.2070
 2.0400	 0.2260
 2.0600	 0.2610
 2.0800	 0.3140
 2.1000	 0.4210
 2.1200	 0.6530
 2.1400	 1.0260
 2.1600	 1.4710
 2.1800	 1.9870
 2.2000	 2.6210
 2.2200	 3.3170
 2.2400	 3.6960
 2.2500	 3.6770
 2.2600	 3.5800
 2.2700	 3.3610
 2.2800	 3.0840
 2.2900	 2.7980
 2.3000	 2.5400
 2.3100	 2.3020
 2.3200	 2.1370
 2.3300	 2.0200
 2.3400	 1.9140
 2.3500	 1.8110
 2.3600	 1.7500
 2.3700	 1.7000
 2.3800	 1.6820
 2.3900	 1.6370
 2.4000	 1.6010
 2.4100	 1.6030
 2.4200	 1.5740
 2.4300	 1.5560
 2.4400	 1.5080
 2.4500	 1.4980
 2.4600	 1.4850
 2.4700	 1.4660
 2.4800	 1.4530
 2.4900	 1.4370
 2.5000	 1.3800
 2.5100	 1.3590
 2.5200	 1.3670
 2.5300	 1.3510
 2.5400	 1.3070
 2.5500	 1.3150
 2.5600	 1.3290
 2.5700	 1.2940
 2.5800	 1.3010
 2.5900	 1.2920
 2.6000	 1.2700
 2.6100	 1.2390
 2.6200	 1.2150
 2.6300	 1.1570
 2.6400	 1.1370
 2.6500	 1.0880
 2.6600	 1.0650
 2.6700	 1.0010
 2.6800	 0.9250
 2.6900	 0.8920
 2.7000	 0.8090
 2.7100	 0.7620
 2.7200	 0.7060
 2.7300	 0.6460
 2.7400	 0.6050
 2.7500	 0.5840
 2.7600	 0.5840
 2.7700	 0.5250
 2.7800	 0.4850
 2.7900	 0.4820
 2.8000	 0.4300
 2.8100	 0.4150
 2.8200	 0.4000
 2.8300	 0.3990
 2.8400	 0.3940
 2.8500	 0.4130
 2.8600	 0.4420
 2.8700	 0.4660
 2.8800	 0.5250
 2.8900	 0.6480
 2.9000	 0.7990
 2.9100	 0.9970
 2.9200	 1.1950
 2.9300	 1.4360
 2.9400	 1.7020
 2.9500	 1.9030
 2.9600	 2.0990
 2.9700	 2.2790
 2.9800	 2.4280
 2.9900	 2.6390
 3.0000	 2.8780
 3.0100	 3.2290
 3.0200	 3.6490
 3.0300	 4.1500
 3.0400	 4.6890
 3.0500	 5.3580
 3.0600	 5.9130
 3.0700	 6.4650
 3.0800	 6.7620
 3.0900	 6.8220
 3.1000	 6.6880
 3.1100	 6.3590
 3.1200	 6.0790
 3.1300	 5.8940
 3.1400	 5.7770
 3.1500	 5.7110
 3.1600	 5.6730
 3.1700	 5.6280
 3.1800	 5.5760
 3.1900	 5.4410
 3.2000	 5.3060
 3.2100	 5.0970
 3.2200	 4.8930
 3.2300	 4.6840
 3.2400	 4.4740
 3.2500	 4.3040
 3.2600	 4.1440
 3.2700	 3.9930
 3.2800	 3.8770
 3.2900	 3.7490
 3.3000	 3.6490
 3.3100	 3.5630
 3.3200	 3.4740
 3.3300	 3.3850
 3.3400	 3.3020
 3.3500	 3.2380
 3.3600	 3.2010
 3.3700	 3.1450
 3.3800	 3.0470
 3.3900	 2.9840
 3.4000	 2.9590
 3.4100	 2.9320
 3.4200	 2.8880
 3.4300	 2.8330
 3.4400	 2.7710
 3.4500	 2.7260
 3.4600	 2.7030
 3.4700	 2.6570
 3.4800	 2.6100
 3.4900	 2.5860
 3.5000	 2.5670
 3.5100	 2.5300
 3.5200	 2.4780
 3.5300	 2.4840
 3.5400	 2.4590
 3.5500	 2.4290
 3.5600	 2.4070
 3.5700	 2.3850
 3.5800	 2.3810
 3.5900	 2.3670
 3.6000	 2.3480
 3.6100	 2.3140
 3.6200	 2.2960
 3.6300	 2.3010
 3.6400	 2.2700
 3.6500	 2.2490
 3.6600	 2.2400
 3.6700	 2.2150
 3.6800	 2.2070
 3.6900	 2.1990
 3.7000	 2.1840
 3.7100	 2.1490
 3.7200	 2.1610
 3.7300	 2.1580
 3.7400	 2.1240
 3.7500	 2.1190
 3.7600	 2.1150
 3.7700	 2.0950
 3.7800	 2.0830
 3.7900	 2.0800
 3.8000	 2.0720
 3.8100	 2.0540
 3.8200	 2.0460
 3.8300	 2.0490
 3.8400	 2.0530
 3.8500	 2.0370
 3.8600	 2.0050
 3.8700	 2.0050
 3.8800	 2.0090
 3.8900	 1.9850
 3.9000	 1.9670
 3.9100	 1.9620
 3.9200	 1.9640
 3.9300	 1.9610
 3.9400	 1.9600
 3.9500	 1.9560
 3.9600	 1.9350
 3.9700	 1.9280
 3.9800	 1.9290
 3.9900	 1.9230
 4.0000	 1.9240
 4.0100	 1.9160
 4.0200	 1.9020
 4.0300	 1.9000
 4.0400	 1.8830
 4.0500	 1.8570
 4.0600	 1.8670
 4.0700	 1.8880
 4.0800	 1.8740
 4.0900	 1.8520
 4.1000	 1.8570
 4.1100	 1.8600
 4.1200	 1.8480
 4.1300	 1.8440
 4.1400	 1.8440
 4.1500	 1.8340
 4.1600	 1.8330
 4.1700	 1.8320
 4.1800	 1.8230
 4.1900	 1.8330
 4.2000	 1.8350
 4.2100	 1.8120
 4.2200	 1.7980
 4.2300	 1.8020
 4.2400	 1.8090
 4.2500	 1.8040
 4.2600	 1.8010
 4.2700	 1.7990
 4.2800	 1.7940
 4.2900	 1.7950
 4.3000	 1.8000
 4.3100	 1.7930
 4.3200	 1.7810
 4.3300	 1.7830
 4.3400	 1.7940
 4.3500	 1.7940
 4.3600	 1.7850
 4.3700	 1.7820
 4.3800	 1.7790
 4.3900	 1.7830
 4.4000	 1.7910
 4.4100	 1.7960
 4.4200	 1.7980
 4.4300	 1.7830
 4.4400	 1.7810
 4.4500	 1.8070
 4.4600	 1.8270
 4.4700	 1.8230
 4.4800	 1.8150
 4.4900	 1.8170
 4.5000	 1.8190
 4.5100	 1.8160
 4.5200	 1.8190
 4.5300	 1.8280
 4.5400	 1.8320
 4.5500	 1.8340
 4.5600	 1.8400
 4.5700	 1.8420
 4.5800	 1.8410
 4.5900	 1.8420
 4.6000	 1.8430
 4.6100	 1.8510
 4.6200	 1.8640
 4.6300	 1.8700
 4.6400	 1.8700
 4.6500	 1.8640
 4.6600	 1.8570
 4.6700	 1.8520
 4.6800	 1.8490
 4.6900	 1.8490
 4.7000	 1.8510
 4.7100	 1.8480
 4.7200	 1.8370
 4.7300	 1.8250
 4.7400	 1.8230
 4.7500	 1.8230
 4.7600	 1.8150
 4.7700	 1.8110
 4.7800	 1.8190
 4.7900	 1.8290
 4.8000	 1.8220
 4.8100	 1.8090
 4.8200	 1.8030
 4.8300	 1.8010
 4.8400	 1.7990
 4.8500	 1.7970
 4.8600	 1.7950
 4.8700	 1.7920
 4.8800	 1.7880
 4.8900	 1.7870
 4.9000	 1.7880
 4.9100	 1.7850
 4.9200	 1.7800
 4.9300	 1.7810
 4.9400	 1.7860
 4.9500	 1.7840
 4.9600	 1.7740
 4.9700	 1.7640
 4.9800	 1.7540
 4.9900	 1.7450
 5.0000	 1.7420
 5.0100	 1.7430
 5.0200	 1.7470
 5.0300	 1.7490
 5.0400	 1.7440
 5.0500	 1.7360
 5.0600	 1.7330
 5.0700	 1.7330
 5.0800	 1.7300
 5.0900	 1.7210
 5.1000	 1.7080
 5.1100	 1.7010
 5.1200	 1.7060
 5.1300	 1.7150
 5.1400	 1.7100
 5.1500	 1.6950
 5.1600	 1.6830
 5.1700	 1.6830
 5.1800	 1.6840
 5.1900	 1.6770
 5.2000	 1.6630
 5.2100	 1.6550
 5.2200	 1.6510
 5.2300	 1.6510
 5.2400	 1.6530
 5.2500	 1.6560
 5.2600	 1.6580
 5.2700	 1.6530
 5.2800	 1.6460
 5.2900	 1.6440
 5.3000	 1.6440
 5.3100	 1.6400
 5.3200	 1.6270
 5.3300	 1.6190
 5.3400	 1.6260
 5.3500	 1.6360
 5.3600	 1.6430
 5.3700	 1.6390
 5.3800	 1.6260
 5.3900	 1.6110
 5.4000	 1.6010
 5.4100	 1.5920
 5.4200	 1.5860
 5.4300	 1.5840
 5.4400	 1.5800
 5.4500	 1.5730
 5.4600	 1.5650
 5.4700	 1.5600
 5.4800	 1.5570
 5.4900	 1.5580
 5.5000	 1.5670
 5.5100	 1.5740
 5.5200	 1.5710
 5.5300	 1.5530
 5.5400	 1.5360
 5.5500	 1.5320
 5.5600	 1.5360
 5.5700	 1.5390
 5.5800	 1.5360
 5.5900	 1.5280
 5.6000	 1.5170
 5.6100	 1.5120
 5.6200	 1.5140
 5.6300	 1.5180
 5.6400	 1.5150
 5.6500	 1.5040
 5.6600	 1.4940
 5.6700	 1.4920
 5.6800	 1.4940
 5.6900	 1.4890
 5.7000	 1.4740
 5.7100	 1.4590
 5.7200	 1.4550
 5.7300	 1.4630
 5.7400	 1.4700
 5.7500	 1.4680
 5.7600	 1.4620
 5.7700	 1.4600
 5.7800	 1.4640
 5.7900	 1.4730
 5.8000	 1.4820
 5.8100	 1.4830
 5.8200	 1.4770
 5.8300	 1.4720
 5.8400	 1.4710
 5.8500	 1.4730
 5.8600	 1.4700
 5.8700	 1.4620
 5.8800	 1.4490
 5.8900	 1.4370
 5.9000	 1.4350
 5.9100	 1.4400
 5.9200	 1.4520
 5.9300	 1.4610
 5.9400	 1.4640
 5.9500	 1.4660
 5.9600	 1.4710
 5.9700	 1.4820
 5.9800	 1.4940
 5.9900	 1.4990
 6.0000	 1.4970
 6.0100	 1.4940
 6.0200	 1.4940
 6.0300	 1.4950
 6.0400	 1.4970
 6.0500	 1.4980
 6.0600	 1.5050
 6.0700	 1.5200
 6.0800	 1.5370
 6.0900	 1.5500
 6.1000	 1.5560
 6.1100	 1.5570
 6.1200	 1.5550
 6.1300	 1.5540
 6.1400	 1.5510
 6.1500	 1.5490
 6.1600	 1.5500
 6.1700	 1.5540
 6.1800	 1.5590
 6.1900	 1.5660
 6.2000	 1.5710
 6.2100	 1.5740
 6.2200	 1.5750
 6.2300	 1.5740
 6.2400	 1.5710
 6.2500	 1.5700
 6.2600	 1.5750
 6.2700	 1.5830
 6.2800	 1.5970
 6.2900	 1.6070
 6.3000	 1.6080
 6.3100	 1.6050
 6.3200	 1.6020
 6.3300	 1.6020
 6.3400	 1.6050
 6.3500	 1.6130
 6.3600	 1.6200
 6.3700	 1.6220
 6.3800	 1.6170
 6.3900	 1.6060
 6.4000	 1.5980
 6.4100	 1.5940
 6.4200	 1.6020
 6.4300	 1.6240
 6.4400	 1.6410
 6.4500	 1.6550
 6.4600	 1.6640
 6.4700	 1.6640
 6.4800	 1.6630
 6.4900	 1.6640
 6.5000	 1.6650
 6.5100	 1.6650
 6.5200	 1.6610
 6.5300	 1.6570
 6.5400	 1.6540
 6.5500	 1.6540
 6.5600	 1.6610
 6.5700	 1.6690
 6.5800	 1.6770
 6.5900	 1.6820
 6.6000	 1.6840
 6.6100	 1.6810
 6.6200	 1.6780
 6.6300	 1.6770
 6.6400	 1.6780
 6.6500	 1.6820
 6.6600	 1.6870
 6.6700	 1.6900
 6.6800	 1.6920
 6.6900	 1.6950
 6.7000	 1.6990
 6.7100	 1.7030
 6.7200	 1.7040
 6.7300	 1.6990
 6.7400	 1.6930
 6.7500	 1.6870
 6.7600	 1.6820
 6.7700	 1.6780
 6.7800	 1.6740
 6.7900	 1.6690
 6.8000	 1.6640
 6.8100	 1.6600
 6.8200	 1.6580
 6.8300	 1.6570
 6.8400	 1.6600
 6.8500	 1.6650
 6.8600	 1.6730
 6.8700	 1.6810
 6.8800	 1.6900
 6.8900	 1.6920
 6.9000	 1.6900
 6.9100	 1.6870
 6.9200	 1.6830
 6.9300	 1.6810
 6.9400	 1.6800
 6.9500	 1.6800
 6.9600	 1.6820
 6.9700	 1.6860
 6.9800	 1.6890
 6.9900	 1.6930
 7.0000	 1.6950
 7.0100	 1.6950
 7.0200	 1.6930
 7.0300	 1.6900
 7.0400	 1.6890
 7.0500	 1.6890
 7.0600	 1.6890
 7.0700	 1.6870
 7.0800	 1.6820
 7.0900	 1.6760
 7.1000	 1.6690
 7.1100	 1.6640
 7.1200	 1.6620
 7.1300	 1.6640
 7.1400	 1.6680
 7.1500	 1.6730
 7.1600	 1.6750
 7.1700	 1.6740
 7.1800	 1.6710
 7.1900	 1.6660
 7.2000	 1.6610
 7.2100	 1.6580
 7.2200	 1.6550
 7.2300	 1.6520
 7.2400	 1.6490
 7.2500	 1.6470
 7.2600	 1.6470
 7.2700	 1.6470
 7.2800	 1.6460
 7.2900	 1.6430
 7.3000	 1.6390
 7.3100	 1.6330
 7.3200	 1.6260
 7.3300	 1.6210
 7.3400	 1.6170
 7.3500	 1.6150
 7.3600	 1.6140
 7.3700	 1.6140
 7.3800	 1.6160
 7.4000	 1.6190
 7.4100	 1.6250
 7.4200	 1.6290
 7.4300	 1.6300
 7.4400	 1.6250
 7.4500	 1.6140
 7.4600	 1.5980
 7.4700	 1.5800
 7.4800	 1.5670
 7.4900	 1.5620
 7.5000	 1.5660
 7.5100	 1.5770
 7.5200	 1.5900
 7.5400	 1.5990
 7.5500	 1.6010
 7.5600	 1.5960
 7.5700	 1.5850
 7.5800	 1.5730
 7.5900	 1.5620
 7.6000	 1.5550
 7.6100	 1.5520
 7.6200	 1.5530
 7.6300	 1.5550
 7.6500	 1.5580
 7.6600	 1.5590
 7.6700	 1.5570
 7.6800	 1.5530
 7.6900	 1.5490
 7.7000	 1.5460
 7.7100	 1.5440
 7.7300	 1.5450
 7.7400	 1.5460
 7.7500	 1.5470
 7.7600	 1.5470
 7.7700	 1.5460
 7.7800	 1.5460
 7.8000	 1.5450
 7.8100	 1.5450
 7.8200	 1.5440
 7.8300	 1.5430
 7.8400	 1.5380
 7.8500	 1.5330
 7.8700	 1.5260
 7.8800	 1.5220
 7.8900	 1.5200
 7.9000	 1.5230
 7.9100	 1.5280
 7.9300	 1.5320
 7.9400	 1.5340
 7.9500	 1.5330
 7.9600	 1.5310
 7.9800	 1.5290
 7.9900	 1.5300
 8.0000	 1.5330
 8.0100	 1.5360
 8.0300	 1.5390
 8.0400	 1.5390
 8.0500	 1.5380
 8.0600	 1.5360
 8.0800	 1.5330
 8.0900	 1.5290
 8.1000	 1.5260
 8.1100	 1.5240
 8.1300	 1.5250
 8.1400	 1.5300
 8.1500	 1.5370
 8.1600	 1.5450
 8.1800	 1.5510
 8.1900	 1.5530
 8.2000	 1.5500
 8.2200	 1.5450
 8.2300	 1.5390
 8.2400	 1.5320
 8.2600	 1.5250
 8.2700	 1.5180
 8.2800	 1.5120
 8.2900	 1.5090
 8.3100	 1.5100
 8.3200	 1.5140
 8.3300	 1.5190
 8.3500	 1.5240
 8.3600	 1.5260
 8.3800	 1.5260
 8.3900	 1.5250
 8.4000	 1.5230
 8.4200	 1.5240
 8.4300	 1.5260
 8.4400	 1.5280
 8.4600	 1.5270
 8.4700	 1.5210
 8.4800	 1.5110
 8.5000	 1.4970
 8.5100	 1.4830
 8.5300	 1.4720
 8.5400	 1.4660
 8.5500	 1.4650
 8.5700	 1.4680
 8.5800	 1.4740
 8.6000	 1.4800
 8.6100	 1.4850
 8.6300	 1.4880
 8.6400	 1.4900
 8.6500	 1.4900
 8.6700	 1.4900
 8.6800	 1.4900
 8.7000	 1.4880
 8.7100	 1.4850
 8.7300	 1.4790
 8.7400	 1.4720
 8.7600	 1.4660
 8.7700	 1.4620
 8.7900	 1.4620
 8.8000	 1.4650
 8.8200	 1.4710
 8.8300	 1.4750
 8.8500	 1.4730
 8.8600	 1.4660
 8.8800	 1.4560
 8.8900	 1.4480
 8.9100	 1.4460
 8.9200	 1.4510
 8.9400	 1.4620
 8.9500	 1.4700
 8.9700	 1.4700
 8.9800	 1.4610
 9.0000	 1.4450
 9.0200	 1.4260
 9.0300	 1.4110
 9.0500	 1.4050
 9.0600	 1.4060
 9.0800	 1.4120
 9.1000	 1.4180
 9.1100	 1.4230
 9.1300	 1.4230
 9.1400	 1.4210
 9.1600	 1.4180
 9.1800	 1.4140
 9.1900	 1.4090
 9.2100	 1.4040
 9.2200	 1.3970
 9.2400	 1.3900
 9.2600	 1.3840
 9.2700	 1.3790
 9.2900	 1.3740
 9.3100	 1.3690
 9.3200	 1.3610
 9.3400	 1.3510
 9.3600	 1.3420
 9.3700	 1.3330
 9.3900	 1.3270
 9.4100	 1.3230
 9.4300	 1.3210
 9.4400	 1.3160
 9.4600	 1.3080
 9.4800	 1.2980
 9.4900	 1.2830
 9.5100	 1.2660
 9.5300	 1.2470
 9.5500	 1.2300
 9.5600	 1.2160
 9.5800	 1.2090
 9.6000	 1.2070
 9.6200	 1.2110
 9.6400	 1.2160
 9.6500	 1.2170
 9.6700	 1.2110
 9.6900	 1.2000
 9.7100	 1.1820
 9.7300	 1.1610
 9.7400	 1.1390
 9.7600	 1.1170
 9.7800	 1.0970
 9.8000	 1.0790
 9.8200	 1.0630
 9.8400	 1.0490
 9.8600	 1.0380
 9.8700	 1.0280
 9.8900	 1.0190
 9.9100	 1.0080
 9.9300	 0.9950
 9.9500	 0.9810
 9.9700	 0.9660
 9.9900	 0.9530
10.0100	 0.9430
10.0300	 0.9340
10.0500	 0.9280
10.0700	 0.9220
10.0900	 0.9190
10.1100	 0.9150
10.1300	 0.9090
10.1500	 0.9000
10.1700	 0.8860
10.1800	 0.8660
10.2100	 0.8400
10.2300	 0.8130
10.2500	 0.7900
10.2700	 0.7760
10.2900	 0.7710
10.3100	 0.7730
10.3300	 0.7780
10.3500	 0.7790
10.3700	 0.7760
10.3900	 0.7680
10.4100	 0.7580
10.4300	 0.7520
10.4500	 0.7520
10.4700	 0.7560
10.4900	 0.7630
10.5200	 0.7730
10.5400	 0.7870
10.5600	 0.8020
10.5800	 0.8210
10.6000	 0.8450
10.6200	 0.8730
10.6500	 0.9050
10.6700	 0.9410
10.6900	 0.9840
10.7100	 1.0310
10.7300	 1.0810
10.7600	 1.1290
10.7800	 1.1760
10.8000	 1.2210
10.8200	 1.2650
10.8500	 1.3120
10.8700	 1.3630
10.8900	 1.4180
10.9100	 1.4750
10.9400	 1.5310
10.9600	 1.5880
10.9800	 1.6460
11.0100	 1.7070
11.0300	 1.7710
11.0500	 1.8370
11.0800	 1.9030
11.1000	 1.9660
11.1200	 2.0250
11.1500	 2.0820
11.1700	 2.1390
11.2000	 2.1980
11.2200	 2.2590
11.2500	 2.3200
11.2700	 2.3810
11.2900	 2.4400
11.3200	 2.4950
11.3400	 2.5490
11.3700	 2.6030
11.3900	 2.6580
11.4200	 2.7140
11.4400	 2.7720
11.4700	 2.8310
11.4900	 2.8910
11.5200	 2.9500
11.5500	 3.0030
11.5700	 3.0490
11.6000	 3.0880
11.6200	 3.1210
11.6500	 3.1510
11.6800	 3.1840
11.7000	 3.2200
11.7300	 3.2600
11.7600	 3.3040
11.7800	 3.3480
11.8100	 3.3930
11.8400	 3.4370
11.8600	 3.4820
11.8900	 3.5280
11.9200	 3.5770
11.9500	 3.6290
11.9700	 3.6840
12.0000	 3.7400
12.0300	 3.7950
12.0600	 3.8480
12.0800	 3.8950
12.1100	 3.9400
12.1400	 3.9830
12.1700	 4.0240
12.2000	 4.0640
12.2300	 4.1060
12.2600	 4.1460
12.2800	 4.1840
12.3100	 4.2180
12.3400	 4.2480
12.3700	 4.2750
12.4000	 4.2960
12.4300	 4.3130
12.4600	 4.3300
12.4900	 4.3470
12.5200	 4.3670
12.5500	 4.3890
12.5800	 4.4130
12.6100	 4.4390
12.6400	 4.4630
12.6800	 4.4850
12.7100	 4.5050
12.7400	 4.5230
12.7700	 4.5360
12.8000	 4.5420
12.8300	 4.5400
12.8600	 4.5330
12.9000	 4.5250
12.9300	 4.5190
12.9600	 4.5170
12.9900	 4.5200
13.0300	 4.5230
13.0600	 4.5240
13.0900	 4.5230
13.1200	 4.5190
13.1600	 4.5110
13.1900	 4.5000
13.2200	 4.4850
13.2600	 4.4660
13.2900	 4.4440
13.3300	 4.4260
13.3600	 4.4210
13.4000	 4.4280
13.4300	 4.4450
13.4700	 4.4640
13.5000	 4.4760
13.5400	 4.4770
13.5700	 4.4660
13.6100	 4.4490
13.6400	 4.4310
13.6800	 4.4120
13.7100	 4.3870
13.7500	 4.3540
13.7900	 4.3120
13.8200	 4.2670
13.8600	 4.2260
13.9000	 4.1950
13.9400	 4.1810
13.9700	 4.1740
14.0100	 4.1600
