       real :: clearice(965) = (/1.97,1.95,1.94,1.93,1.92,1.91,1.9,1.89, &
      &          1.8800,1.8700,1.8700,1.8600,1.8500,1.8500,1.8400,1.8400, &
      &          1.8300,1.8300,1.8200,1.8200,1.8100,1.8100,1.8100,1.8000, &
      &          1.8000,1.8000,1.7900,1.7900,1.7900,1.7900,1.7800,1.7800, &
      &          1.7800,1.7800,1.7700,1.7700,1.7700,1.7700,1.7700,1.7600, &
      &          1.7600,1.7600,1.7600,1.7600,1.7500,1.7500,1.7500,1.7500, &
      &          1.7400,1.7400,1.7400,1.7300,1.7300,1.7300,1.7200,1.7200, &
      &          1.7200,1.7100,1.7100,1.7100,1.7000,1.7000,1.7000,1.6900, &
      &          1.6900,1.6900,1.6800,1.6800,1.6700,1.6700,1.6700,1.6600, &
      &          1.6600,1.6500,1.6500,1.6500,1.6400,1.6400,1.6300,1.6300, &
      &          1.6200,1.6200,1.6200,1.6100,1.6100,1.6000,1.6000,1.5900, &
      &          1.5900,1.5800,1.5700,1.5700,1.5600,1.5500,1.5500,1.5400, &
      &          1.5300,1.5300,1.5200,1.5100,1.5000,1.4900,1.4800,1.4700, &
      &          1.4600,1.4600,1.4500,1.4500,1.4400,1.4300,1.4200,1.4100, &
      &          1.4000,1.3800,1.3700,1.3600,1.3400,1.3300,1.3100,1.3000, &
      &          1.2900,1.2850,1.2800,1.2700,1.2600,1.2500,1.2400,1.2300, &
      &          1.2200,1.2100,1.2000,1.1900,1.1800,1.1700,1.1600,1.1500, &
      &          1.1400,1.1250,1.1100,1.1000,1.0900,1.0750,1.0600,1.0450, &
      &          1.0300,1.0150,1.0000,0.9800,0.9600,0.9450,0.9300,0.9100, &
      &          0.8900,0.8650,0.8400,0.8150,0.7900,0.7650,0.7400,0.7100, &
      &          0.6800,0.6500,0.6200,0.5850,0.5500,0.5200,0.4900,0.4500, &
      &          0.4100,0.3700,0.3300,0.2950,0.2600,0.2200,0.1800,0.1550, &
      &          0.1300,0.1250,0.1200,0.1500,0.1800,0.2800,0.3800,0.5850, &
      &          0.7900,1.1200,1.4500,1.7800,2.1100,2.3950,2.6800,3.0250, &
      &          3.3700,3.8250,4.2800,4.8400,5.4000,6.0450,6.6900,7.3500, &
      &          8.0100,8.2700,8.5300,8.4900,8.4500,8.3100,8.1700,8.0950, &
      &          8.0200,7.9300,7.8400,7.6800,7.5200,7.2900,7.0600,6.8050, &
      &          6.5500,6.3400,6.1300,5.9550,5.7800,5.5950,5.4100,5.2650, &
      &          5.1200,5.0000,4.8800,4.7700,4.6600,4.5550,4.4500,4.3550, &
      &          4.2600,4.1750,4.0900,4.0100,3.9300,3.8600,3.7900,3.7200, &
      &          3.6500,3.5950,3.5400,3.4900,3.4400,3.3900,3.3400,3.3000, &
      &          3.2600,3.2150,3.1700,3.1400,3.1100,3.0750,3.0400,3.0050, &
      &          2.9700,2.9450,2.9200,2.9000,2.8800,2.8550,2.8300,2.8050, &
      &          2.7800,2.7600,2.7400,2.7200,2.7000,2.6800,2.6600,2.6400, &
      &          2.6200,2.6050,2.5900,2.5750,2.5600,2.5450,2.5300,2.5150, &
      &          2.5000,2.4900,2.4800,2.4700,2.4600,2.4450,2.4300,2.4200, &
      &          2.4100,2.4000,2.3900,2.3800,2.3700,2.3600,2.3500,2.3400, &
      &          2.3300,2.3250,2.3200,2.3100,2.3000,2.2900,2.2800,2.2700, &
      &          2.2600,2.2550,2.2500,2.2400,2.2300,2.2250,2.2200,2.2150, &
      &          2.2100,2.2000,2.1900,2.1850,2.1800,2.1700,2.1600,2.1550, &
      &          2.1500,2.1450,2.1400,2.1350,2.1300,2.1250,2.1200,2.1150, &
      &          2.1100,2.1050,2.1000,2.1000,2.1000,2.1000,2.1000,2.1000, &
      &          2.1000,2.1050,2.1100,2.1100,2.1100,2.1150,2.1200,2.1250, &
      &          2.1300,2.1350,2.1400,2.1450,2.1500,2.1600,2.1700,2.1800, &
      &          2.1900,2.1900,2.1900,2.1850,2.1800,2.1800,2.1800,2.1750, &
      &          2.1700,2.1700,2.1700,2.1700,2.1700,2.1650,2.1600,2.1550, &
      &          2.1500,2.1450,2.1400,2.1350,2.1300,2.1200,2.1100,2.1050, &
      &          2.1000,2.0950,2.0900,2.0850,2.0800,2.0750,2.0700,2.0650, &
      &          2.0600,2.0550,2.0500,2.0400,2.0300,2.0250,2.0200,2.0150, &
      &          2.0100,2.0050,2.0000,1.9940,1.9880,1.9820,1.9760,1.9700, &
      &          1.9640,1.9580,1.9520,1.9460,1.9400,1.9350,1.9300,1.9250, &
      &          1.9200,1.9150,1.9100,1.9050,1.9000,1.8950,1.8900,1.8840, &
      &          1.8780,1.8720,1.8660,1.8600,1.8540,1.8480,1.8420,1.8360, &
      &          1.8300,1.8240,1.8180,1.8120,1.8060,1.8000,1.7940,1.7880, &
      &          1.7820,1.7760,1.7700,1.7640,1.7580,1.7520,1.7460,1.7400, &
      &          1.7340,1.7280,1.7220,1.7160,1.7100,1.7050,1.7000,1.6950, &
      &          1.6900,1.6850,1.6800,1.6750,1.6700,1.6650,1.6600,1.6560, &
      &          1.6520,1.6480,1.6440,1.6400,1.6360,1.6320,1.6280,1.6240, &
      &          1.6200,1.6180,1.6160,1.6140,1.6120,1.6100,1.6080,1.6060, &
      &          1.6040,1.6020,1.6000,1.6060,1.6120,1.6180,1.6240,1.6300, &
      &          1.6360,1.6420,1.6480,1.6540,1.6600,1.6690,1.6780,1.6870, &
      &          1.6960,1.7050,1.7140,1.7230,1.7320,1.7410,1.7500,1.7600, &
      &          1.7700,1.7800,1.7900,1.8000,1.8100,1.8200,1.8300,1.8400, &
      &          1.8500,1.8570,1.8640,1.8710,1.8780,1.8850,1.8920,1.8990, &
      &          1.9060,1.9130,1.9200,1.9250,1.9300,1.9350,1.9400,1.9450, &
      &          1.9500,1.9550,1.9600,1.9650,1.9700,1.9720,1.9740,1.9760, &
      &          1.9780,1.9800,1.9820,1.9840,1.9860,1.9880,1.9900,1.9870, &
      &          1.9840,1.9810,1.9780,1.9750,1.9720,1.9690,1.9660,1.9630, &
      &          1.9600,1.9580,1.9560,1.9540,1.9520,1.9500,1.9480,1.9460, &
      &          1.9440,1.9420,1.9400,1.9400,1.9400,1.9400,1.9400,1.9400, &
      &          1.9400,1.9400,1.9400,1.9400,1.9400,1.9410,1.9420,1.9430, &
      &          1.9440,1.9450,1.9460,1.9470,1.9480,1.9490,1.9500,1.9510, &
      &          1.9520,1.9530,1.9540,1.9550,1.9560,1.9570,1.9580,1.9590, &
      &          1.9600,1.9590,1.9580,1.9570,1.9560,1.9550,1.9540,1.9530, &
      &          1.9520,1.9510,1.9500,1.9500,1.9500,1.9500,1.9500,1.9500, &
      &          1.9500,1.9500,1.9500,1.9500,1.9500,1.9500,1.9500,1.9500, &
      &          1.9500,1.9500,1.9500,1.9500,1.9500,1.9500,1.9500,1.9490, &
      &          1.9480,1.9470,1.9460,1.9450,1.9440,1.9430,1.9420,1.9410, &
      &          1.9400,1.9380,1.9360,1.9340,1.9320,1.9300,1.9280,1.9260, &
      &          1.9240,1.9200,1.9190,1.9180,1.9170,1.9160,1.9150,1.9140, &
      &          1.9130,1.9120,1.9110,1.9100,1.9100,1.9100,1.9100,1.9100, &
      &          1.9100,1.9100,1.9100,1.9100,1.9100,1.9090,1.9080,1.9070, &
      &          1.9050,1.9040,1.9030,1.9020,1.9010,1.9000,1.9000,1.9000, &
      &          1.9000,1.9000,1.9000,1.9000,1.9000,1.9000,1.8990,1.8980, &
      &          1.8970,1.8960,1.8950,1.8930,1.8920,1.8910,1.8900,1.8880, &
      &          1.8840,1.8820,1.8800,1.8780,1.8740,1.8720,1.8700,1.8670, &
      &          1.8610,1.8580,1.8550,1.8520,1.8460,1.8430,1.8400,1.8350, &
      &          1.8250,1.8200,1.8150,1.8100,1.8000,1.7950,1.7900,1.7800, &
      &          1.7750,1.7700,1.7600,1.7550,1.7500,1.7450,1.7350,1.7300, &
      &          1.7250,1.7150,1.7100,1.7000,1.6950,1.6900,1.6820,1.6780, &
      &          1.6740,1.6660,1.6620,1.6580,1.6500,1.6460,1.6380,1.6340, &
      &          1.6300,1.6220,1.6180,1.6100,1.6060,1.5980,1.5940,1.5900, &
      &          1.5820,1.5780,1.5700,1.5660,1.5580,1.5540,1.5460,1.5420, &
      &          1.5340,1.5300,1.5240,1.5210,1.5150,1.5120,1.5060,1.5030, &
      &          1.4960,1.4920,1.4840,1.4800,1.4720,1.4680,1.4600,1.4520, &
      &          1.4480,1.4400,1.4360,1.4280,1.4200,1.4160,1.4080,1.4040, &
      &          1.3960,1.3880,1.3840,1.3760,1.3720,1.3640,1.3560,1.3520, &
      &          1.3440,1.3350,1.3300,1.3200,1.3100,1.3050,1.2950,1.2850, &
      &          1.2750,1.2700,1.2600,1.2500,1.2450,1.2340,1.2220,1.2100, &
      &          1.2040,1.1920,1.1800,1.1660,1.1520,1.1450,1.1310,1.1170, &
      &          1.1040,1.0920,1.0860,1.0740,1.0620,1.0500,1.0320,1.0140, &
      &          0.9960,0.9870,0.9690,0.9510,0.9330,0.9150,0.8970,0.8790, &
      &          0.8620,0.8460,0.8300,0.8140,0.7980,0.7820,0.7660,0.7500, &
      &          0.7340,0.7260,0.7040,0.6920,0.6800,0.6680,0.6560,0.6440, &
      &          0.6320,0.6200,0.6080,0.5960,0.5880,0.5840,0.5800,0.5760, &
      &          0.5720,0.5760,0.5820,0.5880,0.5940,0.6000,0.6260,0.6650, &
      &          0.6910,0.7170,0.7510,0.7930,0.8560,0.8980,0.9400,0.9940, &
      &          1.0750,1.1290,1.1830,1.2470,1.3580,1.4320,1.5060,1.6170, &
      &          1.6910,1.7650,1.8760,1.9500,2.0180,2.1200,2.1880,2.2900, &
      &          2.3660,2.4800,2.5560,2.6320,2.7420,2.8140,2.9220,2.9940, &
      &          3.0860,3.1420,3.2260,3.2820,3.3680,3.4550,3.5130,3.6000, &
      &          3.6560,3.7400,3.8240,3.8800,3.9640,4.0480,4.1040,4.1880, &
      &          4.2720,4.3280,4.4120,4.4800,4.5400,4.5800,4.6400,4.7030, &
      &          4.7660,4.8080,4.8720,4.9380,5.0040,5.0700,5.1180,5.1660, &
      &          5.1980,5.2460,5.2940,5.3420,5.3900,5.4440,5.4980,5.5520, &
      &          5.5860,5.6100,5.6340,5.6590,5.6860,5.7220,5.7510,5.7840, &
      &          5.8170,5.8500,5.8680,5.8860,5.9100,5.9310,5.9520,5.9730, &
      &          5.9950,6.0100,6.0250,6.0360,6.0480,6.0570,6.0620,6.0660, &
      &          6.0690,6.0700,6.0700,6.0700,6.0700,6.0700,6.0700,6.0700, &
      &          6.0700,6.0700,6.0700,6.0700,6.0690,6.0650,6.0610,6.0580, &
      &          6.0540,6.0500,6.0380,6.0290,6.0170 /)
