Name: Frost
Type: Water
Class: Frost
Subclass: None
Particle Size: Fine
Sample No.: FROST_SNW_
Owner: Dept. of Earth and Planetary Science, John Hopkins University
Wavelength Range: All
Origin: Collected at John Hopkins University IR Spectroscopy Lab.
Collection Date: N/A
Description:  Frost.  The spectrum from 0.3 to 2.08 micrometers was modeled, while that from 2.08 to 14 micrometers was measured.  The effective particle size was 10 micrometers (see Introductory text for details). Original filename FROST.SNW. Original ASTER Spectral Library name was jhu.becknic.water.frost.none.10um.frost.spectrum.txt
Measurement: Directional (10 Degree) Hemispherical Reflectance
First Column: X
Second Column: Y
X Units: Wavelength (micrometers)
Y Units:Reflectance (percent)
First X Value:  0.3400
Last X Value: 14.0100
Number of X Values: 965
Additional Information: none

 0.3400	99.0380
 0.3500	99.0480
 0.3600	99.1920
 0.3700	99.2080
 0.3800	99.2500
 0.3900	99.2520
 0.4000	99.2440
 0.4100	99.3500
 0.4200	99.2840
 0.4300	99.4180
 0.4400	99.3640
 0.4500	99.4920
 0.4600	99.4820
 0.4700	99.5160
 0.4800	99.4840
 0.4900	99.4460
 0.5000	99.4480
 0.5100	99.4460
 0.5200	99.3940
 0.5300	99.4560
 0.5400	99.3280
 0.5500	99.3800
 0.5600	99.3280
 0.5700	99.2860
 0.5800	99.3100
 0.5900	99.2800
 0.6000	99.1980
 0.6100	99.1100
 0.6200	98.9640
 0.6300	98.9180
 0.6400	98.8400
 0.6500	98.7560
 0.6600	98.6280
 0.6700	98.5680
 0.6800	98.5040
 0.6900	98.4200
 0.7000	98.1760
 0.7100	98.0980
 0.7200	98.0380
 0.7300	97.9380
 0.7400	97.8360
 0.7500	97.6660
 0.7600	97.4320
 0.7700	97.1960
 0.7800	96.9900
 0.7900	96.7760
 0.8000	96.6170
 0.8200	96.5300
 0.8400	96.4500
 0.8600	95.8500
 0.8800	94.8800
 0.9000	94.4300
 0.9200	94.3500
 0.9400	93.8900
 0.9600	92.7700
 0.9800	91.8000
 1.0000	89.9100
 1.0200	88.7500
 1.0400	88.1200
 1.0600	89.6800
 1.0800	89.6800
 1.1000	89.7700
 1.1200	89.9700
 1.1400	89.1300
 1.1600	87.6100
 1.1800	85.0000
 1.2000	82.3500
 1.2200	74.5200
 1.2400	77.1700
 1.2600	76.8600
 1.2800	77.2700
 1.3000	74.8700
 1.3200	77.4700
 1.3400	76.8800
 1.3600	76.4300
 1.3800	75.8600
 1.4000	74.5900
 1.4200	61.7500
 1.4400	37.8400
 1.4600	29.8200
 1.4800	24.6900
 1.5000	21.5400
 1.5200	22.6300
 1.5400	22.5200
 1.5600	26.4100
 1.5800	30.2400
 1.6000	31.3000
 1.6200	29.8100
 1.6400	38.3700
 1.6600	39.9100
 1.6800	44.5500
 1.7000	45.4400
 1.7200	48.1000
 1.7400	47.6000
 1.7600	50.6900
 1.7800	48.8400
 1.8000	54.3200
 1.8200	54.1100
 1.8400	58.2900
 1.8600	54.3900
 1.8800	42.8400
 1.9000	30.6200
 1.9200	21.8000
 1.9400	17.0900
 1.9600	13.1000
 1.9800	11.5700
 2.0000	10.7700
 2.0200	11.4300
 2.0400	13.1000
 2.0600	13.9300
 2.0800	16.1600
 2.1000	19.2700
 2.1200	23.3200
 2.1400	30.1500
 2.1600	33.6400
 2.1800	36.3600
 2.2000	42.9300
 2.2200	45.2900
 2.2400	44.8100
 2.2500	44.6270
 2.2600	44.3670
 2.2700	43.9150
 2.2800	43.1890
 2.2900	42.4020
 2.3000	41.5460
 2.3100	40.5780
 2.3200	39.5140
 2.3300	38.5920
 2.3400	37.5950
 2.3500	36.7300
 2.3600	36.0610
 2.3700	35.4250
 2.3800	34.8330
 2.3900	34.3620
 2.4000	33.9210
 2.4100	33.4940
 2.4200	33.0580
 2.4300	32.5890
 2.4400	32.2120
 2.4500	31.7630
 2.4600	31.2970
 2.4700	30.7930
 2.4800	30.3990
 2.4900	29.9280
 2.5000	29.4600
 2.5100	29.0930
 2.5200	28.7330
 2.5300	28.3170
 2.5400	28.0200
 2.5500	27.8230
 2.5600	27.2890
 2.5700	26.9050
 2.5800	26.5540
 2.5900	25.5460
 2.6000	25.2000
 2.6100	24.9680
 2.6200	24.2820
 2.6300	23.6230
 2.6400	23.6260
 2.6500	22.2990
 2.6600	20.3970
 2.6700	17.7890
 2.6800	17.0400
 2.6900	15.3660
 2.7000	13.2290
 2.7100	11.0160
 2.7200	 8.6760
 2.7300	 6.9260
 2.7400	 5.0290
 2.7500	 3.6090
 2.7600	 2.3960
 2.7700	 1.6780
 2.7800	 1.1630
 2.7900	 0.8170
 2.8000	 0.6280
 2.8100	 0.5170
 2.8200	 0.4450
 2.8300	 0.3990
 2.8400	 0.4280
 2.8500	 0.3970
 2.8600	 0.3170
 2.8700	 0.3320
 2.8800	 0.3370
 2.8900	 0.4230
 2.9000	 0.4670
 2.9100	 0.4730
 2.9200	 0.5180
 2.9300	 0.5350
 2.9400	 0.5950
 2.9500	 0.6970
 2.9600	 0.6530
 2.9700	 0.7080
 2.9800	 0.6880
 2.9900	 0.7380
 3.0000	 0.8300
 3.0100	 0.9270
 3.0200	 0.9670
 3.0300	 1.0520
 3.0400	 1.2250
 3.0500	 1.2870
 3.0600	 1.3040
 3.0700	 1.4070
 3.0800	 1.4520
 3.0900	 1.3820
 3.1000	 1.3320
 3.1100	 1.2720
 3.1200	 1.2650
 3.1300	 1.1980
 3.1400	 1.2280
 3.1500	 1.2300
 3.1600	 1.1730
 3.1700	 1.1640
 3.1800	 1.1680
 3.1900	 1.1420
 3.2000	 1.1120
 3.2100	 1.1040
 3.2200	 1.0980
 3.2300	 1.0460
 3.2400	 1.0140
 3.2500	 1.0180
 3.2600	 1.0420
 3.2700	 1.0280
 3.2800	 1.0100
 3.2900	 1.0400
 3.3000	 1.0940
 3.3100	 1.1160
 3.3200	 1.1030
 3.3300	 1.1640
 3.3400	 1.2700
 3.3500	 1.3470
 3.3600	 1.4240
 3.3700	 1.5080
 3.3800	 1.6080
 3.3900	 1.7360
 3.4000	 1.9200
 3.4100	 2.0830
 3.4200	 2.2860
 3.4300	 2.5200
 3.4400	 2.7940
 3.4500	 3.0780
 3.4600	 3.3620
 3.4700	 3.7360
 3.4800	 4.1500
 3.4900	 4.5150
 3.5000	 4.8880
 3.5100	 5.3260
 3.5200	 5.7980
 3.5300	 6.2700
 3.5400	 6.7550
 3.5500	 7.2150
 3.5600	 7.6830
 3.5700	 8.1750
 3.5800	 8.6350
 3.5900	 9.0680
 3.6000	 9.5020
 3.6100	 9.9300
 3.6200	10.3380
 3.6300	10.6880
 3.6400	10.9950
 3.6500	11.2900
 3.6600	11.5300
 3.6700	11.7170
 3.6800	11.8600
 3.6900	11.9430
 3.7000	11.9820
 3.7100	12.0000
 3.7200	11.9600
 3.7300	11.8520
 3.7400	11.7270
 3.7500	11.5650
 3.7600	11.3500
 3.7700	11.1670
 3.7800	10.9530
 3.7900	10.6770
 3.8000	10.3950
 3.8100	10.1270
 3.8200	 9.8870
 3.8300	 9.6270
 3.8400	 9.3700
 3.8500	 9.1070
 3.8600	 8.8370
 3.8700	 8.5780
 3.8800	 8.3500
 3.8900	 8.1330
 3.9000	 7.9030
 3.9100	 7.7100
 3.9200	 7.5150
 3.9300	 7.3200
 3.9400	 7.1400
 3.9500	 6.9350
 3.9600	 6.7470
 3.9700	 6.5700
 3.9800	 6.3780
 3.9900	 6.2070
 4.0000	 6.0730
 4.0100	 5.9330
 4.0200	 5.7800
 4.0300	 5.6400
 4.0400	 5.5200
 4.0500	 5.4000
 4.0600	 5.2700
 4.0700	 5.1470
 4.0800	 5.0200
 4.0900	 4.8800
 4.1000	 4.7600
 4.1100	 4.6830
 4.1200	 4.6200
 4.1300	 4.5700
 4.1400	 4.5070
 4.1500	 4.4270
 4.1600	 4.3470
 4.1700	 4.2570
 4.1800	 4.1500
 4.1900	 4.0500
 4.2000	 3.9670
 4.2100	 3.8700
 4.2200	 3.7850
 4.2300	 3.7170
 4.2400	 3.6400
 4.2500	 3.5600
 4.2600	 3.4600
 4.2700	 3.3400
 4.2800	 3.2470
 4.2900	 3.1800
 4.3000	 3.1000
 4.3100	 2.9800
 4.3200	 2.8600
 4.3300	 2.7700
 4.3400	 2.7200
 4.3500	 2.6670
 4.3600	 2.5830
 4.3700	 2.4900
 4.3800	 2.4300
 4.3900	 2.3800
 4.4000	 2.3300
 4.4100	 2.2800
 4.4200	 2.2200
 4.4300	 2.1700
 4.4400	 2.1550
 4.4500	 2.1470
 4.4600	 2.1250
 4.4700	 2.1000
 4.4800	 2.0800
 4.4900	 2.0900
 4.5000	 2.1100
 4.5100	 2.1350
 4.5200	 2.1600
 4.5300	 2.1950
 4.5400	 2.2370
 4.5500	 2.2750
 4.5600	 2.3200
 4.5700	 2.3850
 4.5800	 2.4630
 4.5900	 2.5500
 4.6000	 2.6400
 4.6100	 2.7500
 4.6200	 2.8700
 4.6300	 2.9850
 4.6400	 3.0750
 4.6500	 3.1870
 4.6600	 3.3050
 4.6700	 3.4370
 4.6800	 3.5800
 4.6900	 3.7000
 4.7000	 3.8400
 4.7100	 3.9900
 4.7200	 4.1100
 4.7300	 4.2570
 4.7400	 4.4000
 4.7500	 4.5250
 4.7600	 4.6800
 4.7700	 4.8200
 4.7800	 4.9250
 4.7900	 5.0250
 4.8000	 5.1530
 4.8100	 5.2900
 4.8200	 5.4050
 4.8300	 5.5150
 4.8400	 5.6150
 4.8500	 5.7370
 4.8600	 5.8500
 4.8700	 5.9450
 4.8800	 6.0350
 4.8900	 6.1350
 4.9000	 6.2400
 4.9100	 6.3300
 4.9200	 6.4000
 4.9300	 6.4700
 4.9400	 6.5400
 4.9500	 6.6000
 4.9600	 6.6550
 4.9700	 6.7100
 4.9800	 6.7770
 4.9900	 6.8400
 5.0000	 6.8750
 5.0100	 6.8950
 5.0200	 6.9150
 5.0300	 6.9350
 5.0400	 6.9550
 5.0500	 6.9850
 5.0600	 6.9900
 5.0700	 6.9850
 5.0800	 6.9600
 5.0900	 6.9350
 5.1000	 6.9150
 5.1100	 6.8950
 5.1200	 6.8600
 5.1300	 6.8050
 5.1400	 6.7450
 5.1500	 6.6950
 5.1600	 6.6450
 5.1700	 6.5950
 5.1800	 6.5300
 5.1900	 6.4500
 5.2000	 6.3700
 5.2100	 6.3100
 5.2200	 6.2600
 5.2300	 6.1900
 5.2400	 6.1200
 5.2500	 6.0350
 5.2600	 5.9450
 5.2700	 5.8400
 5.2800	 5.7300
 5.2900	 5.6500
 5.3000	 5.5800
 5.3100	 5.4950
 5.3200	 5.4050
 5.3300	 5.2950
 5.3400	 5.1550
 5.3500	 5.0500
 5.3600	 4.9650
 5.3700	 4.8800
 5.3800	 4.8100
 5.3900	 4.7250
 5.4000	 4.6500
 5.4100	 4.5550
 5.4200	 4.4400
 5.4300	 4.3350
 5.4400	 4.2600
 5.4500	 4.1850
 5.4600	 4.0750
 5.4700	 3.9650
 5.4800	 3.9000
 5.4900	 3.8400
 5.5000	 3.7500
 5.5100	 3.6800
 5.5200	 3.6000
 5.5300	 3.4900
 5.5400	 3.3750
 5.5500	 3.2800
 5.5600	 3.1900
 5.5700	 3.0800
 5.5800	 3.0100
 5.5900	 2.9650
 5.6000	 2.9000
 5.6100	 2.8300
 5.6200	 2.7400
 5.6300	 2.6050
 5.6400	 2.5000
 5.6500	 2.4250
 5.6600	 2.3600
 5.6700	 2.3100
 5.6800	 2.2400
 5.6900	 2.1800
 5.7000	 2.1200
 5.7100	 2.0500
 5.7200	 1.9900
 5.7300	 1.9050
 5.7400	 1.8400
 5.7500	 1.7650
 5.7600	 1.7000
 5.7700	 1.6550
 5.7800	 1.6200
 5.7900	 1.5850
 5.8000	 1.5500
 5.8100	 1.5000
 5.8200	 1.4400
 5.8300	 1.4000
 5.8400	 1.3750
 5.8500	 1.3400
 5.8600	 1.2900
 5.8700	 1.2300
 5.8800	 1.1750
 5.8900	 1.1300
 5.9000	 1.1050
 5.9100	 1.0900
 5.9200	 1.0700
 5.9300	 1.0500
 5.9400	 1.0400
 5.9500	 1.0250
 5.9600	 1.0100
 5.9700	 1.0050
 5.9800	 1.0000
 5.9900	 1.0000
 6.0000	 1.0000
 6.0100	 0.9950
 6.0200	 0.9700
 6.0300	 0.9500
 6.0400	 0.9100
 6.0500	 0.8800
 6.0600	 0.8600
 6.0700	 0.8600
 6.0800	 0.8750
 6.0900	 0.9000
 6.1000	 0.9100
 6.1100	 0.9350
 6.1200	 0.9600
 6.1300	 0.9700
 6.1400	 0.9800
 6.1500	 0.9800
 6.1600	 0.9800
 6.1700	 0.9700
 6.1800	 0.9600
 6.1900	 0.9600
 6.2000	 0.9600
 6.2100	 0.9600
 6.2200	 0.9750
 6.2300	 0.9900
 6.2400	 1.0000
 6.2500	 1.0250
 6.2600	 1.0400
 6.2700	 1.0500
 6.2800	 1.0650
 6.2900	 1.0700
 6.3000	 1.0700
 6.3100	 1.0650
 6.3200	 1.0500
 6.3300	 1.0500
 6.3400	 1.0500
 6.3500	 1.0500
 6.3600	 1.0600
 6.3700	 1.0600
 6.3800	 1.0550
 6.3900	 1.0400
 6.4000	 1.0300
 6.4100	 1.0100
 6.4200	 1.0100
 6.4300	 1.0200
 6.4400	 1.0300
 6.4500	 1.0500
 6.4600	 1.0650
 6.4700	 1.0800
 6.4800	 1.0800
 6.4900	 1.0900
 6.5000	 1.1150
 6.5100	 1.1500
 6.5200	 1.1700
 6.5300	 1.1900
 6.5400	 1.2000
 6.5500	 1.2100
 6.5600	 1.2100
 6.5700	 1.2000
 6.5800	 1.1900
 6.5900	 1.1800
 6.6000	 1.1650
 6.6100	 1.1500
 6.6200	 1.1500
 6.6300	 1.1500
 6.6400	 1.1600
 6.6500	 1.1800
 6.6600	 1.2200
 6.6700	 1.2400
 6.6800	 1.2700
 6.6900	 1.2900
 6.7000	 1.3000
 6.7100	 1.3200
 6.7200	 1.3350
 6.7300	 1.3500
 6.7400	 1.3600
 6.7500	 1.3600
 6.7600	 1.3600
 6.7700	 1.3500
 6.7800	 1.3500
 6.7900	 1.3400
 6.8000	 1.3400
 6.8100	 1.3400
 6.8200	 1.3500
 6.8300	 1.3500
 6.8400	 1.3500
 6.8500	 1.3600
 6.8600	 1.3600
 6.8700	 1.3600
 6.8800	 1.3800
 6.8900	 1.4100
 6.9000	 1.4300
 6.9100	 1.4500
 6.9200	 1.4700
 6.9300	 1.4800
 6.9400	 1.4900
 6.9500	 1.4900
 6.9600	 1.4900
 6.9700	 1.4900
 6.9800	 1.4800
 6.9900	 1.4800
 7.0000	 1.4800
 7.0100	 1.4700
 7.0200	 1.4700
 7.0300	 1.4700
 7.0400	 1.4800
 7.0500	 1.4900
 7.0600	 1.5100
 7.0700	 1.5300
 7.0800	 1.5500
 7.0900	 1.5700
 7.1000	 1.5800
 7.1100	 1.5800
 7.1200	 1.5800
 7.1300	 1.5800
 7.1400	 1.5700
 7.1500	 1.5700
 7.1600	 1.5700
 7.1700	 1.5800
 7.1800	 1.5900
 7.1900	 1.6100
 7.2000	 1.6300
 7.2100	 1.6600
 7.2200	 1.6800
 7.2300	 1.7000
 7.2400	 1.7200
 7.2500	 1.7300
 7.2600	 1.7300
 7.2700	 1.7300
 7.2800	 1.7400
 7.2900	 1.7400
 7.3000	 1.7400
 7.3100	 1.7500
 7.3200	 1.7600
 7.3300	 1.7800
 7.3400	 1.8000
 7.3500	 1.8200
 7.3600	 1.8500
 7.3700	 1.8700
 7.3800	 1.8900
 7.4000	 1.9100
 7.4100	 1.9200
 7.4200	 1.9300
 7.4300	 1.9300
 7.4400	 1.9400
 7.4500	 1.9500
 7.4600	 1.9600
 7.4700	 1.9700
 7.4800	 1.9900
 7.4900	 2.0000
 7.5000	 2.0100
 7.5100	 2.0200
 7.5200	 2.0300
 7.5400	 2.0400
 7.5500	 2.0500
 7.5600	 2.0600
 7.5700	 2.0800
 7.5800	 2.1000
 7.5900	 2.1300
 7.6000	 2.1500
 7.6100	 2.1700
 7.6200	 2.1900
 7.6300	 2.1900
 7.6500	 2.2000
 7.6600	 2.2000
 7.6700	 2.2000
 7.6800	 2.2000
 7.6900	 2.2000
 7.7000	 2.2100
 7.7100	 2.2200
 7.7300	 2.2300
 7.7400	 2.2500
 7.7500	 2.2600
 7.7600	 2.2800
 7.7700	 2.3000
 7.7800	 2.3100
 7.8000	 2.3300
 7.8100	 2.3400
 7.8200	 2.3600
 7.8300	 2.3700
 7.8400	 2.3800
 7.8500	 2.3900
 7.8700	 2.3900
 7.8800	 2.4000
 7.8900	 2.4000
 7.9000	 2.4100
 7.9100	 2.4200
 7.9300	 2.4300
 7.9400	 2.4500
 7.9500	 2.4600
 7.9600	 2.4700
 7.9800	 2.4800
 7.9900	 2.4800
 8.0000	 2.4900
 8.0100	 2.4900
 8.0300	 2.4900
 8.0400	 2.5000
 8.0500	 2.5000
 8.0600	 2.5100
 8.0800	 2.5200
 8.0900	 2.5200
 8.1000	 2.5300
 8.1100	 2.5400
 8.1300	 2.5500
 8.1400	 2.5500
 8.1500	 2.5600
 8.1600	 2.5700
 8.1800	 2.5700
 8.1900	 2.5700
 8.2000	 2.5700
 8.2200	 2.5700
 8.2300	 2.5700
 8.2400	 2.5700
 8.2600	 2.5700
 8.2700	 2.5700
 8.2800	 2.5800
 8.2900	 2.5800
 8.3100	 2.5800
 8.3200	 2.5800
 8.3300	 2.5800
 8.3500	 2.5700
 8.3600	 2.5700
 8.3800	 2.5600
 8.3900	 2.5600
 8.4000	 2.5500
 8.4200	 2.5600
 8.4300	 2.5600
 8.4400	 2.5600
 8.4600	 2.5600
 8.4700	 2.5600
 8.4800	 2.5600
 8.5000	 2.5600
 8.5100	 2.5500
 8.5300	 2.5500
 8.5400	 2.5500
 8.5500	 2.5500
 8.5700	 2.5400
 8.5800	 2.5400
 8.6000	 2.5300
 8.6100	 2.5200
 8.6300	 2.5000
 8.6400	 2.4800
 8.6500	 2.4700
 8.6700	 2.4500
 8.6800	 2.4400
 8.7000	 2.4400
 8.7100	 2.4400
 8.7300	 2.4400
 8.7400	 2.4400
 8.7600	 2.4500
 8.7700	 2.4500
 8.7900	 2.4500
 8.8000	 2.4500
 8.8200	 2.4400
 8.8300	 2.4300
 8.8500	 2.4100
 8.8600	 2.3900
 8.8800	 2.3800
 8.8900	 2.3600
 8.9100	 2.3500
 8.9200	 2.3400
 8.9400	 2.3300
 8.9500	 2.3200
 8.9700	 2.3200
 8.9800	 2.3200
 9.0000	 2.3100
 9.0200	 2.3100
 9.0300	 2.3100
 9.0500	 2.3100
 9.0600	 2.3000
 9.0800	 2.3000
 9.1000	 2.2900
 9.1100	 2.2900
 9.1300	 2.2900
 9.1400	 2.2900
 9.1600	 2.2900
 9.1800	 2.3000
 9.1900	 2.3000
 9.2100	 2.3100
 9.2200	 2.3300
 9.2400	 2.3400
 9.2600	 2.3600
 9.2700	 2.3800
 9.2900	 2.3900
 9.3100	 2.4000
 9.3200	 2.4100
 9.3400	 2.4100
 9.3600	 2.4200
 9.3700	 2.4200
 9.3900	 2.4200
 9.4100	 2.4300
 9.4300	 2.4500
 9.4400	 2.4800
 9.4600	 2.5100
 9.4800	 2.5500
 9.4900	 2.5900
 9.5100	 2.6300
 9.5300	 2.6700
 9.5500	 2.7100
 9.5600	 2.7400
 9.5800	 2.7700
 9.6000	 2.7900
 9.6200	 2.8000
 9.6400	 2.7900
 9.6500	 2.7800
 9.6700	 2.7600
 9.6900	 2.7300
 9.7100	 2.7000
 9.7300	 2.6700
 9.7400	 2.6500
 9.7600	 2.6200
 9.7800	 2.5800
 9.8000	 2.5400
 9.8200	 2.5000
 9.8400	 2.4400
 9.8600	 2.3900
 9.8700	 2.3300
 9.8900	 2.2800
 9.9100	 2.2300
 9.9300	 2.1700
 9.9500	 2.1200
 9.9700	 2.0600
 9.9900	 2.0000
10.0100	 1.9300
10.0300	 1.8600
10.0500	 1.7900
10.0700	 1.7100
10.0900	 1.6500
10.1100	 1.5800
10.1300	 1.5200
10.1500	 1.4700
10.1700	 1.4100
10.1800	 1.3600
10.2100	 1.3100
10.2300	 1.2600
10.2500	 1.2100
10.2700	 1.1500
10.2900	 1.1000
10.3100	 1.0400
10.3300	 0.9900
10.3500	 0.9300
10.3700	 0.8800
10.3900	 0.8300
10.4100	 0.7800
10.4300	 0.7400
10.4500	 0.7100
10.4700	 0.6900
10.4900	 0.6700
10.5200	 0.6600
10.5400	 0.6500
10.5600	 0.6400
10.5800	 0.6400
10.6000	 0.6300
10.6200	 0.6200
10.6500	 0.6100
10.6700	 0.6000
10.6900	 0.5800
10.7100	 0.5700
10.7300	 0.5600
10.7600	 0.5600
10.7800	 0.5600
10.8000	 0.5600
10.8200	 0.5700
10.8500	 0.5800
10.8700	 0.5900
10.8900	 0.6000
10.9100	 0.6100
10.9400	 0.6200
10.9600	 0.6300
10.9800	 0.6400
11.0100	 0.6500
11.0300	 0.6700
11.0500	 0.6800
11.0800	 0.6900
11.1000	 0.7000
11.1200	 0.7100
11.1500	 0.7200
11.1700	 0.7200
11.2000	 0.7200
11.2200	 0.7200
11.2500	 0.7100
11.2700	 0.7100
11.2900	 0.7100
11.3200	 0.7100
11.3400	 0.7100
11.3700	 0.7200
11.3900	 0.7300
11.4200	 0.7400
11.4400	 0.7500
11.4700	 0.7700
11.4900	 0.7700
11.5200	 0.7800
11.5500	 0.7800
11.5700	 0.7900
11.6000	 0.8000
11.6200	 0.8100
11.6500	 0.8200
11.6800	 0.8300
11.7000	 0.8500
11.7300	 0.8600
11.7600	 0.8700
11.7800	 0.8800
11.8100	 0.8800
11.8400	 0.8800
11.8600	 0.8800
11.8900	 0.8700
11.9200	 0.8700
11.9500	 0.8800
11.9700	 0.8800
12.0000	 0.8900
12.0300	 0.9000
12.0600	 0.9000
12.0800	 0.9100
12.1100	 0.9200
12.1400	 0.9200
12.1700	 0.9300
12.2000	 0.9400
12.2300	 0.9500
12.2600	 0.9600
12.2800	 0.9700
12.3100	 0.9800
12.3400	 0.9900
12.3700	 1.0000
12.4000	 1.0000
12.4300	 1.0000
12.4600	 0.9900
12.4900	 0.9900
12.5200	 0.9900
12.5500	 0.9900
12.5800	 1.0000
12.6100	 1.0100
12.6400	 1.0200
12.6800	 1.0300
12.7100	 1.0400
12.7400	 1.0500
12.7700	 1.0500
12.8000	 1.0500
12.8300	 1.0500
12.8600	 1.0600
12.9000	 1.0700
12.9300	 1.0900
12.9600	 1.1100
12.9900	 1.1200
13.0300	 1.1400
13.0600	 1.1400
13.0900	 1.1400
13.1200	 1.1300
13.1600	 1.1100
13.1900	 1.1000
13.2200	 1.0800
13.2600	 1.0800
13.2900	 1.0800
13.3300	 1.0900
13.3600	 1.1000
13.4000	 1.1200
13.4300	 1.1300
13.4700	 1.1400
13.5000	 1.1500
13.5400	 1.1600
13.5700	 1.1700
13.6100	 1.1700
13.6400	 1.1800
13.6800	 1.1800
13.7100	 1.1800
13.7500	 1.1800
13.7900	 1.1800
13.8200	 1.1900
13.8600	 1.2000
13.9000	 1.2200
13.9400	 1.2400
13.9700	 1.2500
14.0100	 1.2600
