Name: Tap water
Type: Water
Class: Tap Water
Subclass: none
Particle Size: Liquid
Sample No.: tapwater
Owner: Dept. of Earth and Planetary Science, John Hopkins University
Wavelength Range: All
Origin: JHU IR Spectroscopy Lab. Original filename TAPWATER.
Collection Date: N/A
Description: Tap water. Original ASTER Spectral Library name was jhu.becknic.water.tap.none.liquid.tapwater.spectrum.txt
Measurement: Directional (10 Degree) Hemispherical Reflectance
First Column: X
Second Column: Y
X Units: Wavelength (micrometers)
Y Units:Reflectance (percent)
First X Value: 14.0110
Last X Value:  0.4000
Number of X Values: 2844
Additional Information: none

14.0110	 3.8716
13.9730	 3.8384
13.9360	 3.7951
13.8990	 3.7383
13.8610	 3.6946
13.8240	 3.6546
13.7880	 3.6185
13.7510	 3.5721
13.7150	 3.5355
13.6790	 3.4910
13.6430	 3.4467
13.6070	 3.3945
13.5710	 3.3529
13.5360	 3.3149
13.5000	 3.2811
13.4650	 3.2424
13.4300	 3.2051
13.3960	 3.1589
13.3610	 3.1136
13.3270	 3.0655
13.2930	 3.0259
13.2590	 2.9792
13.2250	 2.9383
13.1910	 2.8974
13.1580	 2.8555
13.1240	 2.8101
13.0910	 2.7677
13.0580	 2.7251
13.0260	 2.6868
12.9930	 2.6404
12.9600	 2.6000
12.9280	 2.5619
12.8960	 2.5248
12.8640	 2.4842
12.8320	 2.4462
12.8000	 2.4043
12.7690	 2.3643
12.7370	 2.3188
12.7060	 2.2743
12.6750	 2.2301
12.6440	 2.1911
12.6140	 2.1497
12.5830	 2.1119
12.5520	 2.0726
12.5220	 2.0384
12.4920	 1.9985
12.4620	 1.9583
12.4320	 1.9171
12.4020	 1.8786
12.3730	 1.8382
12.3430	 1.7997
12.3140	 1.7609
12.2850	 1.7300
12.2560	 1.6977
12.2270	 1.6664
12.1980	 1.6334
12.1690	 1.6030
12.1410	 1.5729
12.1130	 1.5461
12.0840	 1.5183
12.0560	 1.4929
12.0280	 1.4666
12.0000	 1.4405
11.9730	 1.4118
11.9450	 1.3846
11.9180	 1.3542
11.8900	 1.3274
11.8630	 1.2989
11.8360	 1.2733
11.8090	 1.2496
11.7820	 1.2300
11.7550	 1.2106
11.7290	 1.1934
11.7020	 1.1728
11.6760	 1.1532
11.6500	 1.1295
11.6240	 1.1089
11.5980	 1.0898
11.5720	 1.0735
11.5460	 1.0560
11.5200	 1.0407
11.4950	 1.0250
11.4690	 1.0130
11.4440	 0.9988
11.4190	 0.9871
11.3940	 0.9761
11.3690	 0.9656
11.3440	 0.9541
11.3190	 0.9452
11.2940	 0.9355
11.2700	 0.9280
11.2450	 0.9202
11.2210	 0.9156
11.1970	 0.9101
11.1730	 0.9046
11.1490	 0.9003
11.1250	 0.9008
11.1010	 0.8979
11.0770	 0.8926
11.0540	 0.8862
11.0300	 0.8848
11.0070	 0.8840
10.9830	 0.8857
10.9600	 0.8871
10.9370	 0.8903
10.9140	 0.8898
10.8910	 0.8890
10.8680	 0.8867
10.8460	 0.8893
10.8230	 0.8924
10.8000	 0.8974
10.7780	 0.8996
10.7550	 0.9030
10.7330	 0.9072
10.7110	 0.9147
10.6890	 0.9204
10.6670	 0.9275
10.6450	 0.9297
10.6230	 0.9329
10.6020	 0.9345
10.5800	 0.9410
10.5580	 0.9484
10.5370	 0.9565
10.5160	 0.9629
10.4940	 0.9716
10.4730	 0.9780
10.4520	 0.9869
10.4310	 0.9931
10.4100	 1.0024
10.3890	 1.0092
10.3680	 1.0154
10.3480	 1.0228
10.3270	 1.0323
10.3060	 1.0391
10.2860	 1.0505
10.2660	 1.0596
10.2450	 1.0687
10.2250	 1.0757
10.2050	 1.0840
10.1850	 1.0939
10.1650	 1.1017
10.1450	 1.1056
10.1250	 1.1144
10.1060	 1.1209
10.0860	 1.1274
10.0660	 1.1324
10.0470	 1.1398
10.0270	 1.1472
10.0080	 1.1534
 9.9887	 1.1597
 9.9695	 1.1714
 9.9504	 1.1800
 9.9313	 1.1886
 9.9123	 1.1960
 9.8934	 1.2058
 9.8746	 1.2144
 9.8558	 1.2242
 9.8371	 1.2321
 9.8185	 1.2412
 9.7999	 1.2472
 9.7814	 1.2510
 9.7630	 1.2534
 9.7447	 1.2620
 9.7264	 1.2692
 9.7082	 1.2745
 9.6900	 1.2778
 9.6719	 1.2853
 9.6539	 1.2917
 9.6360	 1.2965
 9.6181	 1.2996
 9.6003	 1.3094
 9.5825	 1.3168
 9.5649	 1.3235
 9.5472	 1.3312
 9.5297	 1.3386
 9.5122	 1.3420
 9.4948	 1.3491
 9.4774	 1.3575
 9.4601	 1.3688
 9.4429	 1.3802
 9.4257	 1.3912
 9.4086	 1.3946
 9.3916	 1.3965
 9.3746	 1.3972
 9.3577	 1.4023
 9.3408	 1.4075
 9.3240	 1.4138
 9.3073	 1.4209
 9.2906	 1.4315
 9.2740	 1.4379
 9.2574	 1.4458
 9.2409	 1.4499
 9.2245	 1.4530
 9.2081	 1.4525
 9.1918	 1.4518
 9.1755	 1.4528
 9.1593	 1.4601
 9.1431	 1.4669
 9.1270	 1.4743
 9.1110	 1.4807
 9.0950	 1.4898
 9.0791	 1.4977
 9.0632	 1.5080
 9.0474	 1.5176
 9.0316	 1.5264
 9.0159	 1.5295
 9.0003	 1.5331
 8.9847	 1.5377
 8.9691	 1.5422
 8.9536	 1.5449
 8.9382	 1.5518
 8.9228	 1.5573
 8.9075	 1.5611
 8.8922	 1.5618
 8.8770	 1.5652
 8.8618	 1.5669
 8.8467	 1.5666
 8.8316	 1.5673
 8.8166	 1.5757
 8.8016	 1.5834
 8.7867	 1.5910
 8.7718	 1.5963
 8.7570	 1.5997
 8.7422	 1.5977
 8.7275	 1.5961
 8.7129	 1.5963
 8.6982	 1.6011
 8.6837	 1.6071
 8.6692	 1.6159
 8.6547	 1.6238
 8.6403	 1.6302
 8.6259	 1.6331
 8.6116	 1.6367
 8.5973	 1.6358
 8.5830	 1.6346
 8.5688	 1.6338
 8.5547	 1.6336
 8.5406	 1.6334
 8.5266	 1.6353
 8.5126	 1.6379
 8.4986	 1.6434
 8.4847	 1.6487
 8.4708	 1.6559
 8.4570	 1.6619
 8.4432	 1.6671
 8.4295	 1.6721
 8.4158	 1.6803
 8.4022	 1.6858
 8.3886	 1.6877
 8.3750	 1.6874
 8.3615	 1.6887
 8.3481	 1.6879
 8.3347	 1.6877
 8.3213	 1.6882
 8.3079	 1.6929
 8.2946	 1.6965
 8.2814	 1.6989
 8.2682	 1.7030
 8.2550	 1.7092
 8.2419	 1.7111
 8.2288	 1.7126
 8.2158	 1.7121
 8.2028	 1.7128
 8.1898	 1.7136
 8.1769	 1.7173
 8.1640	 1.7228
 8.1512	 1.7291
 8.1384	 1.7327
 8.1256	 1.7370
 8.1129	 1.7375
 8.1002	 1.7365
 8.0876	 1.7339
 8.0750	 1.7327
 8.0624	 1.7300
 8.0499	 1.7300
 8.0374	 1.7331
 8.0250	 1.7389
 8.0126	 1.7425
 8.0002	 1.7461
 7.9879	 1.7480
 7.9756	 1.7468
 7.9634	 1.7430
 7.9512	 1.7405
 7.9390	 1.7401
 7.9268	 1.7425
 7.9147	 1.7451
 7.9027	 1.7465
 7.8906	 1.7465
 7.8786	 1.7465
 7.8667	 1.7470
 7.8548	 1.7506
 7.8429	 1.7552
 7.8310	 1.7604
 7.8192	 1.7643
 7.8075	 1.7633
 7.7957	 1.7602
 7.7840	 1.7597
 7.7723	 1.7612
 7.7607	 1.7667
 7.7491	 1.7717
 7.7375	 1.7776
 7.7260	 1.7817
 7.7145	 1.7815
 7.7031	 1.7800
 7.6916	 1.7805
 7.6802	 1.7808
 7.6689	 1.7848
 7.6575	 1.7870
 7.6462	 1.7867
 7.6350	 1.7841
 7.6238	 1.7786
 7.6126	 1.7700
 7.6014	 1.7647
 7.5903	 1.7649
 7.5792	 1.7767
 7.5681	 1.7906
 7.5571	 1.8033
 7.5461	 1.8148
 7.5351	 1.8253
 7.5242	 1.8303
 7.5133	 1.8289
 7.5024	 1.8078
 7.4916	 1.7724
 7.4807	 1.7454
 7.4700	 1.7355
 7.4592	 1.7451
 7.4485	 1.7729
 7.4378	 1.8083
 7.4272	 1.8396
 7.4165	 1.8463
 7.4059	 1.8362
 7.3954	 1.8372
 7.3848	 1.8444
 7.3743	 1.8291
 7.3639	 1.7908
 7.3534	 1.7633
 7.3430	 1.7523
 7.3326	 1.7554
 7.3223	 1.7817
 7.3119	 1.8076
 7.3016	 1.8133
 7.2914	 1.7982
 7.2811	 1.7794
 7.2709	 1.7853
 7.2607	 1.8119
 7.2506	 1.8556
 7.2404	 1.8779
 7.2303	 1.8578
 7.2203	 1.8382
 7.2102	 1.8348
 7.2002	 1.8088
 7.1902	 1.7767
 7.1803	 1.7475
 7.1703	 1.7264
 7.1604	 1.7169
 7.1506	 1.7205
 7.1407	 1.7573
 7.1309	 1.8154
 7.1211	 1.8542
 7.1113	 1.8815
 7.1016	 1.9006
 7.0919	 1.9258
 7.0822	 1.9260
 7.0725	 1.8447
 7.0629	 1.7581
 7.0533	 1.6987
 7.0437	 1.6767
 7.0341	 1.7080
 7.0246	 1.7703
 7.0151	 1.8432
 7.0056	 1.8973
 6.9962	 1.8870
 6.9867	 1.8195
 6.9773	 1.7492
 6.9679	 1.7248
 6.9586	 1.7523
 6.9493	 1.8044
 6.9400	 1.8611
 6.9307	 1.9171
 6.9214	 1.9437
 6.9122	 1.9214
 6.9030	 1.9140
 6.8938	 1.8418
 6.8847	 1.6975
 6.8755	 1.5877
 6.8664	 1.5470
 6.8573	 1.5312
 6.8483	 1.5657
 6.8393	 1.6958
 6.8302	 1.8695
 6.8213	 1.8963
 6.8123	 1.7913
 6.8034	 1.6956
 6.7944	 1.6556
 6.7855	 1.6437
 6.7767	 1.6645
 6.7678	 1.7791
 6.7590	 1.9346
 6.7502	 2.0035
 6.7414	 1.9542
 6.7327	 1.8451
 6.7239	 1.7774
 6.7152	 1.7581
 6.7065	 1.7219
 6.6979	 1.7046
 6.6892	 1.7322
 6.6806	 1.8071
 6.6720	 1.8403
 6.6634	 1.7490
 6.6549	 1.6302
 6.6464	 1.5355
 6.6378	 1.4564
 6.6294	 1.4494
 6.6209	 1.5135
 6.6124	 1.6559
 6.6040	 1.7545
 6.5956	 1.6731
 6.5872	 1.5467
 6.5789	 1.4652
 6.5705	 1.4470
 6.5622	 1.5281
 6.5539	 1.6497
 6.5456	 1.7360
 6.5374	 1.8112
 6.5292	 1.8511
 6.5209	 1.8023
 6.5128	 1.6458
 6.5046	 1.4743
 6.4964	 1.3728
 6.4883	 1.3834
 6.4802	 1.4484
 6.4721	 1.6193
 6.4640	 1.8449
 6.4560	 1.9693
 6.4480	 1.9808
 6.4399	 1.8188
 6.4320	 1.5582
 6.4240	 1.4128
 6.4160	 1.3855
 6.4081	 1.4817
 6.4002	 1.6623
 6.3923	 1.8296
 6.3844	 1.9992
 6.3766	 2.0511
 6.3687	 1.9604
 6.3609	 1.8827
 6.3531	 1.8779
 6.3454	 1.9399
 6.3376	 2.0207
 6.3299	 2.0882
 6.3221	 2.2164
 6.3144	 2.3423
 6.3068	 2.3667
 6.2991	 2.3476
 6.2914	 2.3437
 6.2838	 2.3397
 6.2762	 2.3471
 6.2686	 2.3581
 6.2611	 2.3693
 6.2535	 2.3794
 6.2460	 2.3942
 6.2385	 2.3928
 6.2310	 2.3804
 6.2235	 2.3950
 6.2160	 2.4258
 6.2086	 2.3638
 6.2011	 2.2554
 6.1937	 2.2040
 6.1863	 2.1672
 6.1790	 2.1119
 6.1716	 2.1014
 6.1643	 2.1349
 6.1570	 2.1899
 6.1496	 2.2176
 6.1424	 2.2327
 6.1351	 2.1834
 6.1278	 2.0576
 6.1206	 1.9336
 6.1134	 1.8808
 6.1062	 1.8839
 6.0990	 1.9105
 6.0918	 1.9174
 6.0847	 1.9050
 6.0776	 1.7971
 6.0704	 1.5700
 6.0633	 1.3544
 6.0563	 1.2747
 6.0492	 1.3345
 6.0421	 1.4266
 6.0351	 1.4807
 6.0281	 1.5958
 6.0211	 1.7121
 6.0141	 1.6606
 6.0071	 1.5276
 6.0002	 1.4494
 5.9932	 1.3958
 5.9863	 1.3319
 5.9794	 1.2819
 5.9725	 1.2955
 5.9657	 1.3489
 5.9588	 1.3085
 5.9520	 1.2128
 5.9451	 1.1611
 5.9383	 1.1226
 5.9315	 1.1247
 5.9247	 1.2049
 5.9180	 1.2783
 5.9112	 1.3154
 5.9045	 1.2328
 5.8978	 1.0867
 5.8911	 1.0008
 5.8844	 0.9584
 5.8777	 0.9883
 5.8711	 1.0833
 5.8644	 1.1896
 5.8578	 1.3063
 5.8512	 1.3623
 5.8446	 1.3199
 5.8380	 1.2436
 5.8314	 1.1733
 5.8249	 1.1477
 5.8184	 1.1779
 5.8118	 1.2738
 5.8053	 1.3998
 5.7988	 1.5015
 5.7923	 1.5159
 5.7859	 1.4102
 5.7794	 1.3049
 5.7730	 1.2460
 5.7666	 1.2061
 5.7602	 1.2180
 5.7538	 1.2745
 5.7474	 1.3637
 5.7410	 1.4300
 5.7347	 1.4111
 5.7283	 1.3668
 5.7220	 1.3604
 5.7157	 1.3647
 5.7094	 1.3834
 5.7031	 1.4329
 5.6969	 1.4872
 5.6906	 1.5178
 5.6844	 1.5420
 5.6782	 1.5446
 5.6719	 1.5611
 5.6657	 1.5633
 5.6596	 1.5051
 5.6534	 1.4501
 5.6472	 1.4135
 5.6411	 1.4166
 5.6349	 1.4695
 5.6288	 1.5453
 5.6227	 1.6224
 5.6166	 1.6692
 5.6106	 1.6819
 5.6045	 1.6908
 5.5984	 1.6678
 5.5924	 1.6250
 5.5864	 1.5894
 5.5804	 1.5790
 5.5744	 1.5760
 5.5684	 1.5793
 5.5624	 1.6229
 5.5564	 1.6774
 5.5505	 1.7040
 5.5445	 1.7195
 5.5386	 1.7377
 5.5327	 1.7571
 5.5268	 1.7703
 5.5209	 1.7678
 5.5151	 1.7764
 5.5092	 1.8030
 5.5033	 1.8392
 5.4975	 1.8389
 5.4917	 1.8154
 5.4859	 1.7810
 5.4801	 1.7255
 5.4743	 1.6841
 5.4685	 1.6824
 5.4628	 1.7136
 5.4570	 1.7631
 5.4513	 1.8166
 5.4455	 1.8729
 5.4398	 1.8597
 5.4341	 1.7889
 5.4284	 1.7377
 5.4228	 1.7207
 5.4171	 1.7334
 5.4114	 1.7758
 5.4058	 1.8499
 5.4002	 1.9176
 5.3945	 1.9336
 5.3889	 1.9293
 5.3833	 1.9298
 5.3778	 1.9375
 5.3722	 1.9293
 5.3666	 1.8791
 5.3611	 1.8226
 5.3555	 1.7911
 5.3500	 1.7901
 5.3445	 1.8171
 5.3390	 1.8702
 5.3335	 1.9351
 5.3280	 1.9748
 5.3225	 1.9719
 5.3171	 1.9662
 5.3116	 1.9586
 5.3062	 1.9355
 5.3008	 1.9196
 5.2954	 1.9078
 5.2900	 1.9020
 5.2846	 1.9102
 5.2792	 1.9332
 5.2738	 1.9636
 5.2684	 1.9803
 5.2631	 1.9846
 5.2578	 1.9935
 5.2524	 1.9870
 5.2471	 1.9734
 5.2418	 1.9698
 5.2365	 1.9789
 5.2312	 1.9705
 5.2260	 1.9509
 5.2207	 1.9409
 5.2154	 1.9248
 5.2102	 1.9100
 5.2050	 1.9147
 5.1998	 1.9423
 5.1945	 1.9822
 5.1893	 2.0068
 5.1842	 2.0234
 5.1790	 2.0387
 5.1738	 2.0401
 5.1686	 2.0401
 5.1635	 2.0255
 5.1584	 2.0011
 5.1532	 1.9831
 5.1481	 1.9767
 5.1430	 1.9822
 5.1379	 1.9997
 5.1328	 2.0265
 5.1277	 2.0504
 5.1227	 2.0540
 5.1176	 2.0509
 5.1126	 2.0516
 5.1075	 2.0554
 5.1025	 2.0590
 5.0975	 2.0543
 5.0925	 2.0480
 5.0875	 2.0449
 5.0825	 2.0456
 5.0775	 2.0516
 5.0726	 2.0633
 5.0676	 2.0786
 5.0627	 2.0884
 5.0577	 2.0870
 5.0528	 2.0856
 5.0479	 2.0873
 5.0430	 2.0897
 5.0380	 2.0868
 5.0332	 2.0720
 5.0283	 2.0578
 5.0234	 2.0509
 5.0185	 2.0507
 5.0137	 2.0583
 5.0088	 2.0731
 5.0040	 2.0915
 4.9992	 2.1042
 4.9944	 2.1042
 4.9896	 2.1045
 4.9848	 2.1074
 4.9800	 2.1100
 4.9752	 2.1092
 4.9704	 2.1009
 4.9657	 2.0930
 4.9609	 2.0911
 4.9562	 2.0923
 4.9514	 2.0954
 4.9467	 2.1014
 4.9420	 2.1090
 4.9373	 2.1126
 4.9326	 2.1095
 4.9279	 2.1092
 4.9232	 2.1128
 4.9186	 2.1169
 4.9139	 2.1174
 4.9092	 2.1155
 4.9046	 2.1138
 4.9000	 2.1121
 4.8953	 2.1126
 4.8907	 2.1160
 4.8861	 2.1188
 4.8815	 2.1219
 4.8769	 2.1236
 4.8723	 2.1241
 4.8678	 2.1236
 4.8632	 2.1222
 4.8586	 2.1212
 4.8541	 2.1181
 4.8495	 2.1138
 4.8450	 2.1131
 4.8405	 2.1162
 4.8360	 2.1217
 4.8315	 2.1258
 4.8270	 2.1279
 4.8225	 2.1289
 4.8180	 2.1269
 4.8135	 2.1253
 4.8090	 2.1258
 4.8046	 2.1272
 4.8001	 2.1282
 4.7957	 2.1277
 4.7913	 2.1277
 4.7868	 2.1279
 4.7824	 2.1296
 4.7780	 2.1308
 4.7736	 2.1318
 4.7692	 2.1327
 4.7648	 2.1320
 4.7605	 2.1301
 4.7561	 2.1287
 4.7517	 2.1291
 4.7474	 2.1310
 4.7431	 2.1305
 4.7387	 2.1298
 4.7344	 2.1301
 4.7301	 2.1287
 4.7258	 2.1272
 4.7215	 2.1267
 4.7172	 2.1287
 4.7129	 2.1318
 4.7086	 2.1339
 4.7043	 2.1351
 4.7000	 2.1360
 4.6958	 2.1344
 4.6915	 2.1323
 4.6873	 2.1303
 4.6831	 2.1282
 4.6788	 2.1282
 4.6746	 2.1291
 4.6704	 2.1293
 4.6662	 2.1289
 4.6620	 2.1291
 4.6578	 2.1301
 4.6536	 2.1308
 4.6495	 2.1305
 4.6453	 2.1318
 4.6411	 2.1344
 4.6370	 2.1341
 4.6328	 2.1329
 4.6287	 2.1339
 4.6246	 2.1349
 4.6205	 2.1334
 4.6163	 2.1313
 4.6122	 2.1327
 4.6081	 2.1353
 4.6040	 2.1356
 4.6000	 2.1346
 4.5959	 2.1324
 4.5918	 2.1315
 4.5877	 2.1313
 4.5837	 2.1327
 4.5796	 2.1356
 4.5756	 2.1384
 4.5716	 2.1404
 4.5675	 2.1380
 4.5635	 2.1341
 4.5595	 2.1329
 4.5555	 2.1334
 4.5515	 2.1341
 4.5475	 2.1351
 4.5435	 2.1363
 4.5395	 2.1370
 4.5356	 2.1358
 4.5316	 2.1353
 4.5276	 2.1363
 4.5237	 2.1375
 4.5197	 2.1396
 4.5158	 2.1428
 4.5119	 2.1442
 4.5080	 2.1442
 4.5040	 2.1446
 4.5001	 2.1466
 4.4962	 2.1475
 4.4923	 2.1473
 4.4884	 2.1471
 4.4846	 2.1471
 4.4807	 2.1466
 4.4768	 2.1468
 4.4730	 2.1495
 4.4691	 2.1533
 4.4652	 2.1555
 4.4614	 2.1564
 4.4576	 2.1562
 4.4537	 2.1555
 4.4499	 2.1542
 4.4461	 2.1537
 4.4423	 2.1550
 4.4385	 2.1571
 4.4347	 2.1591
 4.4309	 2.1602
 4.4271	 2.1605
 4.4233	 2.1619
 4.4196	 2.1641
 4.4158	 2.1662
 4.4120	 2.1681
 4.4083	 2.1681
 4.4045	 2.1674
 4.4008	 2.1657
 4.3971	 2.1636
 4.3934	 2.1641
 4.3896	 2.1662
 4.3859	 2.1688
 4.3822	 2.1708
 4.3785	 2.1714
 4.3748	 2.1734
 4.3711	 2.1750
 4.3674	 2.1758
 4.3638	 2.1774
 4.3601	 2.1794
 4.3564	 2.1801
 4.3528	 2.1799
 4.3491	 2.1801
 4.3455	 2.1808
 4.3418	 2.1813
 4.3382	 2.1822
 4.3346	 2.1851
 4.3310	 2.1877
 4.3273	 2.1890
 4.3237	 2.1906
 4.3201	 2.1923
 4.3165	 2.1927
 4.3129	 2.1923
 4.3094	 2.1925
 4.3058	 2.1942
 4.3022	 2.1956
 4.2986	 2.1978
 4.2951	 2.2004
 4.2915	 2.2018
 4.2880	 2.2018
 4.2844	 2.2016
 4.2809	 2.2007
 4.2774	 2.2011
 4.2738	 2.2031
 4.2703	 2.2042
 4.2668	 2.2047
 4.2633	 2.2052
 4.2598	 2.2059
 4.2563	 2.2057
 4.2528	 2.2042
 4.2493	 2.2042
 4.2458	 2.2071
 4.2424	 2.2083
 4.2389	 2.2090
 4.2354	 2.2114
 4.2320	 2.2138
 4.2285	 2.2148
 4.2251	 2.2162
 4.2216	 2.2189
 4.2182	 2.2236
 4.2148	 2.2270
 4.2113	 2.2284
 4.2079	 2.2289
 4.2045	 2.2270
 4.2011	 2.2255
 4.1977	 2.2265
 4.1943	 2.2280
 4.1909	 2.2303
 4.1875	 2.2335
 4.1841	 2.2368
 4.1808	 2.2385
 4.1774	 2.2377
 4.1740	 2.2394
 4.1707	 2.2425
 4.1673	 2.2442
 4.1640	 2.2447
 4.1606	 2.2466
 4.1573	 2.2485
 4.1540	 2.2490
 4.1506	 2.2492
 4.1473	 2.2507
 4.1440	 2.2521
 4.1407	 2.2526
 4.1374	 2.2521
 4.1341	 2.2538
 4.1308	 2.2549
 4.1275	 2.2557
 4.1242	 2.2566
 4.1209	 2.2583
 4.1177	 2.2598
 4.1144	 2.2600
 4.1111	 2.2598
 4.1079	 2.2621
 4.1046	 2.2653
 4.1014	 2.2674
 4.0981	 2.2689
 4.0949	 2.2705
 4.0917	 2.2720
 4.0884	 2.2717
 4.0852	 2.2720
 4.0820	 2.2751
 4.0788	 2.2806
 4.0756	 2.2858
 4.0724	 2.2897
 4.0692	 2.2916
 4.0660	 2.2918
 4.0628	 2.2904
 4.0596	 2.2904
 4.0565	 2.2923
 4.0533	 2.2949
 4.0501	 2.2964
 4.0470	 2.2971
 4.0438	 2.2978
 4.0406	 2.2988
 4.0375	 2.3002
 4.0344	 2.3016
 4.0312	 2.3038
 4.0281	 2.3057
 4.0250	 2.3081
 4.0218	 2.3095
 4.0187	 2.3102
 4.0156	 2.3119
 4.0125	 2.3155
 4.0094	 2.3191
 4.0063	 2.3217
 4.0032	 2.3251
 4.0001	 2.3287
 3.9970	 2.3301
 3.9940	 2.3292
 3.9909	 2.3287
 3.9878	 2.3294
 3.9847	 2.3301
 3.9817	 2.3298
 3.9786	 2.3296
 3.9756	 2.3313
 3.9725	 2.3334
 3.9695	 2.3358
 3.9665	 2.3380
 3.9634	 2.3385
 3.9604	 2.3397
 3.9574	 2.3425
 3.9544	 2.3449
 3.9513	 2.3480
 3.9483	 2.3505
 3.9453	 2.3528
 3.9423	 2.3564
 3.9393	 2.3591
 3.9363	 2.3610
 3.9333	 2.3631
 3.9304	 2.3641
 3.9274	 2.3643
 3.9244	 2.3624
 3.9214	 2.3631
 3.9185	 2.3667
 3.9155	 2.3684
 3.9126	 2.3693
 3.9096	 2.3722
 3.9067	 2.3751
 3.9037	 2.3773
 3.9008	 2.3779
 3.8979	 2.3804
 3.8949	 2.3825
 3.8920	 2.3835
 3.8891	 2.3863
 3.8862	 2.3892
 3.8833	 2.3921
 3.8804	 2.3950
 3.8775	 2.3971
 3.8746	 2.3990
 3.8717	 2.4012
 3.8688	 2.4038
 3.8659	 2.4069
 3.8630	 2.4078
 3.8601	 2.4093
 3.8573	 2.4117
 3.8544	 2.4119
 3.8515	 2.4122
 3.8487	 2.4143
 3.8458	 2.4177
 3.8430	 2.4213
 3.8401	 2.4222
 3.8373	 2.4220
 3.8344	 2.4222
 3.8316	 2.4208
 3.8288	 2.4208
 3.8259	 2.4234
 3.8231	 2.4275
 3.8203	 2.4322
 3.8175	 2.4366
 3.8147	 2.4394
 3.8119	 2.4421
 3.8091	 2.4430
 3.8063	 2.4449
 3.8035	 2.4478
 3.8007	 2.4493
 3.7979	 2.4519
 3.7951	 2.4548
 3.7924	 2.4564
 3.7896	 2.4569
 3.7868	 2.4576
 3.7841	 2.4603
 3.7813	 2.4639
 3.7785	 2.4667
 3.7758	 2.4708
 3.7730	 2.4739
 3.7703	 2.4748
 3.7676	 2.4756
 3.7648	 2.4763
 3.7621	 2.4767
 3.7594	 2.4782
 3.7566	 2.4822
 3.7539	 2.4878
 3.7512	 2.4916
 3.7485	 2.4930
 3.7458	 2.4935
 3.7431	 2.4925
 3.7404	 2.4902
 3.7377	 2.4897
 3.7350	 2.4942
 3.7323	 2.5009
 3.7296	 2.5064
 3.7269	 2.5093
 3.7242	 2.5110
 3.7216	 2.5129
 3.7189	 2.5129
 3.7162	 2.5120
 3.7136	 2.5121
 3.7109	 2.5141
 3.7083	 2.5170
 3.7056	 2.5193
 3.7030	 2.5232
 3.7003	 2.5294
 3.6977	 2.5349
 3.6950	 2.5380
 3.6924	 2.5380
 3.6898	 2.5397
 3.6872	 2.5430
 3.6845	 2.5452
 3.6819	 2.5474
 3.6793	 2.5505
 3.6767	 2.5528
 3.6741	 2.5555
 3.6715	 2.5569
 3.6689	 2.5583
 3.6663	 2.5600
 3.6637	 2.5627
 3.6611	 2.5648
 3.6585	 2.5682
 3.6560	 2.5718
 3.6534	 2.5763
 3.6508	 2.5804
 3.6482	 2.5825
 3.6457	 2.5815
 3.6431	 2.5806
 3.6406	 2.5796
 3.6380	 2.5813
 3.6355	 2.5846
 3.6329	 2.5899
 3.6304	 2.5978
 3.6278	 2.6045
 3.6253	 2.6062
 3.6227	 2.6062
 3.6202	 2.6060
 3.6177	 2.6088
 3.6152	 2.6127
 3.6127	 2.6148
 3.6101	 2.6174
 3.6076	 2.6210
 3.6051	 2.6237
 3.6026	 2.6258
 3.6001	 2.6287
 3.5976	 2.6337
 3.5951	 2.6356
 3.5926	 2.6340
 3.5901	 2.6351
 3.5876	 2.6409
 3.5852	 2.6471
 3.5827	 2.6524
 3.5802	 2.6557
 3.5777	 2.6595
 3.5753	 2.6605
 3.5728	 2.6603
 3.5704	 2.6631
 3.5679	 2.6672
 3.5654	 2.6701
 3.5630	 2.6739
 3.5605	 2.6780
 3.5581	 2.6827
 3.5557	 2.6871
 3.5532	 2.6916
 3.5508	 2.6993
 3.5484	 2.7050
 3.5459	 2.7076
 3.5435	 2.7115
 3.5411	 2.7143
 3.5387	 2.7153
 3.5363	 2.7160
 3.5338	 2.7196
 3.5314	 2.7256
 3.5290	 2.7287
 3.5266	 2.7292
 3.5242	 2.7323
 3.5218	 2.7380
 3.5195	 2.7440
 3.5171	 2.7502
 3.5147	 2.7562
 3.5123	 2.7603
 3.5099	 2.7598
 3.5075	 2.7576
 3.5052	 2.7607
 3.5028	 2.7658
 3.5004	 2.7701
 3.4981	 2.7737
 3.4957	 2.7768
 3.4934	 2.7813
 3.4910	 2.7871
 3.4887	 2.7926
 3.4863	 2.7997
 3.4840	 2.8065
 3.4816	 2.8119
 3.4793	 2.8165
 3.4770	 2.8196
 3.4746	 2.8242
 3.4723	 2.8309
 3.4700	 2.8351
 3.4677	 2.8387
 3.4653	 2.8442
 3.4630	 2.8512
 3.4607	 2.8572
 3.4584	 2.8600
 3.4561	 2.8627
 3.4538	 2.8675
 3.4515	 2.8694
 3.4492	 2.8718
 3.4469	 2.8792
 3.4446	 2.8883
 3.4423	 2.8952
 3.4400	 2.9017
 3.4378	 2.9089
 3.4355	 2.9167
 3.4332	 2.9242
 3.4309	 2.9316
 3.4287	 2.9378
 3.4264	 2.9398
 3.4241	 2.9404
 3.4219	 2.9438
 3.4196	 2.9474
 3.4174	 2.9538
 3.4151	 2.9648
 3.4129	 2.9742
 3.4106	 2.9787
 3.4084	 2.9814
 3.4061	 2.9852
 3.4039	 2.9895
 3.4017	 2.9921
 3.3994	 2.9976
 3.3972	 3.0048
 3.3950	 3.0120
 3.3928	 3.0179
 3.3906	 3.0218
 3.3883	 3.0237
 3.3861	 3.0251
 3.3839	 3.0273
 3.3817	 3.0323
 3.3795	 3.0378
 3.3773	 3.0457
 3.3751	 3.0564
 3.3729	 3.0675
 3.3707	 3.0749
 3.3685	 3.0811
 3.3663	 3.0868
 3.3641	 3.0950
 3.3620	 3.1012
 3.3598	 3.1067
 3.3576	 3.1125
 3.3554	 3.1201
 3.3533	 3.1268
 3.3511	 3.1333
 3.3489	 3.1393
 3.3468	 3.1471
 3.3446	 3.1546
 3.3425	 3.1615
 3.3403	 3.1682
 3.3382	 3.1785
 3.3360	 3.1879
 3.3339	 3.1934
 3.3317	 3.1986
 3.3296	 3.2053
 3.3274	 3.2118
 3.3253	 3.2184
 3.3232	 3.2244
 3.3210	 3.2314
 3.3189	 3.2376
 3.3168	 3.2443
 3.3147	 3.2560
 3.3126	 3.2701
 3.3104	 3.2831
 3.3083	 3.2936
 3.3062	 3.3000
 3.3041	 3.3022
 3.3020	 3.3032
 3.2999	 3.3055
 3.2978	 3.3130
 3.2957	 3.3237
 3.2936	 3.3352
 3.2915	 3.3491
 3.2894	 3.3622
 3.2874	 3.3685
 3.2853	 3.3699
 3.2832	 3.3723
 3.2811	 3.3790
 3.2790	 3.3876
 3.2770	 3.3960
 3.2749	 3.4063
 3.2728	 3.4175
 3.2708	 3.4278
 3.2687	 3.4340
 3.2666	 3.4386
 3.2646	 3.4467
 3.2625	 3.4574
 3.2605	 3.4683
 3.2584	 3.4795
 3.2564	 3.4922
 3.2543	 3.5073
 3.2523	 3.5168
 3.2503	 3.5216
 3.2482	 3.5286
 3.2462	 3.5372
 3.2442	 3.5460
 3.2421	 3.5529
 3.2401	 3.5644
 3.2381	 3.5809
 3.2361	 3.5912
 3.2340	 3.5996
 3.2320	 3.6082
 3.2300	 3.6161
 3.2280	 3.6194
 3.2260	 3.6225
 3.2240	 3.6331
 3.2220	 3.6482
 3.2200	 3.6601
 3.2180	 3.6733
 3.2160	 3.6852
 3.2140	 3.6929
 3.2120	 3.6943
 3.2100	 3.6972
 3.2080	 3.7024
 3.2060	 3.7106
 3.2040	 3.7209
 3.2021	 3.7336
 3.2001	 3.7472
 3.1981	 3.7587
 3.1961	 3.7656
 3.1942	 3.7767
 3.1922	 3.7898
 3.1902	 3.8025
 3.1883	 3.8147
 3.1863	 3.8269
 3.1844	 3.8384
 3.1824	 3.8482
 3.1805	 3.8551
 3.1785	 3.8628
 3.1766	 3.8711
 3.1746	 3.8798
 3.1727	 3.8879
 3.1707	 3.8946
 3.1688	 3.9008
 3.1669	 3.9085
 3.1649	 3.9164
 3.1630	 3.9226
 3.1611	 3.9283
 3.1591	 3.9377
 3.1572	 3.9479
 3.1553	 3.9549
 3.1534	 3.9585
 3.1515	 3.9599
 3.1495	 3.9614
 3.1476	 3.9621
 3.1457	 3.9618
 3.1438	 3.9671
 3.1419	 3.9755
 3.1400	 3.9836
 3.1381	 3.9908
 3.1362	 3.9958
 3.1343	 3.9972
 3.1324	 3.9963
 3.1305	 3.9936
 3.1286	 3.9927
 3.1268	 3.9939
 3.1249	 4.0008
 3.1230	 4.0097
 3.1211	 4.0154
 3.1192	 4.0157
 3.1174	 4.0087
 3.1155	 3.9975
 3.1136	 3.9918
 3.1117	 3.9903
 3.1099	 3.9929
 3.1080	 3.9960
 3.1061	 3.9986
 3.1043	 3.9985
 3.1024	 3.9927
 3.1006	 3.9874
 3.0987	 3.9874
 3.0969	 3.9831
 3.0950	 3.9759
 3.0932	 3.9709
 3.0913	 3.9692
 3.0895	 3.9683
 3.0876	 3.9637
 3.0858	 3.9556
 3.0840	 3.9479
 3.0821	 3.9398
 3.0803	 3.9369
 3.0785	 3.9365
 3.0766	 3.9357
 3.0748	 3.9317
 3.0730	 3.9240
 3.0712	 3.9152
 3.0694	 3.9092
 3.0675	 3.9042
 3.0657	 3.9011
 3.0639	 3.8968
 3.0621	 3.8893
 3.0603	 3.8750
 3.0585	 3.8609
 3.0567	 3.8487
 3.0549	 3.8393
 3.0531	 3.8310
 3.0513	 3.8245
 3.0495	 3.8223
 3.0477	 3.8257
 3.0459	 3.8230
 3.0441	 3.8178
 3.0423	 3.8099
 3.0406	 3.8035
 3.0388	 3.7949
 3.0370	 3.7838
 3.0352	 3.7752
 3.0334	 3.7712
 3.0317	 3.7652
 3.0299	 3.7599
 3.0281	 3.7527
 3.0264	 3.7441
 3.0246	 3.7328
 3.0228	 3.7235
 3.0211	 3.7151
 3.0193	 3.7087
 3.0176	 3.7029
 3.0158	 3.6991
 3.0140	 3.6927
 3.0123	 3.6816
 3.0105	 3.6721
 3.0088	 3.6699
 3.0070	 3.6692
 3.0053	 3.6692
 3.0036	 3.6661
 3.0018	 3.6587
 3.0001	 3.6503
 2.9984	 3.6381
 2.9966	 3.6238
 2.9949	 3.6166
 2.9932	 3.6099
 2.9914	 3.6041
 2.9897	 3.5965
 2.9880	 3.5895
 2.9863	 3.5855
 2.9845	 3.5781
 2.9828	 3.5685
 2.9811	 3.5611
 2.9794	 3.5500
 2.9777	 3.5381
 2.9760	 3.5230
 2.9743	 3.5063
 2.9726	 3.4907
 2.9709	 3.4759
 2.9692	 3.4618
 2.9675	 3.4493
 2.9658	 3.4362
 2.9641	 3.4238
 2.9624	 3.4094
 2.9607	 3.3926
 2.9590	 3.3740
 2.9573	 3.3558
 2.9556	 3.3386
 2.9539	 3.3192
 2.9523	 3.2953
 2.9506	 3.2714
 2.9489	 3.2460
 2.9472	 3.2225
 2.9455	 3.2015
 2.9439	 3.1830
 2.9422	 3.1639
 2.9405	 3.1457
 2.9389	 3.1252
 2.9372	 3.1019
 2.9355	 3.0720
 2.9339	 3.0433
 2.9322	 3.0184
 2.9306	 2.9911
 2.9289	 2.9536
 2.9272	 2.9141
 2.9256	 2.8761
 2.9239	 2.8395
 2.9223	 2.8048
 2.9207	 2.7763
 2.9190	 2.7548
 2.9174	 2.7371
 2.9157	 2.7110
 2.9141	 2.6799
 2.9124	 2.6504
 2.9108	 2.6196
 2.9092	 2.5832
 2.9075	 2.5464
 2.9059	 2.5000
 2.9043	 2.4523
 2.9027	 2.4107
 2.9010	 2.3808
 2.8994	 2.3631
 2.8978	 2.3497
 2.8962	 2.3346
 2.8946	 2.3196
 2.8929	 2.2892
 2.8913	 2.2507
 2.8897	 2.2119
 2.8881	 2.1753
 2.8865	 2.1423
 2.8849	 2.1143
 2.8833	 2.0844
 2.8817	 2.0535
 2.8801	 2.0267
 2.8785	 2.0011
 2.8769	 1.9669
 2.8753	 1.9293
 2.8737	 1.8968
 2.8721	 1.8669
 2.8705	 1.8303
 2.8689	 1.7999
 2.8673	 1.7851
 2.8658	 1.7678
 2.8642	 1.7375
 2.8626	 1.7085
 2.8610	 1.6827
 2.8594	 1.6444
 2.8579	 1.5984
 2.8563	 1.5638
 2.8547	 1.5355
 2.8531	 1.5037
 2.8516	 1.4759
 2.8500	 1.4611
 2.8484	 1.4508
 2.8469	 1.4384
 2.8453	 1.4274
 2.8437	 1.4123
 2.8422	 1.3829
 2.8406	 1.3446
 2.8391	 1.3006
 2.8375	 1.2568
 2.8360	 1.2197
 2.8344	 1.2008
 2.8329	 1.1934
 2.8313	 1.1833
 2.8298	 1.1704
 2.8282	 1.1597
 2.8267	 1.1420
 2.8252	 1.1139
 2.8236	 1.0768
 2.8221	 1.0482
 2.8205	 1.0254
 2.8190	 1.0020
 2.8175	 0.9836
 2.8159	 0.9764
 2.8144	 0.9714
 2.8129	 0.9618
 2.8114	 0.9479
 2.8098	 0.9330
 2.8083	 0.8996
 2.8068	 0.8479
 2.8053	 0.8053
 2.8038	 0.7845
 2.8022	 0.7790
 2.8007	 0.7900
 2.7992	 0.8110
 2.7977	 0.8271
 2.7962	 0.8261
 2.7947	 0.8163
 2.7932	 0.8010
 2.7917	 0.7689
 2.7902	 0.7299
 2.7887	 0.7036
 2.7872	 0.6854
 2.7857	 0.6742
 2.7842	 0.6757
 2.7827	 0.6859
 2.7812	 0.6871
 2.7797	 0.6773
 2.7782	 0.6735
 2.7767	 0.6780
 2.7752	 0.6730
 2.7738	 0.6562
 2.7723	 0.6311
 2.7708	 0.6086
 2.7693	 0.5917
 2.7678	 0.5746
 2.7664	 0.5584
 2.7649	 0.5543
 2.7634	 0.5668
 2.7619	 0.5869
 2.7605	 0.5864
 2.7590	 0.5692
 2.7575	 0.5524
 2.7561	 0.5333
 2.7546	 0.5201
 2.7531	 0.5294
 2.7517	 0.5627
 2.7502	 0.6012
 2.7488	 0.6211
 2.7473	 0.6232
 2.7458	 0.6086
 2.7444	 0.5699
 2.7429	 0.5187
 2.7415	 0.4828
 2.7400	 0.4656
 2.7386	 0.4663
 2.7371	 0.4931
 2.7357	 0.5364
 2.7343	 0.5737
 2.7328	 0.5983
 2.7314	 0.6172
 2.7299	 0.6266
 2.7285	 0.6113
 2.7271	 0.5873
 2.7256	 0.5536
 2.7242	 0.5113
 2.7228	 0.4871
 2.7213	 0.4943
 2.7199	 0.5299
 2.7185	 0.5785
 2.7171	 0.6316
 2.7156	 0.6718
 2.7142	 0.6708
 2.7128	 0.6436
 2.7114	 0.6268
 2.7100	 0.6326
 2.7085	 0.6663
 2.7071	 0.7225
 2.7057	 0.7718
 2.7043	 0.7938
 2.7029	 0.8022
 2.7015	 0.8101
 2.7001	 0.8108
 2.6987	 0.7953
 2.6973	 0.7685
 2.6959	 0.7548
 2.6945	 0.7558
 2.6931	 0.7754
 2.6917	 0.8168
 2.6903	 0.8656
 2.6889	 0.8962
 2.6875	 0.8939
 2.6861	 0.8862
 2.6847	 0.8986
 2.6833	 0.9062
 2.6819	 0.8924
 2.6805	 0.8529
 2.6791	 0.8175
 2.6778	 0.8060
 2.6764	 0.8196
 2.6750	 0.8309
 2.6736	 0.8381
 2.6722	 0.8453
 2.6709	 0.8235
 2.6695	 0.7675
 2.6681	 0.7345
 2.6667	 0.7623
 2.6654	 0.8254
 2.6640	 0.8682
 2.6626	 0.9204
 2.6613	 1.0005
 2.6599	 1.0508
 2.6585	 1.0692
 2.6572	 1.0726
 2.6558	 1.0706
 2.6545	 1.0718
 2.6531	 1.0807
 2.6517	 1.1094
 2.6504	 1.1405
 2.6490	 1.1551
 2.6477	 1.1716
 2.6463	 1.1730
 2.6450	 1.1623
 2.6436	 1.1685
 2.6423	 1.1951
 2.6409	 1.2300
 2.6396	 1.2508
 2.6382	 1.2458
 2.6369	 1.2350
 2.6356	 1.2080
 2.6342	 1.1422
 2.6329	 1.0867
 2.6315	 1.0544
 2.6302	 1.0297
 2.6289	 1.0398
 2.6275	 1.0862
 2.6262	 1.1644
 2.6249	 1.2115
 2.6236	 1.2044
 2.6222	 1.1932
 2.6209	 1.1364
 2.6196	 1.0549
 2.6183	 1.0233
 2.6169	 1.0443
 2.6156	 1.1051
 2.6143	 1.1594
 2.6130	 1.2049
 2.6117	 1.2383
 2.6103	 1.2101
 2.6090	 1.1479
 2.6077	 1.0917
 2.6064	 1.0496
 2.6051	 1.0424
 2.6038	 1.0768
 2.6025	 1.1517
 2.6012	 1.2484
 2.5999	 1.2845
 2.5986	 1.2125
 2.5973	 1.1022
 2.5960	 1.0235
 2.5947	 1.0037
 2.5934	 1.0453
 2.5921	 1.1276
 2.5908	 1.2156
 2.5895	 1.2659
 2.5882	 1.2291
 2.5869	 1.1663
 2.5856	 1.1367
 2.5843	 1.1379
 2.5830	 1.1750
 2.5817	 1.2183
 2.5805	 1.2468
 2.5792	 1.2869
 2.5779	 1.2877
 2.5766	 1.2532
 2.5753	 1.2408
 2.5741	 1.2328
 2.5728	 1.2403
 2.5715	 1.2642
 2.5702	 1.3006
 2.5690	 1.3412
 2.5677	 1.3408
 2.5664	 1.3051
 2.5651	 1.2654
 2.5639	 1.2125
 2.5626	 1.1810
 2.5613	 1.2087
 2.5601	 1.2881
 2.5588	 1.3812
 2.5575	 1.4479
 2.5563	 1.4695
 2.5550	 1.4473
 2.5538	 1.4125
 2.5525	 1.3907
 2.5513	 1.3755
 2.5500	 1.3810
 2.5487	 1.4066
 2.5475	 1.4257
 2.5462	 1.4221
 2.5450	 1.4188
 2.5437	 1.4281
 2.5425	 1.4441
 2.5413	 1.4594
 2.5400	 1.4733
 2.5388	 1.4838
 2.5375	 1.4860
 2.5363	 1.4719
 2.5350	 1.4582
 2.5338	 1.4539
 2.5326	 1.4637
 2.5313	 1.4814
 2.5301	 1.4929
 2.5289	 1.5063
 2.5276	 1.5202
 2.5264	 1.5252
 2.5252	 1.5264
 2.5239	 1.5281
 2.5227	 1.5331
 2.5215	 1.5360
 2.5202	 1.5358
 2.5190	 1.5353
 2.5178	 1.5341
 2.5166	 1.5334
 2.5154	 1.5367
 2.5141	 1.5441
 2.5129	 1.5544
 2.5117	 1.5621
 2.5105	 1.5659
 2.5093	 1.5671
 2.5081	 1.5690
 2.5068	 1.5690
 2.5056	 1.5683
 2.5044	 1.5688
 2.5032	 1.5731
 2.5020	 1.5790
 2.5008	 1.5848
 2.4996	 1.5870
 2.4984	 1.5870
 2.4972	 1.5831
 2.4960	 1.5817
 2.4948	 1.5824
 2.4936	 1.5872
 2.4924	 1.5927
 2.4912	 1.5972
 2.4900	 1.5984
 2.4888	 1.5972
 2.4876	 1.5951
 2.4864	 1.5977
 2.4852	 1.6018
 2.4840	 1.6080
 2.4828	 1.6121
 2.4816	 1.6166
 2.4805	 1.6195
 2.4793	 1.6229
 2.4781	 1.6271
 2.4769	 1.6298
 2.4757	 1.6279
 2.4745	 1.6265
 2.4734	 1.6243
 2.4722	 1.6255
 2.4710	 1.6279
 2.4698	 1.6307
 2.4686	 1.6353
 2.4675	 1.6398
 2.4663	 1.6420
 2.4651	 1.6439
 2.4640	 1.6427
 2.4628	 1.6437
 2.4616	 1.6446
 2.4604	 1.6439
 2.4593	 1.6432
 2.4581	 1.6473
 2.4569	 1.6530
 2.4558	 1.6559
 2.4546	 1.6544
 2.4535	 1.6547
 2.4523	 1.6570
 2.4511	 1.6592
 2.4500	 1.6599
 2.4488	 1.6652
 2.4477	 1.6712
 2.4465	 1.6746
 2.4454	 1.6750
 2.4442	 1.6750
 2.4431	 1.6752
 2.4419	 1.6764
 2.4408	 1.6783
 2.4396	 1.6834
 2.4385	 1.6874
 2.4373	 1.6877
 2.4362	 1.6863
 2.4350	 1.6851
 2.4339	 1.6841
 2.4327	 1.6869
 2.4316	 1.6932
 2.4305	 1.6994
 2.4293	 1.7001
 2.4282	 1.6968
 2.4270	 1.6929
 2.4259	 1.6891
 2.4248	 1.6874
 2.4236	 1.6908
 2.4225	 1.6968
 2.4214	 1.7035
 2.4202	 1.7090
 2.4191	 1.7121
 2.4180	 1.7114
 2.4169	 1.7100
 2.4157	 1.7106
 2.4146	 1.7126
 2.4135	 1.7123
 2.4124	 1.7136
 2.4112	 1.7142
 2.4101	 1.7126
 2.4090	 1.7114
 2.4079	 1.7126
 2.4068	 1.7162
 2.4056	 1.7197
 2.4045	 1.7205
 2.4034	 1.7214
 2.4023	 1.7233
 2.4012	 1.7274
 2.4001	 1.7300
 2.3990	 1.7300
 2.3979	 1.7315
 2.3967	 1.7327
 2.3956	 1.7305
 2.3945	 1.7303
 2.3934	 1.7331
 2.3923	 1.7355
 2.3912	 1.7334
 2.3901	 1.7303
 2.3890	 1.7315
 2.3879	 1.7365
 2.3868	 1.7401
 2.3857	 1.7446
 2.3846	 1.7509
 2.3835	 1.7552
 2.3824	 1.7530
 2.3813	 1.7504
 2.3802	 1.7509
 2.3791	 1.7535
 2.3781	 1.7527
 2.3770	 1.7542
 2.3759	 1.7552
 2.3748	 1.7537
 2.3737	 1.7490
 2.3726	 1.7477
 2.3715	 1.7506
 2.3704	 1.7525
 2.3694	 1.7542
 2.3683	 1.7590
 2.3672	 1.7621
 2.3661	 1.7649
 2.3650	 1.7662
 2.3640	 1.7678
 2.3629	 1.7698
 2.3618	 1.7686
 2.3607	 1.7662
 2.3597	 1.7645
 2.3586	 1.7631
 2.3575	 1.7635
 2.3564	 1.7635
 2.3554	 1.7652
 2.3543	 1.7695
 2.3532	 1.7726
 2.3522	 1.7734
 2.3511	 1.7753
 2.3500	 1.7760
 2.3490	 1.7764
 2.3479	 1.7794
 2.3468	 1.7853
 2.3458	 1.7901
 2.3447	 1.7903
 2.3436	 1.7880
 2.3426	 1.7865
 2.3415	 1.7836
 2.3405	 1.7812
 2.3394	 1.7810
 2.3384	 1.7822
 2.3373	 1.7851
 2.3363	 1.7886
 2.3352	 1.7908
 2.3342	 1.7925
 2.3331	 1.7935
 2.3321	 1.7937
 2.3310	 1.7935
 2.3300	 1.7913
 2.3289	 1.7882
 2.3279	 1.7896
 2.3268	 1.7906
 2.3258	 1.7911
 2.3247	 1.7930
 2.3237	 1.7953
 2.3226	 1.7982
 2.3216	 1.8011
 2.3206	 1.8006
 2.3195	 1.8021
 2.3185	 1.8025
 2.3175	 1.8028
 2.3164	 1.8025
 2.3154	 1.8030
 2.3144	 1.8044
 2.3133	 1.8078
 2.3123	 1.8126
 2.3113	 1.8185
 2.3102	 1.8195
 2.3092	 1.8166
 2.3082	 1.8126
 2.3071	 1.8071
 2.3061	 1.8006
 2.3051	 1.7975
 2.3041	 1.8002
 2.3030	 1.8059
 2.3020	 1.8059
 2.3010	 1.8063
 2.3000	 1.8097
 2.2990	 1.8133
 2.2979	 1.8157
 2.2969	 1.8210
 2.2959	 1.8260
 2.2949	 1.8291
 2.2939	 1.8272
 2.2929	 1.8234
 2.2918	 1.8210
 2.2908	 1.8190
 2.2898	 1.8159
 2.2888	 1.8157
 2.2878	 1.8183
 2.2868	 1.8224
 2.2858	 1.8231
 2.2848	 1.8224
 2.2838	 1.8245
 2.2828	 1.8262
 2.2818	 1.8272
 2.2808	 1.8281
 2.2798	 1.8284
 2.2787	 1.8312
 2.2777	 1.8346
 2.2767	 1.8382
 2.2757	 1.8430
 2.2747	 1.8487
 2.2738	 1.8513
 2.2728	 1.8499
 2.2718	 1.8449
 2.2708	 1.8408
 2.2698	 1.8389
 2.2688	 1.8394
 2.2678	 1.8422
 2.2668	 1.8504
 2.2658	 1.8566
 2.2648	 1.8602
 2.2638	 1.8604
 2.2628	 1.8580
 2.2618	 1.8535
 2.2609	 1.8499
 2.2599	 1.8506
 2.2589	 1.8542
 2.2579	 1.8549
 2.2569	 1.8552
 2.2559	 1.8571
 2.2550	 1.8604
 2.2540	 1.8602
 2.2530	 1.8597
 2.2520	 1.8602
 2.2510	 1.8609
 2.2501	 1.8588
 2.2491	 1.8578
 2.2481	 1.8588
 2.2471	 1.8633
 2.2462	 1.8652
 2.2452	 1.8628
 2.2442	 1.8604
 2.2433	 1.8631
 2.2423	 1.8666
 2.2413	 1.8715
 2.2403	 1.8729
 2.2394	 1.8741
 2.2384	 1.8724
 2.2374	 1.8666
 2.2365	 1.8621
 2.2355	 1.8611
 2.2345	 1.8600
 2.2336	 1.8624
 2.2326	 1.8660
 2.2317	 1.8700
 2.2307	 1.8733
 2.2297	 1.8746
 2.2288	 1.8724
 2.2278	 1.8681
 2.2269	 1.8628
 2.2259	 1.8643
 2.2250	 1.8707
 2.2240	 1.8757
 2.2231	 1.8808
 2.2221	 1.8851
 2.2211	 1.8841
 2.2202	 1.8801
 2.2192	 1.8784
 2.2183	 1.8793
 2.2173	 1.8820
 2.2164	 1.8863
 2.2155	 1.8868
 2.2145	 1.8837
 2.2136	 1.8781
 2.2126	 1.8774
 2.2117	 1.8822
 2.2107	 1.8858
 2.2098	 1.8882
 2.2088	 1.8903
 2.2079	 1.8868
 2.2070	 1.8796
 2.2060	 1.8712
 2.2051	 1.8707
 2.2041	 1.8741
 2.2032	 1.8757
 2.2023	 1.8779
 2.2013	 1.8815
 2.2004	 1.8870
 2.1995	 1.8934
 2.1985	 1.8949
 2.1976	 1.8934
 2.1967	 1.8925
 2.1957	 1.8928
 2.1948	 1.8932
 2.1939	 1.8930
 2.1930	 1.8932
 2.1920	 1.8963
 2.1911	 1.8949
 2.1902	 1.8887
 2.1893	 1.8837
 2.1883	 1.8810
 2.1874	 1.8801
 2.1865	 1.8798
 2.1856	 1.8796
 2.1846	 1.8829
 2.1837	 1.8872
 2.1828	 1.8951
 2.1819	 1.9011
 2.1810	 1.9028
 2.1800	 1.9040
 2.1791	 1.9073
 2.1782	 1.9066
 2.1773	 1.9030
 2.1764	 1.9020
 2.1755	 1.9073
 2.1746	 1.9069
 2.1736	 1.9028
 2.1727	 1.9030
 2.1718	 1.9078
 2.1709	 1.9047
 2.1700	 1.8975
 2.1691	 1.8980
 2.1682	 1.9030
 2.1673	 1.9042
 2.1664	 1.9078
 2.1655	 1.9142
 2.1646	 1.9193
 2.1637	 1.9191
 2.1628	 1.9174
 2.1619	 1.9207
 2.1610	 1.9267
 2.1601	 1.9313
 2.1592	 1.9358
 2.1583	 1.9363
 2.1574	 1.9327
 2.1565	 1.9255
 2.1556	 1.9169
 2.1547	 1.9114
 2.1538	 1.9105
 2.1529	 1.9078
 2.1520	 1.9066
 2.1511	 1.9107
 2.1502	 1.9186
 2.1493	 1.9224
 2.1484	 1.9207
 2.1475	 1.9210
 2.1466	 1.9243
 2.1458	 1.9236
 2.1449	 1.9241
 2.1440	 1.9291
 2.1431	 1.9368
 2.1422	 1.9377
 2.1413	 1.9313
 2.1404	 1.9291
 2.1396	 1.9313
 2.1387	 1.9315
 2.1378	 1.9349
 2.1369	 1.9351
 2.1360	 1.9327
 2.1352	 1.9318
 2.1343	 1.9324
 2.1334	 1.9365
 2.1325	 1.9409
 2.1316	 1.9437
 2.1308	 1.9451
 2.1299	 1.9435
 2.1290	 1.9432
 2.1281	 1.9446
 2.1273	 1.9482
 2.1264	 1.9485
 2.1255	 1.9456
 2.1247	 1.9384
 2.1238	 1.9310
 2.1229	 1.9296
 2.1220	 1.9319
 2.1212	 1.9373
 2.1203	 1.9475
 2.1194	 1.9516
 2.1186	 1.9550
 2.1177	 1.9607
 2.1168	 1.9676
 2.1160	 1.9709
 2.1151	 1.9693
 2.1143	 1.9688
 2.1134	 1.9678
 2.1125	 1.9602
 2.1117	 1.9547
 2.1108	 1.9530
 2.1100	 1.9542
 2.1091	 1.9566
 2.1082	 1.9566
 2.1074	 1.9578
 2.1065	 1.9607
 2.1057	 1.9592
 2.1048	 1.9576
 2.1040	 1.9559
 2.1031	 1.9581
 2.1023	 1.9600
 2.1014	 1.9581
 2.1005	 1.9581
 2.0997	 1.9590
 2.0988	 1.9588
 2.0980	 1.9600
 2.0971	 1.9590
 2.0963	 1.9609
 2.0955	 1.9638
 2.0946	 1.9657
 2.0938	 1.9686
 2.0929	 1.9734
 2.0921	 1.9760
 2.0912	 1.9765
 2.0904	 1.9717
 2.0895	 1.9664
 2.0887	 1.9631
 2.0879	 1.9623
 2.0870	 1.9607
 2.0862	 1.9628
 2.0853	 1.9633
 2.0845	 1.9612
 2.0837	 1.9550
 2.0828	 1.9499
 2.0820	 1.9344
 2.0812	 1.9454
 2.0803	 1.9523
 2.0795	 1.9336
 2.0760	 1.9336
 2.0720	 1.9327
 2.0680	 1.9308
 2.0640	 1.9272
 2.0600	 1.9227
 2.0560	 1.9227
 2.0520	 1.9181
 2.0480	 1.9154
 2.0440	 1.9163
 2.0400	 1.9127
 2.0360	 1.9083
 2.0320	 1.7461
 2.0280	 1.9163
 2.0240	 1.9109
 2.0200	 2.0958
 2.0160	 1.9074
 2.0120	 1.9074
 2.0080	 1.7383
 2.0040	 1.9065
 2.0000	 1.9143
 1.9960	 1.7329
 1.9920	 1.9143
 1.9880	 1.7306
 1.9840	 2.0810
 1.9800	 1.8984
 1.9760	 1.7288
 1.9720	 1.8958
 1.9680	 1.8940
 1.9640	 1.8931
 1.9600	 1.9090
 1.9560	 2.0717
 1.9520	 1.9053
 1.9480	 1.9002
 1.9440	 1.9056
 1.9400	 1.9083
 1.9360	 2.0979
 1.9320	 1.6513
 1.9280	 1.8292
 1.9240	 1.6508
 1.9200	 1.9154
 1.9160	 1.8226
 1.9120	 1.9001
 1.9080	 1.9911
 1.9040	 1.9038
 1.9000	 1.8976
 1.8960	 1.8887
 1.8920	 1.7204
 1.8880	 1.8977
 1.8840	 1.9000
 1.8800	 1.9045
 1.8760	 2.0056
 1.8720	 2.0947
 1.8680	 1.9118
 1.8640	 2.0905
 1.8600	 2.1634
 1.8560	 2.0675
 1.8520	 1.9948
 1.8480	 2.0758
 1.8440	 1.9166
 1.8400	 1.9159
 1.8360	 1.9166
 1.8320	 2.0789
 1.8280	 1.9038
 1.8240	 1.9940
 1.8200	 2.1522
 1.8160	 2.1511
 1.8120	 1.9873
 1.8080	 1.9873
 1.8040	 1.9865
 1.8000	 2.1467
 1.7960	 2.1500
 1.7920	 1.9873
 1.7880	 1.9898
 1.7840	 1.9906
 1.7800	 1.9915
 1.7760	 1.9915
 1.7720	 2.0805
 1.7680	 2.2433
 1.7640	 2.0814
 1.7600	 2.1556
 1.7560	 2.2457
 1.7520	 2.1511
 1.7480	 2.0796
 1.7440	 2.0787
 1.7400	 1.9898
 1.7360	 1.9915
 1.7320	 2.2481
 1.7280	 2.1622
 1.7240	 2.1645
 1.7200	 2.0869
 1.7160	 2.2421
 1.7120	 2.2398
 1.7080	 2.2339
 1.7040	 2.0787
 1.7000	 2.0796
 1.6960	 2.0796
 1.6920	 2.0769
 1.6880	 2.0769
 1.6840	 2.0769
 1.6800	 2.0760
 1.6760	 1.9890
 1.6720	 2.0796
 1.6680	 2.2421
 1.6640	 2.0796
 1.6600	 2.0796
 1.6560	 2.0751
 1.6520	 2.2362
 1.6480	 2.0742
 1.6440	 2.0787
 1.6400	 1.9959
 1.6360	 2.1665
 1.6320	 2.1655
 1.6280	 2.0760
 1.6240	 2.1655
 1.6200	 2.1665
 1.6160	 2.1655
 1.6120	 2.0751
 1.6080	 2.0760
 1.6040	 2.0787
 1.6000	 2.1684
 1.5960	 2.0005
 1.5920	 2.0905
 1.5880	 2.1694
 1.5840	 2.1704
 1.5800	 2.0796
 1.5760	 1.9966
 1.5720	 1.9943
 1.5680	 1.9951
 1.5640	 2.0845
 1.5600	 2.1645
 1.5560	 2.1655
 1.5520	 2.0845
 1.5480	 2.0828
 1.5440	 1.9943
 1.5400	 1.9959
 1.5360	 2.0060
 1.5320	 2.0845
 1.5280	 2.0845
 1.5240	 2.2614
 1.5200	 2.2624
 1.5160	 2.1817
 1.5120	 2.2644
 1.5080	 2.0862
 1.5040	 2.0921
 1.5000	 2.0947
 1.4960	 1.9214
 1.4920	 2.0921
 1.4880	 2.0905
 1.4840	 2.0896
 1.4800	 2.2684
 1.4760	 2.2654
 1.4720	 2.0854
 1.4680	 2.0837
 1.4640	 2.0828
 1.4600	 2.1817
 1.4560	 2.0031
 1.4520	 2.1817
 1.4480	 2.0046
 1.4440	 2.0074
 1.4400	 2.0081
 1.4360	 2.1869
 1.4320	 2.0053
 1.4280	 2.0038
 1.4240	 2.2594
 1.4200	 2.1791
 1.4160	 2.1817
 1.4120	 1.9269
 1.4080	 2.1912
 1.4040	 2.0130
 1.4000	 2.1920
 1.3960	 2.1114
 1.3920	 2.1121
 1.3880	 2.1114
 1.3840	 2.2822
 1.3800	 2.2015
 1.3760	 2.1128
 1.3720	 2.1961
 1.3680	 2.1921
 1.3640	 2.2033
 1.3600	 2.2073
 1.3560	 2.1235
 1.3520	 2.2060
 1.3480	 2.1971
 1.3440	 2.1942
 1.3400	 2.1934
 1.3360	 2.1956
 1.3320	 2.1942
 1.3280	 2.1942
 1.3240	 2.0390
 1.3200	 2.1129
 1.3160	 2.0442
 1.3120	 2.1340
 1.3080	 2.2934
 1.3040	 2.1329
 1.3000	 2.1323
 1.2960	 2.1323
 1.2920	 2.1340
 1.2880	 2.0456
 1.2840	 2.2134
 1.2800	 2.1420
 1.2760	 2.1409
 1.2720	 2.3015
 1.2680	 2.1383
 1.2640	 2.1399
 1.2600	 2.1409
 1.2560	 2.2329
 1.2520	 2.2323
 1.2480	 2.2317
 1.2440	 2.2292
 1.2400	 2.2292
 1.2360	 2.1489
 1.2320	 2.3314
 1.2280	 2.3258
 1.2240	 2.4055
 1.2200	 2.4166
 1.2160	 2.3245
 1.2120	 2.1436
 1.2080	 2.2426
 1.2040	 2.1441
 1.2000	 2.2426
 1.1960	 2.2411
 1.1920	 2.3301
 1.1880	 2.3301
 1.1840	 2.3296
 1.1800	 2.2491
 1.1760	 2.2478
 1.1720	 2.2469
 1.1680	 2.2469
 1.1640	 2.3369
 1.1600	 2.0894
 1.1560	 2.2504
 1.1520	 2.2526
 1.1480	 2.2564
 1.1440	 2.3481
 1.1400	 2.3446
 1.1360	 2.3446
 1.1320	 2.4355
 1.1280	 2.3436
 1.1240	 2.2704
 1.1200	 2.2713
 1.1160	 2.1818
 1.1120	 2.2722
 1.1080	 2.4547
 1.1040	 2.4524
 1.1000	 2.3709
 1.0960	 2.3703
 1.0920	 2.5400
 1.0880	 2.4596
 1.0840	 2.4584
 1.0800	 2.4680
 1.0760	 2.3792
 1.0720	 2.4592
 1.0680	 2.3787
 1.0640	 2.3779
 1.0600	 2.3779
 1.0560	 2.4683
 1.0520	 2.5467
 1.0480	 2.3782
 1.0440	 2.3774
 1.0400	 2.3774
 1.0360	 2.4680
 1.0320	 2.4687
 1.0280	 2.3792
 1.0240	 2.3795
 1.0200	 2.3784
 1.0160	 2.4584
 1.0120	 2.4584
 1.0080	 2.4576
 1.0040	 2.3784
 1.0000	 2.3771
 0.9960	 2.2882
 0.9920	 2.3771
 0.9880	 2.3779
 0.9840	 2.4576
 0.9800	 2.4584
 0.9760	 2.4588
 0.9720	 2.4584
 0.9680	 2.4592
 0.9640	 2.4596
 0.9600	 2.4584
 0.9560	 2.3677
 0.9520	 2.3779
 0.9480	 2.4596
 0.9440	 2.3697
 0.9400	 2.5379
 0.9360	 2.5373
 0.9320	 2.4560
 0.9280	 2.5373
 0.9240	 2.4584
 0.9200	 2.6268
 0.9160	 2.5373
 0.9120	 2.5373
 0.9080	 2.5390
 0.9040	 2.5390
 0.9000	 2.4584
 0.8960	 2.5362
 0.8920	 2.5373
 0.8880	 2.7000
 0.8840	 2.7008
 0.8800	 2.6118
 0.8760	 2.6125
 0.8720	 2.5400
 0.8680	 2.7017
 0.8640	 2.6110
 0.8600	 2.6125
 0.8560	 2.6118
 0.8520	 2.6140
 0.8480	 2.7004
 0.8440	 2.5135
 0.8400	 2.5128
 0.8360	 2.5135
 0.8320	 2.5121
 0.8280	 2.5099
 0.8240	 2.4196
 0.8200	 2.5055
 0.8160	 2.5055
 0.8120	 2.6820
 0.8080	 2.4225
 0.8040	 2.6740
 0.8000	 2.6714
 0.7990	 2.6712
 0.7980	 2.6712
 0.7970	 2.6608
 0.7960	 2.6649
 0.7950	 2.6761
 0.7940	 2.7728
 0.7930	 2.6809
 0.7920	 2.6761
 0.7910	 2.4368
 0.7900	 2.5908
 0.7890	 2.6624
 0.7880	 2.6558
 0.7870	 2.6525
 0.7860	 2.6475
 0.7850	 2.6608
 0.7840	 2.6691
 0.7830	 2.7523
 0.7820	 2.7523
 0.7810	 2.6712
 0.7800	 2.7506
 0.7790	 2.6541
 0.7780	 2.6459
 0.7770	 2.6426
 0.7760	 2.6608
 0.7750	 2.6525
 0.7740	 2.5740
 0.7730	 2.5585
 0.7720	 2.6508
 0.7710	 2.6624
 0.7700	 2.6558
 0.7690	 2.6508
 0.7680	 2.7348
 0.7670	 2.5632
 0.7660	 2.5806
 0.7650	 2.6708
 0.7640	 2.6574
 0.7630	 2.5695
 0.7620	 2.6589
 0.7610	 2.5758
 0.7600	 2.6503
 0.7590	 2.6606
 0.7580	 2.7316
 0.7570	 2.6451
 0.7560	 2.6606
 0.7550	 2.7419
 0.7540	 2.7492
 0.7530	 2.7437
 0.7520	 2.7492
 0.7510	 2.7437
 0.7500	 2.6503
 0.7490	 2.7383
 0.7480	 2.7437
 0.7470	 2.7401
 0.7460	 2.6537
 0.7450	 2.8315
 0.7440	 2.7371
 0.7430	 2.6554
 0.7420	 2.8179
 0.7410	 2.7371
 0.7400	 2.7334
 0.7390	 2.6641
 0.7380	 2.5619
 0.7370	 2.6537
 0.7360	 2.7390
 0.7350	 2.7446
 0.7340	 2.6589
 0.7330	 2.7390
 0.7320	 2.7541
 0.7310	 2.7522
 0.7300	 2.6658
 0.7290	 2.5740
 0.7280	 2.5757
 0.7270	 2.7484
 0.7260	 2.5705
 0.7250	 2.5705
 0.7240	 2.7522
 0.7230	 2.9131
 0.7220	 2.5705
 0.7210	 2.6340
 0.7200	 2.4833
 0.7190	 2.5705
 0.7180	 2.5671
 0.7170	 2.5671
 0.7160	 2.5723
 0.7150	 2.7449
 0.7140	 2.7636
 0.7130	 2.7579
 0.7120	 2.5757
 0.7110	 2.5792
 0.7100	 2.7429
 0.7090	 2.5810
 0.7080	 2.7429
 0.7070	 2.7449
 0.7060	 2.4966
 0.7050	 2.7469
 0.7040	 2.5827
 0.7030	 2.7429
 0.7020	 2.7388
 0.7010	 2.7327
 0.7000	 2.7429
 0.6990	 2.6553
 0.6980	 2.5322
 0.6970	 2.5236
 0.6960	 2.6110
 0.6950	 2.5219
 0.6940	 2.5219
 0.6930	 2.4294
 0.6920	 2.5962
 0.6910	 2.6850
 0.6900	 2.5185
 0.6890	 2.5151
 0.6880	 2.5134
 0.6870	 2.6790
 0.6860	 2.6850
 0.6850	 2.6790
 0.6840	 2.6890
 0.6830	 2.6890
 0.6820	 2.4311
 0.6810	 2.6890
 0.6800	 2.6790
 0.6790	 2.6870
 0.6780	 2.6870
 0.6770	 2.6830
 0.6760	 2.6930
 0.6750	 2.7760
 0.6740	 2.7760
 0.6730	 2.7760
 0.6720	 2.6850
 0.6710	 2.6766
 0.6700	 2.6870
 0.6690	 2.6930
 0.6680	 2.5981
 0.6670	 2.5942
 0.6660	 2.5885
 0.6650	 2.6750
 0.6640	 2.6750
 0.6630	 2.6850
 0.6620	 2.6850
 0.6610	 2.6930
 0.6600	 2.6933
 0.6590	 2.6870
 0.6580	 2.6808
 0.6570	 2.6019
 0.6560	 2.5923
 0.6550	 2.5828
 0.6540	 2.5847
 0.6530	 2.5885
 0.6520	 2.5981
 0.6510	 2.6849
 0.6500	 2.6870
 0.6490	 2.6870
 0.6480	 2.6787
 0.6470	 2.6746
 0.6460	 2.6643
 0.6450	 2.6684
 0.6440	 2.5839
 0.6430	 2.6704
 0.6420	 2.6643
 0.6410	 2.6651
 0.6400	 2.5847
 0.6390	 2.6790
 0.6380	 2.5866
 0.6370	 2.6058
 0.6360	 2.6971
 0.6350	 2.6019
 0.6340	 2.7696
 0.6330	 2.6766
 0.6320	 2.6870
 0.6310	 2.6971
 0.6300	 2.6870
 0.6290	 2.5958
 0.6280	 2.5898
 0.6270	 2.5839
 0.6260	 2.5878
 0.6250	 2.5958
 0.6240	 2.7702
 0.6230	 2.6849
 0.6220	 2.6849
 0.6210	 2.6849
 0.6200	 2.6849
 0.6190	 2.5962
 0.6180	 2.6704
 0.6170	 2.6663
 0.6160	 2.7653
 0.6150	 2.6849
 0.6140	 2.6808
 0.6130	 2.6766
 0.6120	 2.6704
 0.6110	 2.8429
 0.6100	 2.6684
 0.6090	 2.6704
 0.6080	 2.6684
 0.6070	 2.5847
 0.6060	 2.6643
 0.6050	 2.6663
 0.6040	 2.7567
 0.6030	 2.6746
 0.6020	 2.6808
 0.6010	 2.6891
 0.6000	 2.6156
 0.5990	 2.6234
 0.5980	 2.6353
 0.5970	 2.8227
 0.5960	 2.7231
 0.5950	 2.7252
 0.5940	 2.8246
 0.5930	 2.7382
 0.5920	 2.6493
 0.5910	 2.7360
 0.5900	 2.7470
 0.5890	 2.7404
 0.5880	 2.6682
 0.5870	 2.7317
 0.5860	 2.7274
 0.5850	 2.7252
 0.5840	 2.8201
 0.5830	 2.6473
 0.5820	 2.7339
 0.5810	 2.7317
 0.5800	 2.7166
 0.5790	 2.6325
 0.5780	 2.7382
 0.5770	 2.7360
 0.5760	 2.7274
 0.5750	 2.7231
 0.5740	 2.7166
 0.5730	 2.6136
 0.5720	 2.6019
 0.5710	 2.6746
 0.5700	 2.6684
 0.5690	 2.7524
 0.5680	 2.6684
 0.5670	 2.6808
 0.5660	 2.6808
 0.5650	 2.5898
 0.5640	 2.6808
 0.5630	 2.6870
 0.5620	 2.6912
 0.5610	 2.6097
 0.5600	 2.6933
 0.5590	 2.8032
 0.5580	 2.5033
 0.5570	 2.6651
 0.5560	 2.6730
 0.5550	 2.7613
 0.5540	 2.7613
 0.5530	 2.7633
 0.5520	 2.6770
 0.5510	 2.7737
 0.5500	 2.7800
 0.5490	 2.7758
 0.5480	 2.6850
 0.5470	 2.7717
 0.5460	 2.6039
 0.5450	 2.6058
 0.5440	 2.6930
 0.5430	 2.7717
 0.5420	 2.6039
 0.5410	 2.6039
 0.5400	 2.7011
 0.5390	 2.7847
 0.5380	 2.6991
 0.5370	 2.7072
 0.5360	 2.6991
 0.5350	 2.7011
 0.5340	 2.6951
 0.5330	 2.7760
 0.5320	 2.7782
 0.5310	 2.6991
 0.5300	 2.5322
 0.5290	 2.5374
 0.5280	 2.8011
 0.5270	 2.8001
 0.5260	 2.7052
 0.5250	 2.7052
 0.5240	 2.7989
 0.5230	 2.8117
 0.5220	 2.7011
 0.5210	 2.6991
 0.5200	 2.6236
 0.5190	 2.8082
 0.5180	 2.7968
 0.5170	 2.8075
 0.5160	 2.8011
 0.5150	 2.7968
 0.5140	 2.6290
 0.5130	 2.6400
 0.5120	 2.6308
 0.5110	 2.6308
 0.5100	 2.6308
 0.5090	 2.6290
 0.5080	 2.6290
 0.5070	 2.8182
 0.5060	 2.6400
 0.5050	 2.8162
 0.5040	 2.8096
 0.5030	 2.9915
 0.5020	 2.8221
 0.5010	 2.8182
 0.5000	 2.8241
 0.4990	 2.8282
 0.4980	 2.8282
 0.4970	 2.7412
 0.4960	 2.5585
 0.4950	 2.5501
 0.4940	 2.7412
 0.4930	 2.7375
 0.4920	 2.7393
 0.4910	 2.5585
 0.4900	 2.7412
 0.4890	 2.7375
 0.4880	 2.7393
 0.4870	 2.8353
 0.4860	 2.7466
 0.4850	 2.7502
 0.4840	 2.7519
 0.4830	 2.7663
 0.4820	 2.7681
 0.4810	 2.7591
 0.4800	 2.6732
 0.4790	 2.6699
 0.4780	 2.6732
 0.4770	 2.7663
 0.4760	 2.8537
 0.4750	 2.8480
 0.4740	 2.7676
 0.4730	 2.7762
 0.4720	 2.8694
 0.4710	 3.0558
 0.4700	 3.0558
 0.4690	 2.8838
 0.4680	 2.8871
 0.4670	 2.8838
 0.4660	 2.8771
 0.4650	 2.8771
 0.4640	 2.7952
 0.4630	 2.8013
 0.4620	 2.8028
 0.4610	 2.8043
 0.4600	 2.9012
 0.4590	 3.0426
 0.4580	 2.9608
 0.4570	 2.8809
 0.4560	 2.8781
 0.4550	 2.7963
 0.4540	 2.8896
 0.4530	 2.8824
 0.4520	 2.8856
 0.4510	 2.8856
 0.4500	 2.7211
 0.4490	 2.9042
 0.4480	 2.9989
 0.4470	 2.9138
 0.4460	 2.8226
 0.4450	 2.9184
 0.4440	 2.9149
 0.4430	 2.9195
 0.4420	 2.9184
 0.4410	 2.8336
 0.4400	 2.8431
 0.4390	 2.8450
 0.4380	 2.8431
 0.4370	 2.8395
 0.4360	 2.7613
 0.4350	 2.7633
 0.4340	 2.6774
 0.4330	 2.6780
 0.4320	 2.6785
 0.4310	 2.6769
 0.4300	 2.8642
 0.4290	 2.7780
 0.4280	 2.8706
 0.4270	 2.8719
 0.4260	 2.7848
 0.4250	 3.0569
 0.4240	 2.8781
 0.4230	 2.7862
 0.4220	 2.7884
 0.4210	 2.8829
 0.4200	 2.7944
 0.4190	 2.8876
 0.4180	 2.7109
 0.4170	 2.9910
 0.4160	 2.7164
 0.4150	 2.8034
 0.4140	 2.9036
 0.4130	 2.9029
 0.4120	 2.9958
 0.4110	 2.8224
 0.4100	 2.9159
 0.4090	 2.9159
 0.4080	 2.7416
 0.4070	 2.7404
 0.4060	 2.7409
 0.4050	 2.7396
 0.4040	 2.6453
 0.4030	 2.7442
 0.4020	 2.7435
 0.4010	 2.7427
 0.4000	 2.7427
