       real :: wvseawater(2124) = (/2.0795,2.0803,2.0812,2.082,2.0828,2.0837,2.0845,2.0853, &
      &          2.0862,2.0870,2.0879,2.0887,2.0895,2.0904,2.0912,2.0921, &
      &          2.0929,2.0938,2.0946,2.0955,2.0963,2.0971,2.0980,2.0988, &
      &          2.0997,2.1005,2.1014,2.1023,2.1031,2.1040,2.1048,2.1057, &
      &          2.1065,2.1074,2.1082,2.1091,2.1100,2.1108,2.1117,2.1125, &
      &          2.1134,2.1143,2.1151,2.1160,2.1168,2.1177,2.1186,2.1194, &
      &          2.1203,2.1212,2.1220,2.1229,2.1238,2.1247,2.1255,2.1264, &
      &          2.1273,2.1281,2.1290,2.1299,2.1308,2.1316,2.1325,2.1334, &
      &          2.1343,2.1352,2.1360,2.1369,2.1378,2.1387,2.1396,2.1404, &
      &          2.1413,2.1422,2.1431,2.1440,2.1449,2.1458,2.1466,2.1475, &
      &          2.1484,2.1493,2.1502,2.1511,2.1520,2.1529,2.1538,2.1547, &
      &          2.1556,2.1565,2.1574,2.1583,2.1592,2.1601,2.1610,2.1619, &
      &          2.1628,2.1637,2.1646,2.1655,2.1664,2.1673,2.1682,2.1691, &
      &          2.1700,2.1709,2.1718,2.1727,2.1736,2.1746,2.1755,2.1764, &
      &          2.1773,2.1782,2.1791,2.1800,2.1810,2.1819,2.1828,2.1837, &
      &          2.1846,2.1856,2.1865,2.1874,2.1883,2.1893,2.1902,2.1911, &
      &          2.1920,2.1930,2.1939,2.1948,2.1957,2.1967,2.1976,2.1985, &
      &          2.1995,2.2004,2.2013,2.2023,2.2032,2.2041,2.2051,2.2060, &
      &          2.2070,2.2079,2.2088,2.2098,2.2107,2.2117,2.2126,2.2136, &
      &          2.2145,2.2155,2.2164,2.2173,2.2183,2.2192,2.2202,2.2211, &
      &          2.2221,2.2231,2.2240,2.2250,2.2259,2.2269,2.2278,2.2288, &
      &          2.2297,2.2307,2.2317,2.2326,2.2336,2.2345,2.2355,2.2365, &
      &          2.2374,2.2384,2.2394,2.2403,2.2413,2.2423,2.2433,2.2442, &
      &          2.2452,2.2462,2.2471,2.2481,2.2491,2.2501,2.2510,2.2520, &
      &          2.2530,2.2540,2.2550,2.2559,2.2569,2.2579,2.2589,2.2599, &
      &          2.2609,2.2618,2.2628,2.2638,2.2648,2.2658,2.2668,2.2678, &
      &          2.2688,2.2698,2.2708,2.2718,2.2728,2.2738,2.2747,2.2757, &
      &          2.2767,2.2777,2.2787,2.2798,2.2808,2.2818,2.2828,2.2838, &
      &          2.2848,2.2858,2.2868,2.2878,2.2888,2.2898,2.2908,2.2918, &
      &          2.2929,2.2939,2.2949,2.2959,2.2969,2.2979,2.2990,2.3000, &
      &          2.3010,2.3020,2.3030,2.3041,2.3051,2.3061,2.3071,2.3082, &
      &          2.3092,2.3102,2.3113,2.3123,2.3133,2.3144,2.3154,2.3164, &
      &          2.3175,2.3185,2.3195,2.3206,2.3216,2.3226,2.3237,2.3247, &
      &          2.3258,2.3268,2.3279,2.3289,2.3300,2.3310,2.3321,2.3331, &
      &          2.3342,2.3352,2.3363,2.3373,2.3384,2.3394,2.3405,2.3415, &
      &          2.3426,2.3436,2.3447,2.3458,2.3468,2.3479,2.3490,2.3500, &
      &          2.3511,2.3522,2.3532,2.3543,2.3554,2.3564,2.3575,2.3586, &
      &          2.3597,2.3607,2.3618,2.3629,2.3640,2.3650,2.3661,2.3672, &
      &          2.3683,2.3694,2.3704,2.3715,2.3726,2.3737,2.3748,2.3759, &
      &          2.3770,2.3781,2.3791,2.3802,2.3813,2.3824,2.3835,2.3846, &
      &          2.3857,2.3868,2.3879,2.3890,2.3901,2.3912,2.3923,2.3934, &
      &          2.3945,2.3956,2.3967,2.3979,2.3990,2.4001,2.4012,2.4023, &
      &          2.4034,2.4045,2.4056,2.4068,2.4079,2.4090,2.4101,2.4112, &
      &          2.4124,2.4135,2.4146,2.4157,2.4169,2.4180,2.4191,2.4202, &
      &          2.4214,2.4225,2.4236,2.4248,2.4259,2.4270,2.4282,2.4293, &
      &          2.4305,2.4316,2.4327,2.4339,2.4350,2.4362,2.4373,2.4385, &
      &          2.4396,2.4408,2.4419,2.4431,2.4442,2.4454,2.4465,2.4477, &
      &          2.4488,2.4500,2.4511,2.4523,2.4535,2.4546,2.4558,2.4569, &
      &          2.4581,2.4593,2.4604,2.4616,2.4628,2.4640,2.4651,2.4663, &
      &          2.4675,2.4686,2.4698,2.4710,2.4722,2.4734,2.4745,2.4757, &
      &          2.4769,2.4781,2.4793,2.4805,2.4816,2.4828,2.4840,2.4852, &
      &          2.4864,2.4876,2.4888,2.4900,2.4912,2.4924,2.4936,2.4948, &
      &          2.4960,2.4972,2.4984,2.4996,2.5008,2.5020,2.5032,2.5044, &
      &          2.5056,2.5068,2.5081,2.5093,2.5105,2.5117,2.5129,2.5141, &
      &          2.5154,2.5166,2.5178,2.5190,2.5202,2.5215,2.5227,2.5239, &
      &          2.5252,2.5264,2.5276,2.5289,2.5301,2.5313,2.5326,2.5338, &
      &          2.5350,2.5363,2.5375,2.5388,2.5400,2.5413,2.5425,2.5437, &
      &          2.5450,2.5462,2.5475,2.5487,2.5500,2.5513,2.5525,2.5538, &
      &          2.5550,2.5563,2.5575,2.5588,2.5601,2.5613,2.5626,2.5639, &
      &          2.5651,2.5664,2.5677,2.5690,2.5702,2.5715,2.5728,2.5741, &
      &          2.5753,2.5766,2.5779,2.5792,2.5805,2.5817,2.5830,2.5843, &
      &          2.5856,2.5869,2.5882,2.5895,2.5908,2.5921,2.5934,2.5947, &
      &          2.5960,2.5973,2.5986,2.5999,2.6012,2.6025,2.6038,2.6051, &
      &          2.6064,2.6077,2.6090,2.6103,2.6117,2.6130,2.6143,2.6156, &
      &          2.6169,2.6183,2.6196,2.6209,2.6222,2.6236,2.6249,2.6262, &
      &          2.6275,2.6289,2.6302,2.6315,2.6329,2.6342,2.6356,2.6369, &
      &          2.6382,2.6396,2.6409,2.6423,2.6436,2.6450,2.6463,2.6477, &
      &          2.6490,2.6504,2.6517,2.6531,2.6545,2.6558,2.6572,2.6585, &
      &          2.6599,2.6613,2.6626,2.6640,2.6654,2.6667,2.6681,2.6695, &
      &          2.6709,2.6722,2.6736,2.6750,2.6764,2.6778,2.6791,2.6805, &
      &          2.6819,2.6833,2.6847,2.6861,2.6875,2.6889,2.6903,2.6917, &
      &          2.6931,2.6945,2.6959,2.6973,2.6987,2.7001,2.7015,2.7029, &
      &          2.7043,2.7057,2.7071,2.7085,2.7100,2.7114,2.7128,2.7142, &
      &          2.7156,2.7171,2.7185,2.7199,2.7213,2.7228,2.7242,2.7256, &
      &          2.7271,2.7285,2.7299,2.7314,2.7328,2.7343,2.7357,2.7371, &
      &          2.7386,2.7400,2.7415,2.7429,2.7444,2.7458,2.7473,2.7488, &
      &          2.7502,2.7517,2.7531,2.7546,2.7561,2.7575,2.7590,2.7605, &
      &          2.7619,2.7634,2.7649,2.7664,2.7678,2.7693,2.7708,2.7723, &
      &          2.7738,2.7752,2.7767,2.7782,2.7797,2.7812,2.7827,2.7842, &
      &          2.7857,2.7872,2.7887,2.7902,2.7917,2.7932,2.7947,2.7962, &
      &          2.7977,2.7992,2.8007,2.8022,2.8038,2.8053,2.8068,2.8083, &
      &          2.8098,2.8114,2.8129,2.8144,2.8159,2.8175,2.8190,2.8205, &
      &          2.8221,2.8236,2.8252,2.8267,2.8282,2.8298,2.8313,2.8329, &
      &          2.8344,2.8360,2.8375,2.8391,2.8406,2.8422,2.8437,2.8453, &
      &          2.8469,2.8484,2.8500,2.8516,2.8531,2.8547,2.8563,2.8579, &
      &          2.8594,2.8610,2.8626,2.8642,2.8658,2.8673,2.8689,2.8705, &
      &          2.8721,2.8737,2.8753,2.8769,2.8785,2.8801,2.8817,2.8833, &
      &          2.8849,2.8865,2.8881,2.8897,2.8913,2.8929,2.8946,2.8962, &
      &          2.8978,2.8994,2.9010,2.9027,2.9043,2.9059,2.9075,2.9092, &
      &          2.9108,2.9124,2.9141,2.9157,2.9174,2.9190,2.9207,2.9223, &
      &          2.9239,2.9256,2.9272,2.9289,2.9306,2.9322,2.9339,2.9355, &
      &          2.9372,2.9389,2.9405,2.9422,2.9439,2.9455,2.9472,2.9489, &
      &          2.9506,2.9523,2.9539,2.9556,2.9573,2.9590,2.9607,2.9624, &
      &          2.9641,2.9658,2.9675,2.9692,2.9709,2.9726,2.9743,2.9760, &
      &          2.9777,2.9794,2.9811,2.9828,2.9845,2.9863,2.9880,2.9897, &
      &          2.9914,2.9932,2.9949,2.9966,2.9984,3.0001,3.0018,3.0036, &
      &          3.0053,3.0070,3.0088,3.0105,3.0123,3.0140,3.0158,3.0176, &
      &          3.0193,3.0211,3.0228,3.0246,3.0264,3.0281,3.0299,3.0317, &
      &          3.0334,3.0352,3.0370,3.0388,3.0406,3.0423,3.0441,3.0459, &
      &          3.0477,3.0495,3.0513,3.0531,3.0549,3.0567,3.0585,3.0603, &
      &          3.0621,3.0639,3.0657,3.0675,3.0694,3.0712,3.0730,3.0748, &
      &          3.0766,3.0785,3.0803,3.0821,3.0840,3.0858,3.0876,3.0895, &
      &          3.0913,3.0932,3.0950,3.0969,3.0987,3.1006,3.1024,3.1043, &
      &          3.1061,3.1080,3.1099,3.1117,3.1136,3.1155,3.1174,3.1192, &
      &          3.1211,3.1230,3.1249,3.1268,3.1286,3.1305,3.1324,3.1343, &
      &          3.1362,3.1381,3.1400,3.1419,3.1438,3.1457,3.1476,3.1495, &
      &          3.1515,3.1534,3.1553,3.1572,3.1591,3.1611,3.1630,3.1649, &
      &          3.1669,3.1688,3.1707,3.1727,3.1746,3.1766,3.1785,3.1805, &
      &          3.1824,3.1844,3.1863,3.1883,3.1902,3.1922,3.1942,3.1961, &
      &          3.1981,3.2001,3.2021,3.2040,3.2060,3.2080,3.2100,3.2120, &
      &          3.2140,3.2160,3.2180,3.2200,3.2220,3.2240,3.2260,3.2280, &
      &          3.2300,3.2320,3.2340,3.2361,3.2381,3.2401,3.2421,3.2442, &
      &          3.2462,3.2482,3.2503,3.2523,3.2543,3.2564,3.2584,3.2605, &
      &          3.2625,3.2646,3.2666,3.2687,3.2708,3.2728,3.2749,3.2770, &
      &          3.2790,3.2811,3.2832,3.2853,3.2874,3.2894,3.2915,3.2936, &
      &          3.2957,3.2978,3.2999,3.3020,3.3041,3.3062,3.3083,3.3104, &
      &          3.3126,3.3147,3.3168,3.3189,3.3210,3.3232,3.3253,3.3274, &
      &          3.3296,3.3317,3.3339,3.3360,3.3382,3.3403,3.3425,3.3446, &
      &          3.3468,3.3489,3.3511,3.3533,3.3554,3.3576,3.3598,3.3620, &
      &          3.3641,3.3663,3.3685,3.3707,3.3729,3.3751,3.3773,3.3795, &
      &          3.3817,3.3839,3.3861,3.3883,3.3906,3.3928,3.3950,3.3972, &
      &          3.3994,3.4017,3.4039,3.4061,3.4084,3.4106,3.4129,3.4151, &
      &          3.4174,3.4196,3.4219,3.4241,3.4264,3.4287,3.4309,3.4332, &
      &          3.4355,3.4378,3.4400,3.4423,3.4446,3.4469,3.4492,3.4515, &
      &          3.4538,3.4561,3.4584,3.4607,3.4630,3.4653,3.4677,3.4700, &
      &          3.4723,3.4746,3.4770,3.4793,3.4816,3.4840,3.4863,3.4887, &
      &          3.4910,3.4934,3.4957,3.4981,3.5004,3.5028,3.5052,3.5075, &
      &          3.5099,3.5123,3.5147,3.5171,3.5195,3.5218,3.5242,3.5266, &
      &          3.5290,3.5314,3.5338,3.5363,3.5387,3.5411,3.5435,3.5459, &
      &          3.5484,3.5508,3.5532,3.5557,3.5581,3.5605,3.5630,3.5654, &
      &          3.5679,3.5704,3.5728,3.5753,3.5777,3.5802,3.5827,3.5852, &
      &          3.5876,3.5901,3.5926,3.5951,3.5976,3.6001,3.6026,3.6051, &
      &          3.6076,3.6101,3.6127,3.6152,3.6177,3.6202,3.6227,3.6253, &
      &          3.6278,3.6304,3.6329,3.6355,3.6380,3.6406,3.6431,3.6457, &
      &          3.6482,3.6508,3.6534,3.6560,3.6585,3.6611,3.6637,3.6663, &
      &          3.6689,3.6715,3.6741,3.6767,3.6793,3.6819,3.6845,3.6872, &
      &          3.6898,3.6924,3.6950,3.6977,3.7003,3.7030,3.7056,3.7083, &
      &          3.7109,3.7136,3.7162,3.7189,3.7216,3.7242,3.7269,3.7296, &
      &          3.7323,3.7350,3.7377,3.7404,3.7431,3.7458,3.7485,3.7512, &
      &          3.7539,3.7566,3.7594,3.7621,3.7648,3.7676,3.7703,3.7730, &
      &          3.7758,3.7785,3.7813,3.7841,3.7868,3.7896,3.7924,3.7951, &
      &          3.7979,3.8007,3.8035,3.8063,3.8091,3.8119,3.8147,3.8175, &
      &          3.8203,3.8231,3.8259,3.8288,3.8316,3.8344,3.8373,3.8401, &
      &          3.8430,3.8458,3.8487,3.8515,3.8544,3.8573,3.8601,3.8630, &
      &          3.8659,3.8688,3.8717,3.8746,3.8775,3.8804,3.8833,3.8862, &
      &          3.8891,3.8920,3.8949,3.8979,3.9008,3.9037,3.9067,3.9096, &
      &          3.9126,3.9155,3.9185,3.9214,3.9244,3.9274,3.9304,3.9333, &
      &          3.9363,3.9393,3.9423,3.9453,3.9483,3.9513,3.9544,3.9574, &
      &          3.9604,3.9634,3.9665,3.9695,3.9725,3.9756,3.9786,3.9817, &
      &          3.9847,3.9878,3.9909,3.9940,3.9970,4.0001,4.0032,4.0063, &
      &          4.0094,4.0125,4.0156,4.0187,4.0218,4.0250,4.0281,4.0312, &
      &          4.0344,4.0375,4.0406,4.0438,4.0470,4.0501,4.0533,4.0565, &
      &          4.0596,4.0628,4.0660,4.0692,4.0724,4.0756,4.0788,4.0820, &
      &          4.0852,4.0884,4.0917,4.0949,4.0981,4.1014,4.1046,4.1079, &
      &          4.1111,4.1144,4.1177,4.1209,4.1242,4.1275,4.1308,4.1341, &
      &          4.1374,4.1407,4.1440,4.1473,4.1506,4.1540,4.1573,4.1606, &
      &          4.1640,4.1673,4.1707,4.1740,4.1774,4.1808,4.1841,4.1875, &
      &          4.1909,4.1943,4.1977,4.2011,4.2045,4.2079,4.2113,4.2148, &
      &          4.2182,4.2216,4.2251,4.2285,4.2320,4.2354,4.2389,4.2424, &
      &          4.2458,4.2493,4.2528,4.2563,4.2598,4.2633,4.2668,4.2703, &
      &          4.2738,4.2774,4.2809,4.2844,4.2880,4.2915,4.2951,4.2986, &
      &          4.3022,4.3058,4.3094,4.3129,4.3165,4.3201,4.3237,4.3273, &
      &          4.3310,4.3346,4.3382,4.3418,4.3455,4.3491,4.3528,4.3564, &
      &          4.3601,4.3638,4.3674,4.3711,4.3748,4.3785,4.3822,4.3859, &
      &          4.3896,4.3934,4.3971,4.4008,4.4045,4.4083,4.4120,4.4158, &
      &          4.4196,4.4233,4.4271,4.4309,4.4347,4.4385,4.4423,4.4461, &
      &          4.4499,4.4537,4.4576,4.4614,4.4652,4.4691,4.4730,4.4768, &
      &          4.4807,4.4846,4.4884,4.4923,4.4962,4.5001,4.5040,4.5080, &
      &          4.5119,4.5158,4.5197,4.5237,4.5276,4.5316,4.5356,4.5395, &
      &          4.5435,4.5475,4.5515,4.5555,4.5595,4.5635,4.5675,4.5716, &
      &          4.5756,4.5796,4.5837,4.5877,4.5918,4.5959,4.6000,4.6040, &
      &          4.6081,4.6122,4.6163,4.6205,4.6246,4.6287,4.6328,4.6370, &
      &          4.6411,4.6453,4.6495,4.6536,4.6578,4.6620,4.6662,4.6704, &
      &          4.6746,4.6788,4.6831,4.6873,4.6915,4.6958,4.7000,4.7043, &
      &          4.7086,4.7129,4.7172,4.7215,4.7258,4.7301,4.7344,4.7387, &
      &          4.7431,4.7474,4.7517,4.7561,4.7605,4.7648,4.7692,4.7736, &
      &          4.7780,4.7824,4.7868,4.7913,4.7957,4.8001,4.8046,4.8090, &
      &          4.8135,4.8180,4.8225,4.8270,4.8315,4.8360,4.8405,4.8450, &
      &          4.8495,4.8541,4.8586,4.8632,4.8678,4.8723,4.8769,4.8815, &
      &          4.8861,4.8907,4.8953,4.9000,4.9046,4.9092,4.9139,4.9186, &
      &          4.9232,4.9279,4.9326,4.9373,4.9420,4.9467,4.9514,4.9562, &
      &          4.9609,4.9657,4.9704,4.9752,4.9800,4.9848,4.9896,4.9944, &
      &          4.9992,5.0040,5.0088,5.0137,5.0185,5.0234,5.0283,5.0332, &
      &          5.0380,5.0430,5.0479,5.0528,5.0577,5.0627,5.0676,5.0726, &
      &          5.0775,5.0825,5.0875,5.0925,5.0975,5.1025,5.1075,5.1126, &
      &          5.1176,5.1227,5.1277,5.1328,5.1379,5.1430,5.1481,5.1532, &
      &          5.1584,5.1635,5.1686,5.1738,5.1790,5.1842,5.1893,5.1945, &
      &          5.1998,5.2050,5.2102,5.2154,5.2207,5.2260,5.2312,5.2365, &
      &          5.2418,5.2471,5.2524,5.2578,5.2631,5.2684,5.2738,5.2792, &
      &          5.2846,5.2900,5.2954,5.3008,5.3062,5.3116,5.3171,5.3225, &
      &          5.3280,5.3335,5.3390,5.3445,5.3500,5.3555,5.3611,5.3666, &
      &          5.3722,5.3778,5.3833,5.3889,5.3945,5.4002,5.4058,5.4114, &
      &          5.4171,5.4228,5.4284,5.4341,5.4398,5.4455,5.4513,5.4570, &
      &          5.4628,5.4685,5.4743,5.4801,5.4859,5.4917,5.4975,5.5033, &
      &          5.5092,5.5151,5.5209,5.5268,5.5327,5.5386,5.5445,5.5505, &
      &          5.5564,5.5624,5.5684,5.5744,5.5804,5.5864,5.5924,5.5984, &
      &          5.6045,5.6106,5.6166,5.6227,5.6288,5.6349,5.6411,5.6472, &
      &          5.6534,5.6596,5.6657,5.6719,5.6782,5.6844,5.6906,5.6969, &
      &          5.7031,5.7094,5.7157,5.7220,5.7283,5.7347,5.7410,5.7474, &
      &          5.7538,5.7602,5.7666,5.7730,5.7794,5.7859,5.7924,5.7988, &
      &          5.8053,5.8118,5.8184,5.8249,5.8314,5.8380,5.8446,5.8512, &
      &          5.8578,5.8644,5.8711,5.8777,5.8844,5.8911,5.8978,5.9045, &
      &          5.9112,5.9180,5.9247,5.9315,5.9383,5.9451,5.9520,5.9588, &
      &          5.9657,5.9725,5.9794,5.9863,5.9932,6.0002,6.0071,6.0141, &
      &          6.0211,6.0281,6.0351,6.0421,6.0492,6.0563,6.0633,6.0704, &
      &          6.0776,6.0847,6.0918,6.0990,6.1062,6.1134,6.1206,6.1278, &
      &          6.1351,6.1424,6.1496,6.1570,6.1643,6.1716,6.1790,6.1863, &
      &          6.1937,6.2011,6.2086,6.2160,6.2235,6.2310,6.2385,6.2460, &
      &          6.2535,6.2611,6.2686,6.2762,6.2838,6.2914,6.2991,6.3068, &
      &          6.3144,6.3221,6.3299,6.3376,6.3454,6.3531,6.3609,6.3687, &
      &          6.3766,6.3844,6.3923,6.4002,6.4081,6.4160,6.4240,6.4320, &
      &          6.4399,6.4480,6.4560,6.4640,6.4721,6.4802,6.4883,6.4964, &
      &          6.5046,6.5128,6.5209,6.5292,6.5374,6.5456,6.5539,6.5622, &
      &          6.5705,6.5789,6.5872,6.5956,6.6040,6.6124,6.6209,6.6294, &
      &          6.6378,6.6464,6.6549,6.6634,6.6720,6.6806,6.6892,6.6979, &
      &          6.7065,6.7152,6.7239,6.7327,6.7414,6.7502,6.7590,6.7678, &
      &          6.7767,6.7855,6.7944,6.8034,6.8123,6.8213,6.8302,6.8393, &
      &          6.8483,6.8573,6.8664,6.8755,6.8847,6.8938,6.9030,6.9122, &
      &          6.9214,6.9307,6.9400,6.9493,6.9586,6.9679,6.9773,6.9867, &
      &          6.9962,7.0056,7.0151,7.0246,7.0341,7.0437,7.0533,7.0629, &
      &          7.0725,7.0822,7.0919,7.1016,7.1113,7.1211,7.1309,7.1407, &
      &          7.1506,7.1604,7.1703,7.1803,7.1902,7.2002,7.2102,7.2203, &
      &          7.2303,7.2404,7.2506,7.2607,7.2709,7.2811,7.2914,7.3016, &
      &          7.3119,7.3223,7.3326,7.3430,7.3534,7.3639,7.3743,7.3848, &
      &          7.3954,7.4059,7.4165,7.4272,7.4378,7.4485,7.4592,7.4700, &
      &          7.4807,7.4916,7.5024,7.5133,7.5242,7.5351,7.5461,7.5571, &
      &          7.5681,7.5792,7.5903,7.6014,7.6126,7.6238,7.6350,7.6462, &
      &          7.6575,7.6689,7.6802,7.6916,7.7031,7.7145,7.7260,7.7375, &
      &          7.7491,7.7607,7.7723,7.7840,7.7957,7.8075,7.8192,7.8310, &
      &          7.8429,7.8548,7.8667,7.8786,7.8906,7.9027,7.9147,7.9268, &
      &          7.9390,7.9512,7.9634,7.9756,7.9879,8.0002,8.0126,8.0250, &
      &          8.0374,8.0499,8.0624,8.0750,8.0876,8.1002,8.1129,8.1256, &
      &          8.1384,8.1512,8.1640,8.1769,8.1898,8.2028,8.2158,8.2288, &
      &          8.2419,8.2550,8.2682,8.2814,8.2946,8.3079,8.3213,8.3347, &
      &          8.3481,8.3615,8.3750,8.3886,8.4022,8.4158,8.4295,8.4432, &
      &          8.4570,8.4708,8.4847,8.4986,8.5126,8.5266,8.5406,8.5547, &
      &          8.5688,8.5830,8.5973,8.6116,8.6259,8.6403,8.6547,8.6692, &
      &          8.6837,8.6982,8.7129,8.7275,8.7422,8.7570,8.7718,8.7867, &
      &          8.8016,8.8166,8.8316,8.8467,8.8618,8.8770,8.8922,8.9075, &
      &          8.9228,8.9382,8.9536,8.9691,8.9847,9.0003,9.0159,9.0316, &
      &          9.0474,9.0632,9.0791,9.0950,9.1110,9.1270,9.1431,9.1593, &
      &          9.1755,9.1918,9.2081,9.2245,9.2409,9.2574,9.2740,9.2906, &
      &          9.3073,9.3240,9.3408,9.3577,9.3746,9.3916,9.4086,9.4257, &
      &          9.4429,9.4601,9.4774,9.4948,9.5122,9.5297,9.5472,9.5649, &
      &          9.5825,9.6003,9.6181,9.6360,9.6539,9.6719,9.6900,9.7082, &
      &          9.7264,9.7447,9.7630,9.7814,9.7999,9.8185,9.8371,9.8558, &
      &          9.8746,9.8934,9.9123,9.9313,9.9504,9.9695,9.9887,10.0080, &
      &          10.0274,10.0468,10.0663,10.0859,10.1056,10.1253,10.1451,10.1650, &
      &          10.1850,10.2050,10.2251,10.2454,10.2656,10.2860,10.3065,10.3270, &
      &          10.3476,10.3683,10.3891,10.4099,10.4309,10.4519,10.4730,10.4942, &
      &          10.5155,10.5369,10.5584,10.5799,10.6015,10.6233,10.6451,10.6670, &
      &          10.6890,10.7111,10.7332,10.7555,10.7779,10.8003,10.8229,10.8455, &
      &          10.8682,10.8911,10.9140,10.9370,10.9602,10.9834,11.0067,11.0301, &
      &          11.0536,11.0773,11.1010,11.1248,11.1487,11.1727,11.1969,11.2211, &
      &          11.2455,11.2699,11.2944,11.3191,11.3439,11.3688,11.3937,11.4188, &
      &          11.4440,11.4694,11.4948,11.5203,11.5460,11.5718,11.5977,11.6237, &
      &          11.6498,11.6760,11.7024,11.7289,11.7555,11.7822,11.8090,11.8360, &
      &          11.8631,11.8903,11.9176,11.9450,11.9726,12.0004,12.0282,12.0562, &
      &          12.0843,12.1125,12.1409,12.1694,12.1980,12.2268,12.2557,12.2847, &
      &          12.3139,12.3432,12.3727,12.4023,12.4320,12.4619,12.4919,12.5221, &
      &          12.5524,12.5829,12.6135,12.6443,12.6752,12.7063,12.7375,12.7688, &
      &          12.8004,12.8321,12.8639,12.8959,12.9281,12.9604,12.9929,13.0255, &
      &          13.0583,13.0913,13.1244,13.1577,13.1912,13.2249,13.2587,13.2927, &
      &          13.3269,13.3612,13.3957,13.4304,13.4653,13.5004,13.5356,13.5711, &
      &          13.6067,13.6425,13.6785,13.7147,13.7511,13.7876,13.8244,13.8614, &
      &          13.8985,13.9359,13.9734,14.0112 /)


       real :: seawater(2124) = (/2.0276,2.033,2.0049,2.0081,2.0334,1.9922,1.9714,2.0, &
      &          2.0095,1.9978,1.9885,1.9907,2.0188,2.0303,2.0098,2.0264, &
      &          2.0330,1.9976,1.9856,1.9722,1.9844,2.0012,1.9976,1.9939, &
      &          1.9956,2.0063,2.0115,2.0139,2.0068,1.9990,1.9871,1.9783, &
      &          1.9680,1.9668,1.9836,2.0098,2.0185,2.0310,2.0122,1.9897, &
      &          2.0046,2.0112,2.0054,1.9958,1.9985,2.0056,1.9958,1.9824, &
      &          1.9834,1.9839,1.9839,1.9856,1.9922,1.9954,1.9734,1.9790, &
      &          1.9678,1.9629,1.9582,1.9595,1.9917,2.0066,2.0068,2.0151, &
      &          1.9912,1.9780,1.9858,1.9683,1.9619,1.9751,1.9983,1.9998, &
      &          1.9619,1.9568,1.9602,1.9451,1.9477,1.9695,1.9946,1.9910, &
      &          1.9800,1.9780,1.9536,1.9465,1.9639,1.9761,1.9853,1.9756, &
      &          1.9729,1.9646,1.9499,1.9602,1.9617,1.9619,1.9536,1.9338, &
      &          1.9412,1.9624,1.9687,1.9636,1.9644,1.9673,1.9421,1.9402, &
      &          1.9482,1.9377,1.9343,1.9653,1.9509,1.9360,1.9570,1.9631, &
      &          1.9644,1.9639,1.9529,1.9477,1.9582,1.9519,1.9228,1.9258, &
      &          1.9438,1.9416,1.9290,1.9250,1.9355,1.9224,1.9228,1.9477, &
      &          1.9377,1.9377,1.9536,1.9602,1.9370,1.9316,1.9414,1.9302, &
      &          1.9221,1.9338,1.9311,1.9233,1.9341,1.9329,1.9258,1.9426, &
      &          1.9473,1.9336,1.9268,1.9326,1.9360,1.9431,1.9402,1.9060, &
      &          1.8970,1.9072,1.9202,1.9211,1.9097,1.8994,1.9082,1.9241, &
      &          1.9189,1.9143,1.9199,1.9302,1.9167,1.9202,1.9175,1.9028, &
      &          1.9209,1.9172,1.9170,1.9209,1.9163,1.9048,1.8970,1.8933, &
      &          1.9045,1.9158,1.9021,1.9038,1.9038,1.8899,1.8909,1.8967, &
      &          1.9001,1.9204,1.9189,1.9067,1.9138,1.9185,1.8987,1.8962, &
      &          1.9060,1.9004,1.8779,1.8667,1.8801,1.8938,1.8928,1.8943, &
      &          1.8811,1.8718,1.8662,1.8760,1.8855,1.8935,1.8838,1.8660, &
      &          1.8672,1.8740,1.8857,1.8782,1.8638,1.8850,1.8899,1.8735, &
      &          1.8735,1.8723,1.8735,1.8774,1.8625,1.8603,1.8713,1.8672, &
      &          1.8552,1.8769,1.8845,1.8708,1.8638,1.8579,1.8547,1.8677, &
      &          1.8606,1.8376,1.8342,1.8528,1.8623,1.8503,1.8379,1.8645, &
      &          1.8748,1.8557,1.8535,1.8665,1.8638,1.8445,1.8403,1.8672, &
      &          1.8608,1.8489,1.8428,1.8450,1.8394,1.8467,1.8599,1.8479, &
      &          1.8372,1.8413,1.8496,1.8484,1.8430,1.8369,1.8230,1.8357, &
      &          1.8367,1.8140,1.8127,1.8281,1.8530,1.8540,1.8284,1.8247, &
      &          1.8301,1.8242,1.8235,1.8101,1.8022,1.8105,1.8113,1.8171, &
      &          1.8311,1.8428,1.8210,1.8113,1.8098,1.8064,1.8132,1.8203, &
      &          1.8262,1.8118,1.8015,1.8169,1.8293,1.8318,1.8135,1.8042, &
      &          1.8000,1.8018,1.8123,1.8083,1.7949,1.7742,1.7729,1.7974, &
      &          1.8149,1.8118,1.7942,1.7847,1.7798,1.7778,1.7866,1.7878, &
      &          1.7729,1.7725,1.7749,1.7729,1.7839,1.7895,1.7800,1.7717, &
      &          1.7756,1.7830,1.7776,1.7778,1.7749,1.7744,1.7800,1.7810, &
      &          1.7886,1.7856,1.7839,1.7893,1.7712,1.7480,1.7515,1.7620, &
      &          1.7744,1.7764,1.7500,1.7519,1.7600,1.7468,1.7295,1.7178, &
      &          1.7307,1.7507,1.7344,1.7317,1.7400,1.7427,1.7217,1.7266, &
      &          1.7422,1.7395,1.7339,1.7292,1.7397,1.7546,1.7356,1.7266, &
      &          1.7368,1.7407,1.7373,1.7231,1.7104,1.7095,1.7087,1.7063, &
      &          1.6982,1.7039,1.7165,1.7185,1.7251,1.7095,1.6865,1.6919, &
      &          1.6907,1.6916,1.6934,1.6868,1.6904,1.6960,1.6870,1.6929, &
      &          1.6999,1.6951,1.6838,1.6821,1.6677,1.6636,1.6728,1.6777, &
      &          1.6790,1.6848,1.6758,1.6645,1.6741,1.6680,1.6477,1.6523, &
      &          1.6570,1.6611,1.6604,1.6545,1.6494,1.6519,1.6416,1.6411, &
      &          1.6416,1.6484,1.6414,1.6313,1.6235,1.6189,1.6206,1.6311, &
      &          1.6387,1.6394,1.6226,1.6121,1.6189,1.6184,1.6147,1.6174, &
      &          1.6167,1.6147,1.6062,1.5930,1.5749,1.5767,1.5930,1.5876, &
      &          1.5779,1.5847,1.5832,1.5881,1.5747,1.5864,1.5840,1.5549, &
      &          1.5623,1.5679,1.5574,1.5493,1.5188,1.4919,1.4929,1.5193, &
      &          1.4949,1.4685,1.5320,1.5603,1.5481,1.5041,1.4448,1.4465, &
      &          1.4829,1.5093,1.4665,1.4600,1.4573,1.4141,1.3782,1.4353, &
      &          1.5100,1.5164,1.5090,1.4636,1.3130,1.1960,1.1897,1.2041, &
      &          1.3086,1.4397,1.4233,1.3174,1.3027,1.3689,1.2686,1.2578, &
      &          1.3108,1.2517,1.3274,1.4143,1.3228,1.2771,1.1763,1.1350, &
      &          1.2424,1.2065,1.2124,1.2881,1.3538,1.3030,1.0725,0.8372, &
      &          0.9636,1.2375,1.3713,1.3582,1.2739,1.2056,1.1162,1.0359, &
      &          1.0835,1.1750,1.1953,1.2368,1.2908,1.2581,1.2622,1.1401, &
      &          1.0127,1.1248,1.0955,1.0977,1.2759,1.3459,1.2742,1.1318, &
      &          1.1511,1.1167,0.9853,1.0854,1.1748,1.1816,1.2759,1.3064, &
      &          1.2895,1.2722,1.2358,1.2322,1.2422,1.1763,1.1692,1.2373, &
      &          1.2541,1.2097,1.1060,1.0898,1.1179,1.1062,1.1428,1.1042, &
      &          1.0554,1.0518,1.0588,0.9380,0.7893,0.7749,0.8603,0.7900, &
      &          0.7556,0.9285,0.9927,0.9116,0.7927,0.7898,0.8350,0.9482, &
      &          0.9839,0.9246,0.9102,0.9075,0.9094,0.9377,0.9551,0.9224, &
      &          0.7991,0.7415,0.7988,0.8735,0.8870,0.8376,0.7905,0.8228, &
      &          0.8472,0.8342,0.7949,0.7007,0.5964,0.6128,0.7173,0.7456, &
      &          0.7180,0.6704,0.6230,0.5266,0.5283,0.5769,0.5308,0.5562, &
      &          0.6287,0.6606,0.6643,0.6555,0.6304,0.5771,0.5637,0.5652, &
      &          0.4893,0.4460,0.4805,0.5554,0.6030,0.6252,0.6355,0.6338, &
      &          0.6362,0.6270,0.5996,0.5105,0.4998,0.5857,0.6453,0.6372, &
      &          0.5837,0.5815,0.6057,0.6011,0.5898,0.6135,0.6138,0.6255, &
      &          0.6731,0.7036,0.7007,0.6990,0.6968,0.6943,0.7100,0.7437, &
      &          0.7095,0.6587,0.6936,0.7710,0.8013,0.8044,0.8306,0.8411, &
      &          0.8655,0.8765,0.8340,0.7622,0.7590,0.8472,0.8975,0.9084, &
      &          0.9346,0.9712,0.9707,0.9639,0.9927,1.0156,1.0056,1.0237, &
      &          1.0605,1.1099,1.1460,1.1475,1.1689,1.2148,1.2178,1.2107, &
      &          1.2292,1.2529,1.2620,1.2815,1.3398,1.3867,1.4065,1.4468, &
      &          1.4707,1.4475,1.4697,1.5210,1.5159,1.5366,1.6042,1.6562, &
      &          1.6655,1.6846,1.7126,1.7502,1.7561,1.7803,1.8391,1.8748, &
      &          1.8950,1.9326,1.9751,2.0139,2.0300,2.0310,2.0544,2.1033, &
      &          2.1492,2.1670,2.1765,2.2163,2.2524,2.3076,2.3525,2.3752, &
      &          2.3928,2.3923,2.4033,2.4517,2.4709,2.5129,2.5815,2.6304, &
      &          2.6580,2.6775,2.7070,2.7627,2.7793,2.8057,2.8274,2.8186, &
      &          2.8540,2.9275,2.9560,2.9651,3.0012,3.0351,3.0515,3.0798, &
      &          3.1250,3.1562,3.1587,3.1562,3.1985,3.2461,3.2424,3.2578, &
      &          3.2908,3.3235,3.3298,3.3528,3.3967,3.4153,3.4143,3.4158, &
      &          3.4368,3.4702,3.4734,3.4629,3.4768,3.5051,3.4988,3.5083, &
      &          3.5420,3.5720,3.5666,3.5784,3.6003,3.5886,3.5969,3.6157, &
      &          3.6045,3.6047,3.6221,3.6296,3.6382,3.6582,3.6611,3.6523, &
      &          3.6545,3.6711,3.6780,3.6929,3.7046,3.7075,3.6999,3.6760, &
      &          3.6833,3.6985,3.7190,3.7475,3.7392,3.7390,3.7532,3.7554, &
      &          3.7483,3.7429,3.7490,3.7678,3.7756,3.7829,3.7974,3.8074, &
      &          3.7895,3.7974,3.8088,3.8071,3.8037,3.8191,3.8437,3.8542, &
      &          3.8584,3.8572,3.8579,3.8794,3.9009,3.8762,3.8642,3.8987, &
      &          3.9087,3.9048,3.9014,3.9109,3.9314,3.9341,3.9377,3.9277, &
      &          3.9407,3.9585,3.9646,3.9700,3.9704,3.9675,3.9551,3.9529, &
      &          3.9602,3.9690,3.9648,3.9653,3.9475,3.9475,3.9795,3.9917, &
      &          3.9800,3.9722,3.9585,3.9526,3.9707,3.9790,3.9748,3.9661, &
      &          3.9551,3.9560,3.9556,3.9617,3.9580,3.9407,3.9304,3.9189, &
      &          3.9101,3.9092,3.9162,3.9106,3.8938,3.8806,3.8696,3.8721, &
      &          3.8769,3.8708,3.8628,3.8594,3.8552,3.8467,3.8325,3.8220, &
      &          3.8298,3.8203,3.7981,3.7849,3.7673,3.7690,3.7676,3.7461, &
      &          3.7346,3.7183,3.7031,3.7060,3.6882,3.6680,3.6658,3.6667, &
      &          3.6687,3.6724,3.6587,3.6504,3.6374,3.6111,3.5933,3.5935, &
      &          3.5898,3.5871,3.5749,3.5757,3.5757,3.5637,3.5464,3.5288, &
      &          3.5110,3.5044,3.5029,3.5088,3.5063,3.4990,3.4719,3.4517, &
      &          3.4517,3.4531,3.4538,3.4482,3.4116,3.4001,3.4009,3.3999, &
      &          3.3870,3.3660,3.3711,3.3657,3.3542,3.3562,3.3523,3.3313, &
      &          3.3191,3.2947,3.2793,3.2830,3.2849,3.2954,3.2913,3.2737, &
      &          3.2634,3.2524,3.2412,3.2410,3.2207,3.2109,3.2219,3.2121, &
      &          3.1968,3.1909,3.1682,3.1684,3.1582,3.1492,3.1582,3.1536, &
      &          3.1487,3.1462,3.1265,3.1287,3.1335,3.1182,3.1042,3.0979, &
      &          3.0913,3.0801,3.0640,3.0625,3.0571,3.0486,3.0513,3.0395, &
      &          3.0344,3.0290,3.0344,3.0298,3.0090,3.0078,3.0059,2.9961, &
      &          2.9863,2.9785,2.9829,2.9868,2.9690,2.9541,2.9497,2.9370, &
      &          2.9404,2.9416,2.9265,2.9160,2.9246,2.9214,2.9043,2.9101, &
      &          2.9133,2.8987,2.8889,2.8804,2.8740,2.8740,2.8762,2.8704, &
      &          2.8645,2.8603,2.8489,2.8550,2.8506,2.8391,2.8389,2.8364, &
      &          2.8235,2.8274,2.8274,2.8269,2.8059,2.7959,2.8022,2.7991, &
      &          2.7930,2.7810,2.7749,2.7717,2.7688,2.7781,2.7676,2.7463, &
      &          2.7583,2.7624,2.7529,2.7541,2.7510,2.7417,2.7400,2.7351, &
      &          2.7324,2.7231,2.7236,2.7270,2.7202,2.7070,2.6987,2.7002, &
      &          2.7017,2.7019,2.6997,2.7039,2.7004,2.6872,2.6872,2.6902, &
      &          2.6929,2.6934,2.6765,2.6663,2.6706,2.6623,2.6570,2.6560, &
      &          2.6567,2.6626,2.6650,2.6501,2.6440,2.6406,2.6414,2.6523, &
      &          2.6467,2.6418,2.6309,2.6316,2.6362,2.6326,2.6196,2.6113, &
      &          2.6077,2.6086,2.6150,2.6125,2.6030,2.5928,2.5893,2.5886, &
      &          2.5920,2.5937,2.5930,2.5893,2.5847,2.5781,2.5789,2.5823, &
      &          2.5793,2.5779,2.5774,2.5644,2.5586,2.5703,2.5586,2.5376, &
      &          2.5444,2.5588,2.5518,2.5478,2.5425,2.5444,2.5378,2.5295, &
      &          2.5286,2.5373,2.5449,2.5349,2.5195,2.5229,2.5315,2.5227, &
      &          2.5195,2.5151,2.5166,2.5242,2.5173,2.5159,2.5190,2.5049, &
      &          2.4849,2.4917,2.5027,2.4995,2.4917,2.4936,2.4983,2.4900, &
      &          2.4853,2.4880,2.4829,2.4819,2.4761,2.4827,2.4907,2.4817, &
      &          2.4800,2.4702,2.4651,2.4709,2.4673,2.4626,2.4602,2.4595, &
      &          2.4600,2.4560,2.4509,2.4473,2.4560,2.4548,2.4451,2.4431, &
      &          2.4456,2.4434,2.4329,2.4299,2.4426,2.4424,2.4268,2.4172, &
      &          2.4226,2.4228,2.4211,2.4209,2.4224,2.4202,2.4077,2.4070, &
      &          2.4114,2.4077,2.3982,2.4050,2.4055,2.3948,2.3975,2.4053, &
      &          2.3965,2.3916,2.3894,2.3857,2.3882,2.3840,2.3750,2.3694, &
      &          2.3757,2.3813,2.3840,2.3760,2.3684,2.3669,2.3606,2.3591, &
      &          2.3596,2.3716,2.3664,2.3545,2.3574,2.3616,2.3603,2.3655, &
      &          2.3628,2.3498,2.3445,2.3403,2.3320,2.3384,2.3423,2.3376, &
      &          2.3393,2.3393,2.3408,2.3306,2.3269,2.3328,2.3320,2.3252, &
      &          2.3267,2.3306,2.3291,2.3303,2.3298,2.3203,2.3086,2.3101, &
      &          2.3140,2.3154,2.3152,2.3132,2.3054,2.3086,2.3086,2.3098, &
      &          2.3101,2.3015,2.2986,2.3039,2.3022,2.3035,2.2993,2.2915, &
      &          2.2998,2.2966,2.2876,2.2900,2.2944,2.2893,2.2808,2.2810, &
      &          2.2776,2.2815,2.2815,2.2710,2.2710,2.2749,2.2776,2.2717, &
      &          2.2685,2.2739,2.2695,2.2588,2.2612,2.2598,2.2532,2.2490, &
      &          2.2529,2.2549,2.2488,2.2498,2.2507,2.2493,2.2476,2.2466, &
      &          2.2478,2.2441,2.2327,2.2224,2.2244,2.2278,2.2285,2.2395, &
      &          2.2327,2.2180,2.2241,2.2305,2.2258,2.2202,2.2183,2.2241, &
      &          2.2248,2.2158,2.2124,2.2248,2.2307,2.2234,2.2205,2.2175, &
      &          2.2224,2.2180,2.2153,2.2146,2.2119,2.2148,2.2141,2.2143, &
      &          2.2153,2.2119,2.2085,2.2073,2.2078,2.2102,2.2068,2.2053, &
      &          2.2060,2.2078,2.2060,2.1982,2.1931,2.1909,2.1865,2.1853, &
      &          2.1899,2.2009,2.2039,2.1973,2.1914,2.1916,2.1943,2.1912, &
      &          2.1909,2.1887,2.1794,2.1863,2.1882,2.1846,2.1841,2.1807, &
      &          2.1838,2.1855,2.1882,2.1826,2.1736,2.1685,2.1697,2.1814, &
      &          2.1804,2.1699,2.1706,2.1697,2.1653,2.1709,2.1760,2.1716, &
      &          2.1672,2.1699,2.1716,2.1692,2.1606,2.1538,2.1619,2.1626, &
      &          2.1616,2.1636,2.1641,2.1570,2.1633,2.1682,2.1606,2.1638, &
      &          2.1719,2.1650,2.1604,2.1648,2.1533,2.1479,2.1531,2.1626, &
      &          2.1680,2.1597,2.1580,2.1636,2.1643,2.1540,2.1475,2.1531, &
      &          2.1631,2.1658,2.1592,2.1582,2.1533,2.1565,2.1614,2.1602, &
      &          2.1514,2.1482,2.1584,2.1670,2.1631,2.1545,2.1565,2.1567, &
      &          2.1589,2.1592,2.1523,2.1540,2.1550,2.1536,2.1538,2.1543, &
      &          2.1509,2.1531,2.1562,2.1543,2.1545,2.1582,2.1558,2.1433, &
      &          2.1387,2.1470,2.1479,2.1492,2.1443,2.1409,2.1470,2.1497, &
      &          2.1516,2.1550,2.1545,2.1521,2.1592,2.1553,2.1406,2.1399, &
      &          2.1435,2.1421,2.1450,2.1479,2.1531,2.1479,2.1521,2.1565, &
      &          2.1526,2.1462,2.1343,2.1333,2.1443,2.1367,2.1360,2.1455, &
      &          2.1450,2.1367,2.1367,2.1399,2.1328,2.1318,2.1194,2.0969, &
      &          2.1130,2.1316,2.1323,2.1411,2.1338,2.1272,2.1265,2.1243, &
      &          2.1199,2.1250,2.1269,2.1094,2.0601,2.0735,2.1016,2.1103, &
      &          2.1130,2.1086,2.1089,2.1135,2.1162,2.1130,2.1130,2.1033, &
      &          2.0747,2.0415,2.0664,2.0933,2.0935,2.0959,2.0906,2.0749, &
      &          2.0723,2.0776,2.0762,2.0623,2.0537,2.0054,1.9541,2.0237, &
      &          2.0681,2.0671,2.0608,2.0515,2.0508,2.0554,2.0518,2.0154, &
      &          1.9573,1.9807,1.9248,1.9065,2.0012,2.0305,2.0027,1.9641, &
      &          1.9929,2.0188,2.0207,2.0146,2.0200,2.0054,1.9790,1.9795, &
      &          1.9790,1.9082,1.9160,1.9736,1.9827,1.9873,1.9853,1.9790, &
      &          1.9822,1.9831,1.9702,1.8506,1.7043,1.7800,1.9153,1.9651, &
      &          1.9639,1.9531,1.9443,1.9563,1.9531,1.9436,1.9072,1.8628, &
      &          1.7319,1.6277,1.7932,1.9072,1.8914,1.8835,1.8975,1.8298, &
      &          1.6675,1.7031,1.7571,1.7197,1.8269,1.8767,1.8684,1.8542, &
      &          1.8689,1.8142,1.7563,1.7756,1.8169,1.8157,1.7703,1.6724, &
      &          1.6584,1.7090,1.7134,1.5713,1.4705,1.6284,1.7615,1.7180, &
      &          1.6836,1.6760,1.6484,1.6970,1.6731,1.5276,1.3332,1.4050, &
      &          1.5078,1.5908,1.6682,1.5442,1.5129,1.5706,1.5269,1.5752, &
      &          1.5469,1.3535,1.3208,1.3914,1.4700,1.4624,1.4275,1.3560, &
      &          1.4385,1.3003,1.0662,1.2395,1.4075,1.4956,1.5425,1.4980, &
      &          1.4873,1.3896,1.1094,1.0315,1.1841,1.3503,1.4297,1.3931, &
      &          1.2739,1.2039,1.2217,0.9609,0.9329,1.0317,1.0354,1.2988, &
      &          1.4045,1.3489,1.3213,1.0918,0.9351,1.2043,1.3848,1.4412, &
      &          1.2971,1.3066,1.3965,1.2749,1.3389,1.5950,1.6123,1.5190, &
      &          1.6750,1.8079,1.7571,1.3252,1.0032,1.4512,1.6848,1.4722, &
      &          1.6521,2.0290,2.1523,2.1125,1.8359,1.5759,1.9456,2.3301, &
      &          2.3332,2.2248,2.2319,2.1040,2.1965,2.4021,2.1428,1.9304, &
      &          2.2876,2.4834,2.4385,2.4028,2.4414,2.4482,2.4282,2.4304, &
      &          2.4546,2.4094,2.3630,2.3599,2.3840,2.3774,2.3857,2.3674, &
      &          2.3601,2.3391,2.2905,1.9519,1.7334,2.0564,2.1333,1.8503, &
      &          1.9480,2.0991,2.0854,1.9534,1.3362,1.0708,1.5076,1.7534, &
      &          1.9329,1.9795,2.0061,1.9880,1.7190,1.4900,1.2187,1.2563, &
      &          1.7331,1.8540,1.6777,1.8879,1.9597,1.8081,1.6875,1.6128, &
      &          1.3894,1.5029,1.6145,1.6616,1.8464,1.8359,1.7136,1.3508, &
      &          1.1650,1.5952,1.9746,1.9250,1.7356,1.6499,1.8442,1.9529, &
      &          1.7153,1.6191,1.7637,1.9534,2.0410,2.0041,2.0168,1.8831, &
      &          1.7029,1.5120,1.5544,1.8855,1.9775,1.8064,1.7720,1.9302, &
      &          1.7688,1.3643,1.3264,1.7322,1.9226,1.9290,1.8389,1.8862, &
      &          1.9907,2.0112,1.9998,1.8428,1.5720,1.7107,1.9111,1.8750, &
      &          1.8542,1.9346,1.9075,1.8540,1.7920,1.5666,1.6345,1.8618, &
      &          1.9414,1.9368,1.9558,1.9543,1.8677,1.8462,1.9172,1.8186, &
      &          1.7444,1.7212,1.6733,1.8311,1.9187,1.8091,1.7461,1.8704, &
      &          1.9236,1.9106,1.8835,1.8506,1.7524,1.7461,1.8423,1.8506, &
      &          1.8560,1.8545,1.7319,1.7065,1.8137,1.8613,1.8562,1.8630, &
      &          1.8701,1.8621,1.8555,1.8567,1.8579,1.8262,1.7346,1.7068, &
      &          1.7681,1.8262,1.8506,1.8425,1.8354,1.8386,1.8332,1.8196, &
      &          1.8054,1.7827,1.7852,1.7886,1.7805,1.7978,1.8064,1.7922, &
      &          1.7935,1.7947,1.8030,1.8127,1.8105,1.7976,1.7978,1.7905, &
      &          1.7891,1.7871,1.7949,1.7854,1.7793,1.7817,1.7839,1.7744, &
      &          1.7751,1.7820,1.7642,1.7576,1.7690,1.7688,1.7673,1.7622, &
      &          1.7561,1.7622,1.7632,1.7563,1.7583,1.7686,1.7632,1.7544, &
      &          1.7598,1.7646,1.7581,1.7429,1.7346,1.7427,1.7537,1.7485, &
      &          1.7515,1.7417,1.7334,1.7300,1.7305,1.7419,1.7446,1.7270, &
      &          1.7200,1.7112,1.7202,1.7331,1.7251,1.7104,1.7002,1.6960, &
      &          1.7021,1.7036,1.6946,1.6782,1.6785,1.6790,1.6765,1.6711, &
      &          1.6721,1.6694,1.6643,1.6543,1.6472,1.6433,1.6443,1.6311, &
      &          1.6335,1.6238,1.6267,1.6213,1.6265,1.6250,1.6147,1.6074, &
      &          1.6121,1.5991,1.5894,1.5876,1.5977,1.6018,1.6045,1.5818, &
      &          1.5813,1.5942,1.5959,1.5764,1.5635,1.5579,1.5618,1.5666, &
      &          1.5657,1.5461,1.5493,1.5537,1.5686,1.5725,1.5496,1.5347, &
      &          1.5388,1.5281,1.5200,1.5281,1.5234,1.5100,1.5186,1.5215, &
      &          1.5124,1.5195,1.5288,1.4998,1.4895,1.4827,1.4758,1.4790, &
      &          1.4978,1.4900,1.4692,1.4622,1.4663,1.4375,1.4363,1.4468, &
      &          1.4348,1.4163,1.4243,1.4133,1.3916,1.3765,1.3823,1.3840, &
      &          1.3855,1.3625,1.3594,1.3647,1.3555,1.3286,1.3159,1.3186, &
      &          1.3184,1.2998,1.2905,1.2786,1.2839,1.2795,1.2681,1.2488, &
      &          1.2485,1.2324,1.2234,1.2373,1.2480,1.2168,1.1926,1.1853, &
      &          1.1921,1.2012,1.1782,1.1421,1.1475,1.1462,1.1384,1.1326, &
      &          1.1438,1.1248,1.1064,1.0947,1.0984,1.0823,1.0708,1.0627, &
      &          1.0552,1.0400,1.0322,1.0352,1.0422,1.0207,1.0234,1.0234, &
      &          1.0051,0.9961,1.0051,0.9900,0.9773,0.9697,0.9712,0.9607, &
      &          0.9448,0.9436,0.9568,0.9380,0.9285,0.9343,0.9346,0.9243, &
      &          0.9307,0.9204,0.9087,0.9180,0.9209,0.9053,0.9075,0.9048, &
      &          0.9194,0.9248,0.9207,0.9080,0.9136,0.9048,0.9038,0.9119, &
      &          0.9373,0.9556,0.9582,0.9448,0.9436,0.9504,0.9683,0.9763, &
      &          0.9849,0.9944,1.0200,1.0190,1.0291,1.0547,1.0703,1.0818, &
      &          1.1008,1.1152,1.1562,1.1675,1.1665,1.1992,1.2256,1.2378, &
      &          1.2624,1.2620,1.2778,1.3037,1.3352,1.3691,1.4211,1.4604, &
      &          1.4841,1.5015,1.5239,1.5435,1.5781,1.6111,1.6304,1.6479, &
      &          1.7095,1.7344,1.7581,1.7827,1.8303,1.8784,1.9043,1.9189, &
      &          1.9670,2.0034,2.0469,2.0784,2.1338,2.1724,2.2178,2.2561, &
      &          2.2881,2.3179,2.3599,2.4065,2.4514,2.4548,2.5039,2.5649, &
      &          2.6206,2.6497,2.6904,2.7224,2.7595,2.7869,2.8372,2.8914, &
      &          2.9409,2.9548,3.0049,3.0415,3.0898,3.1182,3.1531,3.1958, &
      &          3.2519,3.2678,3.3098,3.3667,3.4392,3.4790,3.5347,3.5698, &
      &          3.6062,3.6145,3.6462,3.6548 /)
